1|4,130,1,1,1,1,1,1,1,1,1,1,1,1,1,1,1,1,1,1,1,1,1,1,1,1,1,1,1,1,1,1,1,1,1,1,1,1,1,1,1,1,1,1,1,1,1,1,1,1,1,1,1,1,1,1,1,1,1,1,1,1,1,1,1,1,1,1,1,1,1,1,1,1,1,1,1,1,1,1,1,1,1,1,1,1,1,1,1,1,1,1,1,1,1,1,1,1,1,1,1,1,0,0,0,0,0,0,0,0,0,0,0,0,0,0,0,0,0,0,0,0,2|73189&4&120.7013654711352|73190&4&120.66649442763571|73191&4&120.64617438691141|73192&4&120.66094809612451|73193&4&120.66735368315011|73194&4&120.66313859066616|73195&4&120.66880775409794|73196&4&120.68472675304815|73197&4&120.7013654711352|73198&4&120.7173468610959|73199&4&24.348475898800594|73200&4&24.348475898800594|73201&4&24.348475898800594|73202&4&24.348475898800594|73203&4&24.348475898800594|73204&4&24.348475898800594|73205&4&24.348475898800594|73206&4&24.348475898800594|73207&4&24.348475898800594|73208&4&24.348475898800594|73209&4&29.260691252554558|73210&4&29.260691252554558|73211&4&78.69886444594849|73212&4&29.260691252554558|73213&4&29.260691252554558|73214&4&29.260691252554558|73215&4&29.260691252554558|73216&4&29.260691252554558|73217&4&29.260691252554558|73218&4&29.260691252554558|73219&4&34.24522023484553|73220&4&34.24522023484553|73221&4&34.24522023484553|73222&4&34.24522023484553|73223&4&34.24522023484553|73224&4&34.24522023484553|73225&4&34.24522023484553|73226&4&34.24522023484553|73227&4&34.24522023484553|73228&4&34.24522023484553|73229&4&39.302871237987915|73230&4&39.302871237987915|73231&4&39.302871237987915|73232&4&39.302871237987915|73233&4&39.302871237987915|73234&4&39.302871237987915|73235&4&39.302871237987915|73236&4&39.302871237987915|73237&4&39.302871237987915|73238&4&39.302871237987915|73239&4&44.43446071253922|73240&4&44.43446071253922|73241&4&44.43446071253922|73242&4&44.43446071253922|73243&4&44.43446071253922|73244&4&44.43446071253922|73245&4&44.43446071253922|73246&4&44.43446071253922|73247&4&44.43446071253922|73248&4&44.43446071253922|73249&4&49.64081324270167|73250&4&49.64081324270167|73251&4&49.64081324270167|73252&4&49.64081324270167|73253&4&49.64081324270167|73254&4&49.64081324270167|73255&4&49.64081324270167|73256&4&49.64081324270167|73257&4&49.64081324270167|73258&4&49.64081324270167|73259&4&54.922761622401445|73260&4&54.922761622401445|73261&4&54.922761622401445|73262&4&54.922761622401445|73263&4&54.922761622401445|73264&4&54.922761622401445|73265&4&54.922761622401445|73266&4&54.922761622401445|73267&4&54.922761622401445|73268&4&54.922761622401445|73269&4&60.28114693205184|73270&4&60.28114693205184|73271&4&60.28114693205184|73272&4&60.28114693205184|73273&4&60.28114693205184|73274&4&60.28114693205184|73275&4&60.28114693205184|73276&4&60.28114693205184|73277&4&60.28114693205184|73278&4&60.28114693205184|73279&4&65.71681861600574|73280&4&65.71681861600574|73281&4&65.71681861600574|73282&4&65.71681861600574|73283&4&65.71681861600574|73284&4&65.71681861600574|73285&4&65.71681861600574|73286&4&65.71681861600574|73287&4&65.71681861600574|73288&4&65.71681861600574|73289&4&12.721555320860197|73290&4&12.721555320860197|73291&4&3.0276060733412637|73292&4&3.0276060733412637|73293&4&3.6384144500297735|73294&4&3.6384144500297735|73295&4&4.258214649526987|73296&4&4.258214649526987|73297&4&4.887107191203843|73298&4&4.887107191203843|73299&4&5.525193596431819|73300&4&5.525193596431819|73301&4&6.172576397958707|73302&4&6.172576397958707|73303&4&6.829359149368699|73304&4&6.829359149368699|73305&4&7.495646434627456|73306&4&7.495646434627456|73307&4&8.171543877712944|73308&4&8.171543877712944,2|73189&4&65.71681861600574|73190&4&65.71681861600574|73191&4&65.71681861600574|73192&4&65.71681861600574|73193&4&65.71681861600574|73194&4&65.71681861600574|73195&4&65.71681861600574|73196&4&65.71681861600574|73197&4&65.71681861600574|73198&4&65.71681861600574|73199&4&120.66735368315011|73200&4&120.65165469643034|73201&4&120.7173468610959|73202&4&120.66094809612451|73203&4&120.66880775409794|73204&4&120.66107063444281|73205&4&120.7013654711352|73206&4&120.66094809612451|73207&4&120.6643577875364|73208&4&120.66725586304392|73209&4&24.348475898800594|73210&4&24.348475898800594|73211&4&24.348475898800594|73212&4&24.348475898800594|73213&4&24.348475898800594|73214&4&24.348475898800594|73215&4&24.348475898800594|73216&4&24.348475898800594|73217&4&24.348475898800594|73218&4&24.348475898800594|73219&4&29.260691252554558|73220&4&29.260691252554558|73221&4&29.260691252554558|73222&4&29.260691252554558|73223&4&29.260691252554558|73224&4&29.260691252554558|73225&4&29.260691252554558|73226&4&29.260691252554558|73227&4&29.260691252554558|73228&4&29.260691252554558|73229&4&34.24522023484553|73230&4&34.24522023484553|73231&4&34.24522023484553|73232&4&34.24522023484553|73233&4&34.24522023484553|73234&4&34.24522023484553|73235&4&34.24522023484553|73236&4&34.24522023484553|73237&4&34.24522023484553|73238&4&34.24522023484553|73239&4&39.302871237987915|73240&4&39.302871237987915|73241&4&39.302871237987915|73242&4&39.302871237987915|73243&4&39.302871237987915|73244&4&39.302871237987915|73245&4&39.302871237987915|73246&4&39.302871237987915|73247&4&39.302871237987915|73248&4&39.302871237987915|73249&4&44.43446071253922|73250&4&44.43446071253922|73251&4&44.43446071253922|73252&4&44.43446071253922|73253&4&44.43446071253922|73254&4&44.43446071253922|73255&4&44.43446071253922|73256&4&44.43446071253922|73257&4&44.43446071253922|73258&4&44.43446071253922|73259&4&49.64081324270167|73260&4&49.64081324270167|73261&4&49.64081324270167|73262&4&49.64081324270167|73263&4&49.64081324270167|73264&4&49.64081324270167|73265&4&49.64081324270167|73266&4&49.64081324270167|73267&4&49.64081324270167|73268&4&49.64081324270167|73269&4&54.922761622401445|73270&4&54.922761622401445|73271&4&54.922761622401445|73272&4&54.922761622401445|73273&4&54.922761622401445|73274&4&54.922761622401445|73275&4&54.922761622401445|73276&4&54.922761622401445|73277&4&54.922761622401445|73278&4&54.922761622401445|73279&4&60.28114693205184|73280&4&60.28114693205184|73281&4&60.28114693205184|73282&4&60.28114693205184|73283&4&60.28114693205184|73284&4&60.28114693205184|73285&4&60.28114693205184|73286&4&60.28114693205184|73287&4&60.28114693205184|73288&4&60.28114693205184|73289&4&8.171543877712944|73290&4&8.171543877712944|73291&4&12.721555320860197|73292&4&12.721555320860197|73293&4&3.0276060733412637|73294&4&3.0276060733412637|73295&4&3.6384144500297735|73296&4&3.6384144500297735|73297&4&4.258214649526987|73298&4&4.258214649526987|73299&4&4.887107191203843|73300&4&4.887107191203843|73301&4&5.525193596431819|73302&4&5.525193596431819|73303&4&6.172576397958707|73304&4&6.172576397958707|73305&4&6.829359149368699|73306&4&6.829359149368699|73307&4&7.495646434627456|73308&4&7.495646434627456,2|73189&4&60.28114693205184|73190&4&60.28114693205184|73191&4&60.28114693205184|73192&4&60.28114693205184|73193&4&60.28114693205184|73194&4&60.28114693205184|73195&4&60.28114693205184|73196&4&60.28114693205184|73197&4&60.28114693205184|73198&4&60.28114693205184|73199&4&65.71681861600574|73200&4&65.71681861600574|73201&4&65.71681861600574|73202&4&65.71681861600574|73203&4&65.71681861600574|73204&4&65.71681861600574|73205&4&65.71681861600574|73206&4&65.71681861600574|73207&4&65.71681861600574|73208&4&65.71681861600574|73209&4&120.64617438691141|73210&4&120.66234787980954|73211&4&71.230634560704|73212&4&120.66313859066616|73213&4&120.66313859066616|73214&4&120.66735368315011|73215&4&120.69652176675669|73216&4&120.65165469643034|73217&4&120.65131205725544|73218&4&120.64617438691141|73219&4&24.348475898800594|73220&4&24.348475898800594|73221&4&24.348475898800594|73222&4&24.348475898800594|73223&4&24.348475898800594|73224&4&24.348475898800594|73225&4&24.348475898800594|73226&4&24.348475898800594|73227&4&24.348475898800594|73228&4&24.348475898800594|73229&4&29.260691252554558|73230&4&29.260691252554558|73231&4&29.260691252554558|73232&4&29.260691252554558|73233&4&29.260691252554558|73234&4&29.260691252554558|73235&4&29.260691252554558|73236&4&29.260691252554558|73237&4&29.260691252554558|73238&4&29.260691252554558|73239&4&34.24522023484553|73240&4&34.24522023484553|73241&4&34.24522023484553|73242&4&34.24522023484553|73243&4&34.24522023484553|73244&4&34.24522023484553|73245&4&34.24522023484553|73246&4&34.24522023484553|73247&4&34.24522023484553|73248&4&34.24522023484553|73249&4&39.302871237987915|73250&4&39.302871237987915|73251&4&39.302871237987915|73252&4&39.302871237987915|73253&4&39.302871237987915|73254&4&39.302871237987915|73255&4&39.302871237987915|73256&4&39.302871237987915|73257&4&39.302871237987915|73258&4&39.302871237987915|73259&4&44.43446071253922|73260&4&44.43446071253922|73261&4&44.43446071253922|73262&4&44.43446071253922|73263&4&44.43446071253922|73264&4&44.43446071253922|73265&4&44.43446071253922|73266&4&44.43446071253922|73267&4&44.43446071253922|73268&4&44.43446071253922|73269&4&49.64081324270167|73270&4&49.64081324270167|73271&4&49.64081324270167|73272&4&49.64081324270167|73273&4&49.64081324270167|73274&4&49.64081324270167|73275&4&49.64081324270167|73276&4&49.64081324270167|73277&4&49.64081324270167|73278&4&49.64081324270167|73279&4&54.922761622401445|73280&4&54.922761622401445|73281&4&54.922761622401445|73282&4&54.922761622401445|73283&4&54.922761622401445|73284&4&54.922761622401445|73285&4&54.922761622401445|73286&4&54.922761622401445|73287&4&54.922761622401445|73288&4&54.922761622401445|73289&4&7.495646434627456|73290&4&7.495646434627456|73291&4&8.171543877712944|73292&4&8.171543877712944|73293&4&12.721555320860197|73294&4&12.721555320860197|73295&4&3.0276060733412637|73296&4&3.0276060733412637|73297&4&3.6384144500297735|73298&4&3.6384144500297735|73299&4&4.258214649526987|73300&4&4.258214649526987|73301&4&4.887107191203843|73302&4&4.887107191203843|73303&4&5.525193596431819|73304&4&5.525193596431819|73305&4&6.172576397958707|73306&4&6.172576397958707|73307&4&6.829359149368699|73308&4&6.829359149368699,2|73189&4&54.922761622401445|73190&4&54.922761622401445|73191&4&54.922761622401445|73192&4&54.922761622401445|73193&4&54.922761622401445|73194&4&54.922761622401445|73195&4&54.922761622401445|73196&4&54.922761622401445|73197&4&54.922761622401445|73198&4&54.922761622401445|73199&4&60.28114693205184|73200&4&60.28114693205184|73201&4&60.28114693205184|73202&4&60.28114693205184|73203&4&60.28114693205184|73204&4&60.28114693205184|73205&4&60.28114693205184|73206&4&60.28114693205184|73207&4&60.28114693205184|73208&4&60.28114693205184|73209&4&65.71681861600574|73210&4&65.71681861600574|73211&4&65.71681861600574|73212&4&65.71681861600574|73213&4&65.71681861600574|73214&4&65.71681861600574|73215&4&65.71681861600574|73216&4&65.71681861600574|73217&4&65.71681861600574|73218&4&65.71681861600574|73219&4&71.230634560704|73220&4&120.66313859066616|73221&4&120.7173468610959|73222&4&120.65473816878921|73223&4&120.65131205725544|73224&4&120.66455032311632|73225&4&120.66735368315011|73226&4&120.65131205725544|73227&4&120.66455032311632|73228&4&120.66880775409794|73229&4&24.348475898800594|73230&4&24.348475898800594|73231&4&24.348475898800594|73232&4&24.348475898800594|73233&4&24.348475898800594|73234&4&24.348475898800594|73235&4&24.348475898800594|73236&4&24.348475898800594|73237&4&24.348475898800594|73238&4&24.348475898800594|73239&4&29.260691252554558|73240&4&29.260691252554558|73241&4&29.260691252554558|73242&4&29.260691252554558|73243&4&29.260691252554558|73244&4&29.260691252554558|73245&4&29.260691252554558|73246&4&29.260691252554558|73247&4&29.260691252554558|73248&4&29.260691252554558|73249&4&34.24522023484553|73250&4&34.24522023484553|73251&4&34.24522023484553|73252&4&34.24522023484553|73253&4&34.24522023484553|73254&4&34.24522023484553|73255&4&34.24522023484553|73256&4&34.24522023484553|73257&4&34.24522023484553|73258&4&34.24522023484553|73259&4&39.302871237987915|73260&4&39.302871237987915|73261&4&39.302871237987915|73262&4&39.302871237987915|73263&4&39.302871237987915|73264&4&39.302871237987915|73265&4&39.302871237987915|73266&4&39.302871237987915|73267&4&39.302871237987915|73268&4&39.302871237987915|73269&4&44.43446071253922|73270&4&44.43446071253922|73271&4&44.43446071253922|73272&4&44.43446071253922|73273&4&44.43446071253922|73274&4&44.43446071253922|73275&4&44.43446071253922|73276&4&44.43446071253922|73277&4&44.43446071253922|73278&4&44.43446071253922|73279&4&49.64081324270167|73280&4&49.64081324270167|73281&4&49.64081324270167|73282&4&49.64081324270167|73283&4&49.64081324270167|73284&4&49.64081324270167|73285&4&49.64081324270167|73286&4&49.64081324270167|73287&4&49.64081324270167|73288&4&49.64081324270167|73289&4&6.829359149368699|73290&4&6.829359149368699|73291&4&7.495646434627456|73292&4&7.495646434627456|73293&4&8.171543877712944|73294&4&8.171543877712944|73295&4&12.721555320860197|73296&4&12.721555320860197|73297&4&3.0276060733412637|73298&4&3.0276060733412637|73299&4&3.6384144500297735|73300&4&3.6384144500297735|73301&4&4.258214649526987|73302&4&4.258214649526987|73303&4&4.887107191203843|73304&4&4.887107191203843|73305&4&5.525193596431819|73306&4&5.525193596431819|73307&4&6.172576397958707|73308&4&6.172576397958707,2|73189&4&49.64081324270167|73190&4&49.64081324270167|73191&4&49.64081324270167|73192&4&49.64081324270167|73193&4&49.64081324270167|73194&4&49.64081324270167|73195&4&49.64081324270167|73196&4&49.64081324270167|73197&4&49.64081324270167|73198&4&49.64081324270167|73199&4&54.922761622401445|73200&4&54.922761622401445|73201&4&54.922761622401445|73202&4&54.922761622401445|73203&4&54.922761622401445|73204&4&54.922761622401445|73205&4&54.922761622401445|73206&4&54.922761622401445|73207&4&54.922761622401445|73208&4&54.922761622401445|73209&4&60.28114693205184|73210&4&60.28114693205184|73211&4&60.28114693205184|73212&4&60.28114693205184|73213&4&60.28114693205184|73214&4&60.28114693205184|73215&4&60.28114693205184|73216&4&60.28114693205184|73217&4&60.28114693205184|73218&4&60.28114693205184|73219&4&115.15343991834565|73220&4&65.71681861600574|73221&4&65.71681861600574|73222&4&65.71681861600574|73223&4&65.71681861600574|73224&4&65.71681861600574|73225&4&65.71681861600574|73226&4&65.71681861600574|73227&4&65.71681861600574|73228&4&65.71681861600574|73229&4&120.65473816878921|73230&4&120.66649442763571|73231&4&120.69652176675669|73232&4&120.7013654711352|73233&4&120.69652176675669|73234&4&120.7013654711352|73235&4&120.66107063444281|73236&4&120.66234787980954|73237&4&120.6643577875364|73238&4&120.66649442763571|73239&4&24.348475898800594|73240&4&24.348475898800594|73241&4&24.348475898800594|73242&4&24.348475898800594|73243&4&24.348475898800594|73244&4&24.348475898800594|73245&4&24.348475898800594|73246&4&24.348475898800594|73247&4&24.348475898800594|73248&4&24.348475898800594|73249&4&29.260691252554558|73250&4&29.260691252554558|73251&4&29.260691252554558|73252&4&29.260691252554558|73253&4&29.260691252554558|73254&4&29.260691252554558|73255&4&29.260691252554558|73256&4&29.260691252554558|73257&4&29.260691252554558|73258&4&29.260691252554558|73259&4&34.24522023484553|73260&4&34.24522023484553|73261&4&34.24522023484553|73262&4&34.24522023484553|73263&4&34.24522023484553|73264&4&34.24522023484553|73265&4&34.24522023484553|73266&4&34.24522023484553|73267&4&34.24522023484553|73268&4&34.24522023484553|73269&4&39.302871237987915|73270&4&39.302871237987915|73271&4&39.302871237987915|73272&4&39.302871237987915|73273&4&39.302871237987915|73274&4&39.302871237987915|73275&4&39.302871237987915|73276&4&39.302871237987915|73277&4&39.302871237987915|73278&4&39.302871237987915|73279&4&44.43446071253922|73280&4&44.43446071253922|73281&4&44.43446071253922|73282&4&44.43446071253922|73283&4&44.43446071253922|73284&4&44.43446071253922|73285&4&44.43446071253922|73286&4&44.43446071253922|73287&4&44.43446071253922|73288&4&44.43446071253922|73289&4&6.172576397958707|73290&4&6.172576397958707|73291&4&6.829359149368699|73292&4&6.829359149368699|73293&4&7.495646434627456|73294&4&7.495646434627456|73295&4&8.171543877712944|73296&4&8.171543877712944|73297&4&12.721555320860197|73298&4&12.721555320860197|73299&4&3.0276060733412637|73300&4&3.0276060733412637|73301&4&3.6384144500297735|73302&4&3.6384144500297735|73303&4&4.258214649526987|73304&4&4.258214649526987|73305&4&4.887107191203843|73306&4&4.887107191203843|73307&4&5.525193596431819|73308&4&5.525193596431819,2|73189&4&44.43446071253922|73190&4&44.43446071253922|73191&4&44.43446071253922|73192&4&44.43446071253922|73193&4&44.43446071253922|73194&4&44.43446071253922|73195&4&44.43446071253922|73196&4&44.43446071253922|73197&4&44.43446071253922|73198&4&44.43446071253922|73199&4&49.64081324270167|73200&4&49.64081324270167|73201&4&49.64081324270167|73202&4&49.64081324270167|73203&4&49.64081324270167|73204&4&49.64081324270167|73205&4&49.64081324270167|73206&4&49.64081324270167|73207&4&49.64081324270167|73208&4&49.64081324270167|73209&4&54.922761622401445|73210&4&54.922761622401445|73211&4&54.922761622401445|73212&4&54.922761622401445|73213&4&54.922761622401445|73214&4&54.922761622401445|73215&4&54.922761622401445|73216&4&54.922761622401445|73217&4&54.922761622401445|73218&4&54.922761622401445|73219&4&60.28114693205184|73220&4&60.28114693205184|73221&4&60.28114693205184|73222&4&60.28114693205184|73223&4&60.28114693205184|73224&4&60.28114693205184|73225&4&60.28114693205184|73226&4&60.28114693205184|73227&4&60.28114693205184|73228&4&60.28114693205184|73229&4&65.71681861600574|73230&4&65.71681861600574|73231&4&65.71681861600574|73232&4&65.71681861600574|73233&4&65.71681861600574|73234&4&65.71681861600574|73235&4&65.71681861600574|73236&4&65.71681861600574|73237&4&65.71681861600574|73238&4&65.71681861600574|73239&4&120.68472675304815|73240&4&120.65473816878921|73241&4&120.66313859066616|73242&4&120.66313859066616|73243&4&120.68472675304815|73244&4&120.66313859066616|73245&4&120.65523580041645|73246&4&120.66735368315011|73247&4&120.69652176675669|73248&4&120.7173468610959|73249&4&24.348475898800594|73250&4&24.348475898800594|73251&4&24.348475898800594|73252&4&24.348475898800594|73253&4&24.348475898800594|73254&4&24.348475898800594|73255&4&24.348475898800594|73256&4&24.348475898800594|73257&4&24.348475898800594|73258&4&24.348475898800594|73259&4&29.260691252554558|73260&4&29.260691252554558|73261&4&29.260691252554558|73262&4&29.260691252554558|73263&4&29.260691252554558|73264&4&29.260691252554558|73265&4&29.260691252554558|73266&4&29.260691252554558|73267&4&29.260691252554558|73268&4&29.260691252554558|73269&4&34.24522023484553|73270&4&34.24522023484553|73271&4&34.24522023484553|73272&4&34.24522023484553|73273&4&34.24522023484553|73274&4&34.24522023484553|73275&4&34.24522023484553|73276&4&34.24522023484553|73277&4&34.24522023484553|73278&4&34.24522023484553|73279&4&39.302871237987915|73280&4&39.302871237987915|73281&4&39.302871237987915|73282&4&39.302871237987915|73283&4&39.302871237987915|73284&4&39.302871237987915|73285&4&39.302871237987915|73286&4&88.77360214841912|73287&4&39.302871237987915|73288&4&39.302871237987915|73289&4&5.525193596431819|73290&4&5.525193596431819|73291&4&6.172576397958707|73292&4&6.172576397958707|73293&4&6.829359149368699|73294&4&6.829359149368699|73295&4&7.495646434627456|73296&4&7.495646434627456|73297&4&8.171543877712944|73298&4&8.171543877712944|73299&4&12.721555320860197|73300&4&12.721555320860197|73301&4&3.0276060733412637|73302&4&3.0276060733412637|73303&4&3.6384144500297735|73304&4&7.502811618557206|73305&4&4.258214649526987|73306&4&4.258214649526987|73307&4&4.887107191203843|73308&4&4.887107191203843,2|73189&4&39.302871237987915|73190&4&39.302871237987915|73191&4&39.302871237987915|73192&4&39.302871237987915|73193&4&39.302871237987915|73194&4&39.302871237987915|73195&4&39.302871237987915|73196&4&39.302871237987915|73197&4&39.302871237987915|73198&4&39.302871237987915|73199&4&44.43446071253922|73200&4&44.43446071253922|73201&4&44.43446071253922|73202&4&44.43446071253922|73203&4&44.43446071253922|73204&4&44.43446071253922|73205&4&44.43446071253922|73206&4&44.43446071253922|73207&4&44.43446071253922|73208&4&44.43446071253922|73209&4&49.64081324270167|73210&4&49.64081324270167|73211&4&49.64081324270167|73212&4&49.64081324270167|73213&4&49.64081324270167|73214&4&49.64081324270167|73215&4&49.64081324270167|73216&4&49.64081324270167|73217&4&49.64081324270167|73218&4&49.64081324270167|73219&4&54.922761622401445|73220&4&54.922761622401445|73221&4&54.922761622401445|73222&4&54.922761622401445|73223&4&54.922761622401445|73224&4&54.922761622401445|73225&4&54.922761622401445|73226&4&54.922761622401445|73227&4&54.922761622401445|73228&4&54.922761622401445|73229&4&60.28114693205184|73230&4&60.28114693205184|73231&4&60.28114693205184|73232&4&60.28114693205184|73233&4&60.28114693205184|73234&4&60.28114693205184|73235&4&60.28114693205184|73236&4&60.28114693205184|73237&4&60.28114693205184|73238&4&60.28114693205184|73239&4&65.71681861600574|73240&4&65.71681861600574|73241&4&65.71681861600574|73242&4&65.71681861600574|73243&4&65.71681861600574|73244&4&65.71681861600574|73245&4&65.71681861600574|73246&4&65.71681861600574|73247&4&65.71681861600574|73248&4&65.71681861600574|73249&4&120.66798383778331|73250&4&120.66725586304392|73251&4&120.65523580041645|73252&4&120.64617438691141|73253&4&120.66735368315011|73254&4&120.64617438691141|73255&4&120.68472675304815|73256&4&120.7013654711352|73257&4&120.66234787980954|73258&4&120.6643577875364|73259&4&24.348475898800594|73260&4&24.348475898800594|73261&4&24.348475898800594|73262&4&24.348475898800594|73263&4&24.348475898800594|73264&4&24.348475898800594|73265&4&24.348475898800594|73266&4&24.348475898800594|73267&4&24.348475898800594|73268&4&24.348475898800594|73269&4&29.260691252554558|73270&4&29.260691252554558|73271&4&29.260691252554558|73272&4&29.260691252554558|73273&4&29.260691252554558|73274&4&29.260691252554558|73275&4&29.260691252554558|73276&4&29.260691252554558|73277&4&29.260691252554558|73278&4&29.260691252554558|73279&4&34.24522023484553|73280&4&34.24522023484553|73281&4&34.24522023484553|73282&4&34.24522023484553|73283&4&34.24522023484553|73284&4&34.24522023484553|73285&4&34.24522023484553|73286&4&34.24522023484553|73287&4&34.24522023484553|73288&4&34.24522023484553|73289&4&4.887107191203843|73290&4&4.887107191203843|73291&4&5.525193596431819|73292&4&5.525193596431819|73293&4&6.172576397958707|73294&4&6.172576397958707|73295&4&6.829359149368699|73296&4&6.829359149368699|73297&4&7.495646434627456|73298&4&7.495646434627456|73299&4&8.171543877712944|73300&4&8.171543877712944|73301&4&12.721555320860197|73302&4&12.721555320860197|73303&4&3.0276060733412637|73304&4&3.0276060733412637|73305&4&3.6384144500297735|73306&4&3.6384144500297735|73307&4&4.258214649526987|73308&4&4.258214649526987,2|73189&4&34.24522023484553|73190&4&34.24522023484553|73191&4&34.24522023484553|73192&4&34.24522023484553|73193&4&34.24522023484553|73194&4&34.24522023484553|73195&4&34.24522023484553|73196&4&34.24522023484553|73197&4&34.24522023484553|73198&4&34.24522023484553|73199&4&39.302871237987915|73200&4&39.302871237987915|73201&4&39.302871237987915|73202&4&39.302871237987915|73203&4&39.302871237987915|73204&4&39.302871237987915|73205&4&39.302871237987915|73206&4&39.302871237987915|73207&4&39.302871237987915|73208&4&39.302871237987915|73209&4&44.43446071253922|73210&4&44.43446071253922|73211&4&44.43446071253922|73212&4&44.43446071253922|73213&4&44.43446071253922|73214&4&44.43446071253922|73215&4&44.43446071253922|73216&4&44.43446071253922|73217&4&44.43446071253922|73218&4&44.43446071253922|73219&4&49.64081324270167|73220&4&49.64081324270167|73221&4&49.64081324270167|73222&4&49.64081324270167|73223&4&49.64081324270167|73224&4&49.64081324270167|73225&4&49.64081324270167|73226&4&49.64081324270167|73227&4&49.64081324270167|73228&4&49.64081324270167|73229&4&54.922761622401445|73230&4&54.922761622401445|73231&4&54.922761622401445|73232&4&54.922761622401445|73233&4&54.922761622401445|73234&4&54.922761622401445|73235&4&54.922761622401445|73236&4&54.922761622401445|73237&4&54.922761622401445|73238&4&54.922761622401445|73239&4&60.28114693205184|73240&4&60.28114693205184|73241&4&60.28114693205184|73242&4&60.28114693205184|73243&4&60.28114693205184|73244&4&60.28114693205184|73245&4&60.28114693205184|73246&4&60.28114693205184|73247&4&60.28114693205184|73248&4&60.28114693205184|73249&4&65.71681861600574|73250&4&65.71681861600574|73251&4&65.71681861600574|73252&4&65.71681861600574|73253&4&65.71681861600574|73254&4&65.71681861600574|73255&4&65.71681861600574|73256&4&65.71681861600574|73257&4&65.71681861600574|73258&4&65.71681861600574|73259&4&120.66094809612451|73260&4&120.66649442763571|73261&4&120.65131205725544|73262&4&120.68472675304815|73263&4&120.7013654711352|73264&4&120.68472675304815|73265&4&120.68472675304815|73266&4&120.65131205725544|73267&4&120.7173468610959|73268&4&120.66234787980954|73269&4&24.348475898800594|73270&4&24.348475898800594|73271&4&24.348475898800594|73272&4&24.348475898800594|73273&4&24.348475898800594|73274&4&24.348475898800594|73275&4&24.348475898800594|73276&4&24.348475898800594|73277&4&24.348475898800594|73278&4&24.348475898800594|73279&4&29.260691252554558|73280&4&29.260691252554558|73281&4&29.260691252554558|73282&4&29.260691252554558|73283&4&29.260691252554558|73284&4&29.260691252554558|73285&4&29.260691252554558|73286&4&29.260691252554558|73287&4&29.260691252554558|73288&4&29.260691252554558|73289&4&4.258214649526987|73290&4&4.258214649526987|73291&4&4.887107191203843|73292&4&4.887107191203843|73293&4&5.525193596431819|73294&4&5.525193596431819|73295&4&6.172576397958707|73296&4&6.172576397958707|73297&4&6.829359149368699|73298&4&6.829359149368699|73299&4&7.495646434627456|73300&4&7.495646434627456|73301&4&8.171543877712944|73302&4&8.171543877712944|73303&4&12.721555320860197|73304&4&8.857158152332765|73305&4&3.0276060733412637|73306&4&3.0276060733412637|73307&4&3.6384144500297735|73308&4&3.6384144500297735,2|73189&4&29.260691252554558|73190&4&29.260691252554558|73191&4&29.260691252554558|73192&4&29.260691252554558|73193&4&29.260691252554558|73194&4&29.260691252554558|73195&4&29.260691252554558|73196&4&29.260691252554558|73197&4&29.260691252554558|73198&4&29.260691252554558|73199&4&34.24522023484553|73200&4&34.24522023484553|73201&4&34.24522023484553|73202&4&34.24522023484553|73203&4&34.24522023484553|73204&4&34.24522023484553|73205&4&34.24522023484553|73206&4&34.24522023484553|73207&4&34.24522023484553|73208&4&34.24522023484553|73209&4&39.302871237987915|73210&4&39.302871237987915|73211&4&39.302871237987915|73212&4&39.302871237987915|73213&4&39.302871237987915|73214&4&39.302871237987915|73215&4&39.302871237987915|73216&4&39.302871237987915|73217&4&39.302871237987915|73218&4&39.302871237987915|73219&4&44.43446071253922|73220&4&44.43446071253922|73221&4&44.43446071253922|73222&4&44.43446071253922|73223&4&44.43446071253922|73224&4&44.43446071253922|73225&4&44.43446071253922|73226&4&44.43446071253922|73227&4&44.43446071253922|73228&4&44.43446071253922|73229&4&49.64081324270167|73230&4&49.64081324270167|73231&4&49.64081324270167|73232&4&49.64081324270167|73233&4&49.64081324270167|73234&4&49.64081324270167|73235&4&49.64081324270167|73236&4&49.64081324270167|73237&4&49.64081324270167|73238&4&49.64081324270167|73239&4&54.922761622401445|73240&4&54.922761622401445|73241&4&54.922761622401445|73242&4&54.922761622401445|73243&4&54.922761622401445|73244&4&54.922761622401445|73245&4&54.922761622401445|73246&4&54.922761622401445|73247&4&54.922761622401445|73248&4&54.922761622401445|73249&4&60.28114693205184|73250&4&60.28114693205184|73251&4&60.28114693205184|73252&4&60.28114693205184|73253&4&60.28114693205184|73254&4&60.28114693205184|73255&4&60.28114693205184|73256&4&60.28114693205184|73257&4&60.28114693205184|73258&4&60.28114693205184|73259&4&65.71681861600574|73260&4&65.71681861600574|73261&4&65.71681861600574|73262&4&65.71681861600574|73263&4&65.71681861600574|73264&4&65.71681861600574|73265&4&65.71681861600574|73266&4&65.71681861600574|73267&4&65.71681861600574|73268&4&65.71681861600574|73269&4&120.6643577875364|73270&4&120.66313859066616|73271&4&120.66455032311632|73272&4&120.66735368315011|73273&4&120.68472675304815|73274&4&120.65523580041645|73275&4&120.66455032311632|73276&4&120.66880775409794|73277&4&120.66880775409794|73278&4&120.66313859066616|73279&4&24.348475898800594|73280&4&24.348475898800594|73281&4&24.348475898800594|73282&4&24.348475898800594|73283&4&24.348475898800594|73284&4&24.348475898800594|73285&4&24.348475898800594|73286&4&24.348475898800594|73287&4&24.348475898800594|73288&4&24.348475898800594|73289&4&3.6384144500297735|73290&4&3.6384144500297735|73291&4&4.258214649526987|73292&4&4.258214649526987|73293&4&4.887107191203843|73294&4&4.887107191203843|73295&4&5.525193596431819|73296&4&5.525193596431819|73297&4&6.172576397958707|73298&4&6.172576397958707|73299&4&6.829359149368699|73300&4&6.829359149368699|73301&4&7.495646434627456|73302&4&7.495646434627456|73303&4&8.171543877712944|73304&4&8.171543877712944|73305&4&12.721555320860197|73306&4&12.721555320860197|73307&4&3.0276060733412637|73308&4&3.0276060733412637,2|73189&4&24.348475898800594|73190&4&24.348475898800594|73191&4&24.348475898800594|73192&4&24.348475898800594|73193&4&24.348475898800594|73194&4&24.348475898800594|73195&4&24.348475898800594|73196&4&24.348475898800594|73197&4&24.348475898800594|73198&4&24.348475898800594|73199&4&29.260691252554558|73200&4&29.260691252554558|73201&4&29.260691252554558|73202&4&29.260691252554558|73203&4&29.260691252554558|73204&4&29.260691252554558|73205&4&29.260691252554558|73206&4&29.260691252554558|73207&4&29.260691252554558|73208&4&29.260691252554558|73209&4&34.24522023484553|73210&4&34.24522023484553|73211&4&34.24522023484553|73212&4&34.24522023484553|73213&4&34.24522023484553|73214&4&34.24522023484553|73215&4&34.24522023484553|73216&4&34.24522023484553|73217&4&34.24522023484553|73218&4&34.24522023484553|73219&4&39.302871237987915|73220&4&39.302871237987915|73221&4&39.302871237987915|73222&4&39.302871237987915|73223&4&39.302871237987915|73224&4&39.302871237987915|73225&4&39.302871237987915|73226&4&39.302871237987915|73227&4&39.302871237987915|73228&4&39.302871237987915|73229&4&44.43446071253922|73230&4&44.43446071253922|73231&4&44.43446071253922|73232&4&44.43446071253922|73233&4&44.43446071253922|73234&4&44.43446071253922|73235&4&44.43446071253922|73236&4&44.43446071253922|73237&4&44.43446071253922|73238&4&44.43446071253922|73239&4&49.64081324270167|73240&4&49.64081324270167|73241&4&49.64081324270167|73242&4&49.64081324270167|73243&4&49.64081324270167|73244&4&49.64081324270167|73245&4&49.64081324270167|73246&4&49.64081324270167|73247&4&49.64081324270167|73248&4&49.64081324270167|73249&4&54.922761622401445|73250&4&54.922761622401445|73251&4&54.922761622401445|73252&4&54.922761622401445|73253&4&54.922761622401445|73254&4&54.922761622401445|73255&4&54.922761622401445|73256&4&54.922761622401445|73257&4&54.922761622401445|73258&4&54.922761622401445|73259&4&60.28114693205184|73260&4&60.28114693205184|73261&4&60.28114693205184|73262&4&60.28114693205184|73263&4&60.28114693205184|73264&4&60.28114693205184|73265&4&60.28114693205184|73266&4&60.28114693205184|73267&4&60.28114693205184|73268&4&60.28114693205184|73269&4&65.71681861600574|73270&4&65.71681861600574|73271&4&65.71681861600574|73272&4&65.71681861600574|73273&4&65.71681861600574|73274&4&65.71681861600574|73275&4&65.71681861600574|73276&4&65.71681861600574|73277&4&65.71681861600574|73278&4&65.71681861600574|73279&4&120.66107063444281|73280&4&120.66455032311632|73281&4&120.66455032311632|73282&4&120.69652176675669|73283&4&120.69652176675669|73284&4&120.66798383778331|73285&4&120.66313859066616|73286&4&71.230634560704|73287&4&120.7013654711352|73288&4&120.66455032311632|73289&4&3.0276060733412637|73290&4&3.0276060733412637|73291&4&3.6384144500297735|73292&4&3.6384144500297735|73293&4&4.258214649526987|73294&4&4.258214649526987|73295&4&4.887107191203843|73296&4&4.887107191203843|73297&4&5.525193596431819|73298&4&5.525193596431819|73299&4&6.172576397958707|73300&4&6.172576397958707|73301&4&6.829359149368699|73302&4&6.829359149368699|73303&4&7.495646434627456|73304&4&7.495646434627456|73305&4&8.171543877712944|73306&4&8.171543877712944|73307&4&12.721555320860197|73308&4&12.721555320860197
2|4,130,1,1,1,1,1,1,1,1,1,1,1,1,1,1,1,1,1,1,1,1,1,1,1,1,1,1,1,1,1,1,1,1,1,1,1,1,1,1,1,1,1,1,1,1,1,1,1,1,1,1,1,1,1,1,1,1,1,1,1,1,1,1,1,1,1,1,1,1,1,1,1,1,1,1,1,1,1,1,1,1,1,1,1,1,1,1,1,1,1,1,1,1,1,1,1,1,1,1,1,1,0,0,0,0,0,0,0,0,0,0,0,0,0,0,0,0,0,0,0,0,2|73189&4&169.1208185333241|73190&4&169.087519921815|73191&4&174.22939954060877|73192&4&169.36521905891956|73193&4&163.74011549430384|73194&4&164.2942945374782|73195&4&168.73643614091222|73196&4&150.94403083044807|73197&4&169.17472559968016|73198&4&169.37210308357172|73199&4&21.913628308920533|73200&4&21.913628308920533|73201&4&21.913628308920533|73202&4&21.913628308920533|73203&4&21.913628308920533|73204&4&21.913628308920533|73205&4&21.913628308920533|73206&4&21.913628308920533|73207&4&21.913628308920533|73208&4&21.913628308920533|73209&4&24.531089468041596|73210&4&24.531089468041596|73211&4&132.8815054433259|73212&4&24.531089468041596|73213&4&24.531089468041596|73214&4&24.531089468041596|73215&4&24.531089468041596|73216&4&24.531089468041596|73217&4&24.531089468041596|73218&4&24.531089468041596|73219&4&29.48014643694872|73220&4&29.48014643694872|73221&4&29.48014643694872|73222&4&29.48014643694872|73223&4&29.48014643694872|73224&4&29.48014643694872|73225&4&29.48014643694872|73226&4&29.48014643694872|73227&4&29.48014643694872|73228&4&29.48014643694872|73229&4&34.502059386606874|73230&4&34.502059386606874|73231&4&34.502059386606874|73232&4&34.502059386606874|73233&4&34.502059386606874|73234&4&34.502059386606874|73235&4&34.502059386606874|73236&4&34.502059386606874|73237&4&34.502059386606874|73238&4&34.502059386606874|73239&4&39.597642772272835|73240&4&39.597642772272835|73241&4&39.597642772272835|73242&4&39.597642772272835|73243&4&39.597642772272835|73244&4&39.597642772272835|73245&4&39.597642772272835|73246&4&39.597642772272835|73247&4&39.597642772272835|73248&4&39.597642772272835|73249&4&44.76771916788327|73250&4&44.76771916788327|73251&4&44.76771916788327|73252&4&44.76771916788327|73253&4&44.76771916788327|73254&4&44.76771916788327|73255&4&44.76771916788327|73256&4&44.76771916788327|73257&4&44.76771916788327|73258&4&44.76771916788327|73259&4&50.01311934202191|73260&4&50.01311934202191|73261&4&50.01311934202191|73262&4&50.01311934202191|73263&4&50.01311934202191|73264&4&50.01311934202191|73265&4&50.01311934202191|73266&4&50.01311934202191|73267&4&50.01311934202191|73268&4&50.01311934202191|73269&4&55.334682334569465|73270&4&55.334682334569465|73271&4&55.334682334569465|73272&4&55.334682334569465|73273&4&55.334682334569465|73274&4&55.334682334569465|73275&4&55.334682334569465|73276&4&55.334682334569465|73277&4&55.334682334569465|73278&4&55.334682334569465|73279&4&60.73325553404224|73280&4&60.73325553404224|73281&4&60.73325553404224|73282&4&60.73325553404224|73283&4&60.73325553404224|73284&4&60.73325553404224|73285&4&60.73325553404224|73286&4&60.73325553404224|73287&4&60.73325553404224|73288&4&60.73325553404224|73289&4&16.95135876397123|73290&4&17.13417376127623|73291&4&2.7248454660071375|73292&4&2.7248454660071375|73293&4&3.0503131188913226|73294&4&3.0503131188913226|73295&4&3.665702558404997|73296&4&3.665702558404997|73297&4&4.290151259398439|73298&4&4.290151259398439|73299&4&4.923760495137874|73300&4&4.923760495137874|73301&4&5.5666325484050585|73302&4&5.5666325484050585|73303&4&6.218870720943396|73304&4&6.218870720943396|73305&4&6.8805793429889635|73306&4&6.8805793429889635|73307&4&7.551863782887164|73308&4&7.551863782887164,2|73189&4&60.73325553404224|73190&4&60.73325553404224|73191&4&60.73325553404224|73192&4&60.73325553404224|73193&4&60.73325553404224|73194&4&60.73325553404224|73195&4&60.73325553404224|73196&4&60.73325553404224|73197&4&60.73325553404224|73198&4&60.73325553404224|73199&4&162.03953547127583|73200&4&174.76614296286158|73201&4&161.24027477160192|73202&4&169.20228047187857|73203&4&169.01353311926312|73204&4&169.40703668572178|73205&4&162.03974653169843|73206&4&136.35765690429187|73207&4&113.17173182111657|73208&4&164.21736814788886|73209&4&21.913628308920533|73210&4&21.913628308920533|73211&4&21.913628308920533|73212&4&21.913628308920533|73213&4&21.913628308920533|73214&4&21.913628308920533|73215&4&21.913628308920533|73216&4&21.913628308920533|73217&4&21.913628308920533|73218&4&21.913628308920533|73219&4&24.531089468041596|73220&4&24.531089468041596|73221&4&24.531089468041596|73222&4&24.531089468041596|73223&4&24.531089468041596|73224&4&24.531089468041596|73225&4&24.531089468041596|73226&4&24.531089468041596|73227&4&24.531089468041596|73228&4&24.531089468041596|73229&4&29.48014643694872|73230&4&29.48014643694872|73231&4&29.48014643694872|73232&4&29.48014643694872|73233&4&29.48014643694872|73234&4&29.48014643694872|73235&4&29.48014643694872|73236&4&29.48014643694872|73237&4&29.48014643694872|73238&4&29.48014643694872|73239&4&34.502059386606874|73240&4&34.502059386606874|73241&4&34.502059386606874|73242&4&34.502059386606874|73243&4&34.502059386606874|73244&4&34.502059386606874|73245&4&34.502059386606874|73246&4&34.502059386606874|73247&4&34.502059386606874|73248&4&34.502059386606874|73249&4&39.597642772272835|73250&4&39.597642772272835|73251&4&39.597642772272835|73252&4&39.597642772272835|73253&4&39.597642772272835|73254&4&39.597642772272835|73255&4&39.597642772272835|73256&4&39.597642772272835|73257&4&39.597642772272835|73258&4&39.597642772272835|73259&4&44.76771916788327|73260&4&44.76771916788327|73261&4&44.76771916788327|73262&4&44.76771916788327|73263&4&44.76771916788327|73264&4&44.76771916788327|73265&4&44.76771916788327|73266&4&44.76771916788327|73267&4&44.76771916788327|73268&4&44.76771916788327|73269&4&50.01311934202191|73270&4&50.01311934202191|73271&4&50.01311934202191|73272&4&50.01311934202191|73273&4&50.01311934202191|73274&4&50.01311934202191|73275&4&50.01311934202191|73276&4&50.01311934202191|73277&4&50.01311934202191|73278&4&50.01311934202191|73279&4&55.334682334569465|73280&4&55.334682334569465|73281&4&55.334682334569465|73282&4&55.334682334569465|73283&4&55.334682334569465|73284&4&55.334682334569465|73285&4&55.334682334569465|73286&4&55.334682334569465|73287&4&55.334682334569465|73288&4&55.334682334569465|73289&4&7.551863782887164|73290&4&7.551863782887164|73291&4&17.019065001212937|73292&4&17.097197635713066|73293&4&2.7248454660071375|73294&4&2.7248454660071375|73295&4&3.0503131188913226|73296&4&3.0503131188913226|73297&4&3.665702558404997|73298&4&3.665702558404997|73299&4&4.290151259398439|73300&4&4.290151259398439|73301&4&4.923760495137874|73302&4&4.923760495137874|73303&4&5.5666325484050585|73304&4&5.5666325484050585|73305&4&6.218870720943396|73306&4&6.218870720943396|73307&4&6.8805793429889635|73308&4&6.8805793429889635,2|73189&4&55.334682334569465|73190&4&55.334682334569465|73191&4&55.334682334569465|73192&4&55.334682334569465|73193&4&55.334682334569465|73194&4&55.334682334569465|73195&4&55.334682334569465|73196&4&55.334682334569465|73197&4&55.334682334569465|73198&4&55.334682334569465|73199&4&60.73325553404224|73200&4&60.73325553404224|73201&4&60.73325553404224|73202&4&60.73325553404224|73203&4&60.73325553404224|73204&4&60.73325553404224|73205&4&60.73325553404224|73206&4&60.73325553404224|73207&4&60.73325553404224|73208&4&60.73325553404224|73209&4&169.39390187521752|73210&4&169.22687784544013|73211&4&66.20969475562579|73212&4&149.43698014092757|73213&4&162.00107826153607|73214&4&168.28498583807453|73215&4&169.46665591753268|73216&4&164.11516651481384|73217&4&169.2315233105436|73218&4&164.30363731201942|73219&4&21.913628308920533|73220&4&21.913628308920533|73221&4&21.913628308920533|73222&4&21.913628308920533|73223&4&21.913628308920533|73224&4&21.913628308920533|73225&4&21.913628308920533|73226&4&21.913628308920533|73227&4&21.913628308920533|73228&4&21.913628308920533|73229&4&24.531089468041596|73230&4&24.531089468041596|73231&4&24.531089468041596|73232&4&24.531089468041596|73233&4&24.531089468041596|73234&4&24.531089468041596|73235&4&24.531089468041596|73236&4&24.531089468041596|73237&4&24.531089468041596|73238&4&24.531089468041596|73239&4&29.48014643694872|73240&4&29.48014643694872|73241&4&29.48014643694872|73242&4&29.48014643694872|73243&4&29.48014643694872|73244&4&29.48014643694872|73245&4&29.48014643694872|73246&4&29.48014643694872|73247&4&29.48014643694872|73248&4&29.48014643694872|73249&4&34.502059386606874|73250&4&34.502059386606874|73251&4&34.502059386606874|73252&4&34.502059386606874|73253&4&34.502059386606874|73254&4&34.502059386606874|73255&4&34.502059386606874|73256&4&34.502059386606874|73257&4&34.502059386606874|73258&4&34.502059386606874|73259&4&39.597642772272835|73260&4&39.597642772272835|73261&4&39.597642772272835|73262&4&39.597642772272835|73263&4&39.597642772272835|73264&4&39.597642772272835|73265&4&39.597642772272835|73266&4&39.597642772272835|73267&4&39.597642772272835|73268&4&39.597642772272835|73269&4&44.76771916788327|73270&4&44.76771916788327|73271&4&44.76771916788327|73272&4&44.76771916788327|73273&4&44.76771916788327|73274&4&44.76771916788327|73275&4&95.7860572371823|73276&4&44.76771916788327|73277&4&44.76771916788327|73278&4&44.76771916788327|73279&4&50.01311934202191|73280&4&50.01311934202191|73281&4&50.01311934202191|73282&4&50.01311934202191|73283&4&50.01311934202191|73284&4&50.01311934202191|73285&4&50.01311934202191|73286&4&50.01311934202191|73287&4&50.01311934202191|73288&4&50.01311934202191|73289&4&6.8805793429889635|73290&4&6.8805793429889635|73291&4&7.551863782887164|73292&4&7.551863782887164|73293&4&17.01010926259903|73294&4&17.0728148652544|73295&4&2.7248454660071375|73296&4&2.7248454660071375|73297&4&3.0503131188913226|73298&4&3.0503131188913226|73299&4&3.665702558404997|73300&4&3.665702558404997|73301&4&4.290151259398439|73302&4&9.458798700136068|73303&4&4.923760495137874|73304&4&4.923760495137874|73305&4&5.5666325484050585|73306&4&5.5666325484050585|73307&4&6.218870720943396|73308&4&6.218870720943396,2|73189&4&50.01311934202191|73190&4&50.01311934202191|73191&4&50.01311934202191|73192&4&50.01311934202191|73193&4&50.01311934202191|73194&4&50.01311934202191|73195&4&50.01311934202191|73196&4&50.01311934202191|73197&4&50.01311934202191|73198&4&50.01311934202191|73199&4&55.334682334569465|73200&4&55.334682334569465|73201&4&55.334682334569465|73202&4&55.334682334569465|73203&4&55.334682334569465|73204&4&55.334682334569465|73205&4&55.334682334569465|73206&4&55.334682334569465|73207&4&55.334682334569465|73208&4&55.334682334569465|73209&4&60.73325553404224|73210&4&60.73325553404224|73211&4&60.73325553404224|73212&4&60.73325553404224|73213&4&60.73325553404224|73214&4&60.73325553404224|73215&4&60.73325553404224|73216&4&60.73325553404224|73217&4&60.73325553404224|73218&4&60.73325553404224|73219&4&66.20969475562579|73220&4&163.7401866627301|73221&4&164.53569549647287|73222&4&160.02854439587642|73223&4&163.43271791746724|73224&4&151.93046186041943|73225&4&168.97579036614496|73226&4&167.76779710010535|73227&4&162.10532144090058|73228&4&169.4031661974594|73229&4&21.913628308920533|73230&4&21.913628308920533|73231&4&21.913628308920533|73232&4&21.913628308920533|73233&4&21.913628308920533|73234&4&21.913628308920533|73235&4&21.913628308920533|73236&4&21.913628308920533|73237&4&21.913628308920533|73238&4&21.913628308920533|73239&4&24.531089468041596|73240&4&24.531089468041596|73241&4&24.531089468041596|73242&4&24.531089468041596|73243&4&24.531089468041596|73244&4&24.531089468041596|73245&4&24.531089468041596|73246&4&24.531089468041596|73247&4&24.531089468041596|73248&4&24.531089468041596|73249&4&29.48014643694872|73250&4&29.48014643694872|73251&4&85.91002628175626|73252&4&29.48014643694872|73253&4&29.48014643694872|73254&4&29.48014643694872|73255&4&29.48014643694872|73256&4&29.48014643694872|73257&4&29.48014643694872|73258&4&29.48014643694872|73259&4&34.502059386606874|73260&4&34.502059386606874|73261&4&34.502059386606874|73262&4&34.502059386606874|73263&4&34.502059386606874|73264&4&34.502059386606874|73265&4&34.502059386606874|73266&4&34.502059386606874|73267&4&34.502059386606874|73268&4&34.502059386606874|73269&4&39.597642772272835|73270&4&39.597642772272835|73271&4&95.19882758180947|73272&4&39.597642772272835|73273&4&39.597642772272835|73274&4&39.597642772272835|73275&4&39.597642772272835|73276&4&39.597642772272835|73277&4&39.597642772272835|73278&4&39.597642772272835|73279&4&44.76771916788327|73280&4&44.76771916788327|73281&4&44.76771916788327|73282&4&44.76771916788327|73283&4&44.76771916788327|73284&4&44.76771916788327|73285&4&44.76771916788327|73286&4&44.76771916788327|73287&4&44.76771916788327|73288&4&44.76771916788327|73289&4&6.218870720943396|73290&4&6.218870720943396|73291&4&6.8805793429889635|73292&4&6.8805793429889635|73293&4&7.551863782887164|73294&4&7.551863782887164|73295&4&17.068672469484405|73296&4&17.041201095999924|73297&4&2.7248454660071375|73298&4&2.7248454660071375|73299&4&3.0503131188913226|73300&4&3.0503131188913226|73301&4&3.665702558404997|73302&4&3.665702558404997|73303&4&4.290151259398439|73304&4&4.290151259398439|73305&4&4.923760495137874|73306&4&4.923760495137874|73307&4&5.5666325484050585|73308&4&5.5666325484050585,2|73189&4&44.76771916788327|73190&4&44.76771916788327|73191&4&44.76771916788327|73192&4&44.76771916788327|73193&4&44.76771916788327|73194&4&44.76771916788327|73195&4&44.76771916788327|73196&4&44.76771916788327|73197&4&44.76771916788327|73198&4&44.76771916788327|73199&4&50.01311934202191|73200&4&50.01311934202191|73201&4&50.01311934202191|73202&4&50.01311934202191|73203&4&50.01311934202191|73204&4&50.01311934202191|73205&4&50.01311934202191|73206&4&50.01311934202191|73207&4&50.01311934202191|73208&4&50.01311934202191|73209&4&55.334682334569465|73210&4&55.334682334569465|73211&4&55.334682334569465|73212&4&55.334682334569465|73213&4&55.334682334569465|73214&4&55.334682334569465|73215&4&55.334682334569465|73216&4&55.334682334569465|73217&4&55.334682334569465|73218&4&55.334682334569465|73219&4&163.85777065609514|73220&4&60.73325553404224|73221&4&60.73325553404224|73222&4&60.73325553404224|73223&4&60.73325553404224|73224&4&60.73325553404224|73225&4&60.73325553404224|73226&4&60.73325553404224|73227&4&60.73325553404224|73228&4&60.73325553404224|73229&4&175.06447486220674|73230&4&164.25939024356086|73231&4&161.6479920477085|73232&4&164.57763507693485|73233&4&180.00151833536214|73234&4&174.99889008620465|73235&4&164.13146438537552|73236&4&161.5720383289482|73237&4&169.1886039919406|73238&4&164.55079346665343|73239&4&21.913628308920533|73240&4&21.913628308920533|73241&4&21.913628308920533|73242&4&21.913628308920533|73243&4&21.913628308920533|73244&4&21.913628308920533|73245&4&21.913628308920533|73246&4&21.913628308920533|73247&4&21.913628308920533|73248&4&21.913628308920533|73249&4&24.531089468041596|73250&4&24.531089468041596|73251&4&24.531089468041596|73252&4&24.531089468041596|73253&4&24.531089468041596|73254&4&24.531089468041596|73255&4&24.531089468041596|73256&4&24.531089468041596|73257&4&24.531089468041596|73258&4&24.531089468041596|73259&4&29.48014643694872|73260&4&29.48014643694872|73261&4&29.48014643694872|73262&4&29.48014643694872|73263&4&29.48014643694872|73264&4&29.48014643694872|73265&4&29.48014643694872|73266&4&29.48014643694872|73267&4&29.48014643694872|73268&4&29.48014643694872|73269&4&34.502059386606874|73270&4&34.502059386606874|73271&4&34.502059386606874|73272&4&34.502059386606874|73273&4&34.502059386606874|73274&4&34.502059386606874|73275&4&34.502059386606874|73276&4&34.502059386606874|73277&4&34.502059386606874|73278&4&34.502059386606874|73279&4&39.597642772272835|73280&4&39.597642772272835|73281&4&39.597642772272835|73282&4&39.597642772272835|73283&4&39.597642772272835|73284&4&39.597642772272835|73285&4&39.597642772272835|73286&4&39.597642772272835|73287&4&39.597642772272835|73288&4&39.597642772272835|73289&4&5.5666325484050585|73290&4&5.5666325484050585|73291&4&6.218870720943396|73292&4&6.218870720943396|73293&4&6.8805793429889635|73294&4&6.8805793429889635|73295&4&7.551863782887164|73296&4&7.551863782887164|73297&4&17.0552114991832|73298&4&17.149103150679906|73299&4&2.7248454660071375|73300&4&2.7248454660071375|73301&4&3.0503131188913226|73302&4&3.0503131188913226|73303&4&3.665702558404997|73304&4&3.665702558404997|73305&4&4.290151259398439|73306&4&4.290151259398439|73307&4&4.923760495137874|73308&4&4.923760495137874,2|73189&4&39.597642772272835|73190&4&39.597642772272835|73191&4&39.597642772272835|73192&4&39.597642772272835|73193&4&39.597642772272835|73194&4&39.597642772272835|73195&4&39.597642772272835|73196&4&39.597642772272835|73197&4&39.597642772272835|73198&4&39.597642772272835|73199&4&44.76771916788327|73200&4&44.76771916788327|73201&4&44.76771916788327|73202&4&44.76771916788327|73203&4&44.76771916788327|73204&4&44.76771916788327|73205&4&44.76771916788327|73206&4&44.76771916788327|73207&4&44.76771916788327|73208&4&44.76771916788327|73209&4&50.01311934202191|73210&4&50.01311934202191|73211&4&50.01311934202191|73212&4&50.01311934202191|73213&4&50.01311934202191|73214&4&50.01311934202191|73215&4&50.01311934202191|73216&4&50.01311934202191|73217&4&50.01311934202191|73218&4&50.01311934202191|73219&4&55.334682334569465|73220&4&55.334682334569465|73221&4&55.334682334569465|73222&4&55.334682334569465|73223&4&55.334682334569465|73224&4&55.334682334569465|73225&4&55.334682334569465|73226&4&55.334682334569465|73227&4&55.334682334569465|73228&4&55.334682334569465|73229&4&60.73325553404224|73230&4&60.73325553404224|73231&4&60.73325553404224|73232&4&60.73325553404224|73233&4&60.73325553404224|73234&4&60.73325553404224|73235&4&60.73325553404224|73236&4&60.73325553404224|73237&4&60.73325553404224|73238&4&60.73325553404224|73239&4&169.4460635986444|73240&4&169.7011238713381|73241&4&113.17057358408985|73242&4&174.88889359296914|73243&4&164.20882717048613|73244&4&169.37532055072603|73245&4&163.38817780022697|73246&4&164.36151630727272|73247&4&163.73928617939706|73248&4&164.46721443586426|73249&4&21.913628308920533|73250&4&21.913628308920533|73251&4&21.913628308920533|73252&4&21.913628308920533|73253&4&21.913628308920533|73254&4&21.913628308920533|73255&4&21.913628308920533|73256&4&21.913628308920533|73257&4&21.913628308920533|73258&4&21.913628308920533|73259&4&24.531089468041596|73260&4&24.531089468041596|73261&4&24.531089468041596|73262&4&24.531089468041596|73263&4&24.531089468041596|73264&4&24.531089468041596|73265&4&24.531089468041596|73266&4&24.531089468041596|73267&4&24.531089468041596|73268&4&24.531089468041596|73269&4&29.48014643694872|73270&4&29.48014643694872|73271&4&29.48014643694872|73272&4&29.48014643694872|73273&4&29.48014643694872|73274&4&29.48014643694872|73275&4&29.48014643694872|73276&4&29.48014643694872|73277&4&29.48014643694872|73278&4&29.48014643694872|73279&4&34.502059386606874|73280&4&34.502059386606874|73281&4&34.502059386606874|73282&4&34.502059386606874|73283&4&34.502059386606874|73284&4&34.502059386606874|73285&4&34.502059386606874|73286&4&142.56292472176665|73287&4&34.502059386606874|73288&4&34.502059386606874|73289&4&4.923760495137874|73290&4&4.923760495137874|73291&4&5.5666325484050585|73292&4&5.5666325484050585|73293&4&6.218870720943396|73294&4&6.218870720943396|73295&4&6.8805793429889635|73296&4&6.8805793429889635|73297&4&7.551863782887164|73298&4&7.551863782887164|73299&4&17.05309182470873|73300&4&17.111985451566824|73301&4&2.7248454660071375|73302&4&2.7248454660071375|73303&4&3.0503131188913226|73304&4&11.931834119190395|73305&4&3.665702558404997|73306&4&3.665702558404997|73307&4&4.290151259398439|73308&4&4.290151259398439,2|73189&4&34.502059386606874|73190&4&34.502059386606874|73191&4&34.502059386606874|73192&4&34.502059386606874|73193&4&34.502059386606874|73194&4&34.502059386606874|73195&4&34.502059386606874|73196&4&34.502059386606874|73197&4&34.502059386606874|73198&4&34.502059386606874|73199&4&39.597642772272835|73200&4&39.597642772272835|73201&4&39.597642772272835|73202&4&39.597642772272835|73203&4&39.597642772272835|73204&4&39.597642772272835|73205&4&39.597642772272835|73206&4&39.597642772272835|73207&4&39.597642772272835|73208&4&39.597642772272835|73209&4&44.76771916788327|73210&4&44.76771916788327|73211&4&44.76771916788327|73212&4&44.76771916788327|73213&4&44.76771916788327|73214&4&44.76771916788327|73215&4&44.76771916788327|73216&4&44.76771916788327|73217&4&44.76771916788327|73218&4&44.76771916788327|73219&4&50.01311934202191|73220&4&50.01311934202191|73221&4&50.01311934202191|73222&4&50.01311934202191|73223&4&50.01311934202191|73224&4&50.01311934202191|73225&4&50.01311934202191|73226&4&50.01311934202191|73227&4&50.01311934202191|73228&4&50.01311934202191|73229&4&55.334682334569465|73230&4&55.334682334569465|73231&4&55.334682334569465|73232&4&55.334682334569465|73233&4&55.334682334569465|73234&4&55.334682334569465|73235&4&55.334682334569465|73236&4&55.334682334569465|73237&4&55.334682334569465|73238&4&55.334682334569465|73239&4&60.73325553404224|73240&4&60.73325553404224|73241&4&60.73325553404224|73242&4&60.73325553404224|73243&4&60.73325553404224|73244&4&60.73325553404224|73245&4&60.73325553404224|73246&4&60.73325553404224|73247&4&60.73325553404224|73248&4&60.73325553404224|73249&4&162.104534651989|73250&4&166.89421451744863|73251&4&113.16306593335261|73252&4&145.64422562861972|73253&4&169.28083530046075|73254&4&167.13862654695083|73255&4&164.1783946559134|73256&4&161.58791211300814|73257&4&167.05933726358154|73258&4&157.0961849742896|73259&4&21.913628308920533|73260&4&21.913628308920533|73261&4&21.913628308920533|73262&4&21.913628308920533|73263&4&21.913628308920533|73264&4&21.913628308920533|73265&4&21.913628308920533|73266&4&21.913628308920533|73267&4&21.913628308920533|73268&4&21.913628308920533|73269&4&24.531089468041596|73270&4&24.531089468041596|73271&4&24.531089468041596|73272&4&24.531089468041596|73273&4&24.531089468041596|73274&4&24.531089468041596|73275&4&24.531089468041596|73276&4&24.531089468041596|73277&4&24.531089468041596|73278&4&24.531089468041596|73279&4&29.48014643694872|73280&4&29.48014643694872|73281&4&29.48014643694872|73282&4&29.48014643694872|73283&4&29.48014643694872|73284&4&29.48014643694872|73285&4&29.48014643694872|73286&4&29.48014643694872|73287&4&29.48014643694872|73288&4&29.48014643694872|73289&4&4.290151259398439|73290&4&4.290151259398439|73291&4&4.923760495137874|73292&4&4.923760495137874|73293&4&5.5666325484050585|73294&4&5.5666325484050585|73295&4&6.218870720943396|73296&4&6.218870720943396|73297&4&6.8805793429889635|73298&4&6.8805793429889635|73299&4&7.551863782887164|73300&4&7.551863782887164|73301&4&17.06880803943119|73302&4&11.904007766896854|73303&4&2.7248454660071375|73304&4&2.7248454660071375|73305&4&3.0503131188913226|73306&4&3.0503131188913226|73307&4&3.665702558404997|73308&4&3.665702558404997,2|73189&4&29.48014643694872|73190&4&29.48014643694872|73191&4&29.48014643694872|73192&4&29.48014643694872|73193&4&29.48014643694872|73194&4&29.48014643694872|73195&4&29.48014643694872|73196&4&29.48014643694872|73197&4&29.48014643694872|73198&4&29.48014643694872|73199&4&34.502059386606874|73200&4&34.502059386606874|73201&4&34.502059386606874|73202&4&34.502059386606874|73203&4&34.502059386606874|73204&4&34.502059386606874|73205&4&34.502059386606874|73206&4&34.502059386606874|73207&4&34.502059386606874|73208&4&34.502059386606874|73209&4&39.597642772272835|73210&4&39.597642772272835|73211&4&39.597642772272835|73212&4&39.597642772272835|73213&4&39.597642772272835|73214&4&39.597642772272835|73215&4&39.597642772272835|73216&4&39.597642772272835|73217&4&39.597642772272835|73218&4&39.597642772272835|73219&4&44.76771916788327|73220&4&44.76771916788327|73221&4&44.76771916788327|73222&4&44.76771916788327|73223&4&44.76771916788327|73224&4&44.76771916788327|73225&4&44.76771916788327|73226&4&44.76771916788327|73227&4&44.76771916788327|73228&4&44.76771916788327|73229&4&50.01311934202191|73230&4&50.01311934202191|73231&4&50.01311934202191|73232&4&50.01311934202191|73233&4&50.01311934202191|73234&4&50.01311934202191|73235&4&50.01311934202191|73236&4&50.01311934202191|73237&4&50.01311934202191|73238&4&50.01311934202191|73239&4&55.334682334569465|73240&4&55.334682334569465|73241&4&55.334682334569465|73242&4&55.334682334569465|73243&4&55.334682334569465|73244&4&55.334682334569465|73245&4&55.334682334569465|73246&4&55.334682334569465|73247&4&55.334682334569465|73248&4&55.334682334569465|73249&4&60.73325553404224|73250&4&60.73325553404224|73251&4&60.73325553404224|73252&4&60.73325553404224|73253&4&60.73325553404224|73254&4&60.73325553404224|73255&4&60.73325553404224|73256&4&60.73325553404224|73257&4&60.73325553404224|73258&4&60.73325553404224|73259&4&169.0001256340237|73260&4&174.35251079348154|73261&4&164.16842797254108|73262&4&169.278236028761|73263&4&148.80174277574397|73264&4&168.11432456861266|73265&4&169.05474947970208|73266&4&169.10947302997755|73267&4&164.34818858020802|73268&4&169.33198409248598|73269&4&21.913628308920533|73270&4&21.913628308920533|73271&4&21.913628308920533|73272&4&21.913628308920533|73273&4&21.913628308920533|73274&4&21.913628308920533|73275&4&21.913628308920533|73276&4&21.913628308920533|73277&4&21.913628308920533|73278&4&21.913628308920533|73279&4&24.531089468041596|73280&4&24.531089468041596|73281&4&24.531089468041596|73282&4&24.531089468041596|73283&4&24.531089468041596|73284&4&24.531089468041596|73285&4&24.531089468041596|73286&4&24.531089468041596|73287&4&24.531089468041596|73288&4&24.531089468041596|73289&4&3.665702558404997|73290&4&3.665702558404997|73291&4&4.290151259398439|73292&4&4.290151259398439|73293&4&4.923760495137874|73294&4&4.923760495137874|73295&4&5.5666325484050585|73296&4&5.5666325484050585|73297&4&6.218870720943396|73298&4&6.218870720943396|73299&4&6.8805793429889635|73300&4&6.8805793429889635|73301&4&7.551863782887164|73302&4&7.551863782887164|73303&4&17.129305953812775|73304&4&8.232830456795792|73305&4&2.7248454660071375|73306&4&2.7248454660071375|73307&4&3.0503131188913226|73308&4&3.0503131188913226,2|73189&4&24.531089468041596|73190&4&24.531089468041596|73191&4&24.531089468041596|73192&4&24.531089468041596|73193&4&24.531089468041596|73194&4&24.531089468041596|73195&4&24.531089468041596|73196&4&24.531089468041596|73197&4&24.531089468041596|73198&4&24.531089468041596|73199&4&29.48014643694872|73200&4&29.48014643694872|73201&4&29.48014643694872|73202&4&29.48014643694872|73203&4&29.48014643694872|73204&4&29.48014643694872|73205&4&29.48014643694872|73206&4&29.48014643694872|73207&4&29.48014643694872|73208&4&29.48014643694872|73209&4&34.502059386606874|73210&4&34.502059386606874|73211&4&34.502059386606874|73212&4&34.502059386606874|73213&4&34.502059386606874|73214&4&34.502059386606874|73215&4&34.502059386606874|73216&4&34.502059386606874|73217&4&34.502059386606874|73218&4&34.502059386606874|73219&4&39.597642772272835|73220&4&39.597642772272835|73221&4&39.597642772272835|73222&4&39.597642772272835|73223&4&39.597642772272835|73224&4&39.597642772272835|73225&4&39.597642772272835|73226&4&39.597642772272835|73227&4&39.597642772272835|73228&4&39.597642772272835|73229&4&44.76771916788327|73230&4&44.76771916788327|73231&4&44.76771916788327|73232&4&44.76771916788327|73233&4&44.76771916788327|73234&4&44.76771916788327|73235&4&44.76771916788327|73236&4&44.76771916788327|73237&4&44.76771916788327|73238&4&44.76771916788327|73239&4&50.01311934202191|73240&4&50.01311934202191|73241&4&50.01311934202191|73242&4&50.01311934202191|73243&4&50.01311934202191|73244&4&50.01311934202191|73245&4&50.01311934202191|73246&4&50.01311934202191|73247&4&50.01311934202191|73248&4&50.01311934202191|73249&4&55.334682334569465|73250&4&55.334682334569465|73251&4&55.334682334569465|73252&4&55.334682334569465|73253&4&55.334682334569465|73254&4&55.334682334569465|73255&4&55.334682334569465|73256&4&55.334682334569465|73257&4&55.334682334569465|73258&4&55.334682334569465|73259&4&60.73325553404224|73260&4&60.73325553404224|73261&4&60.73325553404224|73262&4&60.73325553404224|73263&4&60.73325553404224|73264&4&60.73325553404224|73265&4&60.73325553404224|73266&4&60.73325553404224|73267&4&60.73325553404224|73268&4&60.73325553404224|73269&4&167.60846929424835|73270&4&161.01911234978544|73271&4&113.17191472991749|73272&4&179.33799762770929|73273&4&168.066905252189|73274&4&169.12817911935701|73275&4&113.17191472991749|73276&4&169.2706941118715|73277&4&164.1437561910869|73278&4&113.17057358408985|73279&4&21.913628308920533|73280&4&21.913628308920533|73281&4&21.913628308920533|73282&4&21.913628308920533|73283&4&21.913628308920533|73284&4&21.913628308920533|73285&4&21.913628308920533|73286&4&21.913628308920533|73287&4&21.913628308920533|73288&4&21.913628308920533|73289&4&3.0503131188913226|73290&4&3.0503131188913226|73291&4&3.665702558404997|73292&4&3.665702558404997|73293&4&4.290151259398439|73294&4&4.290151259398439|73295&4&4.923760495137874|73296&4&4.923760495137874|73297&4&5.5666325484050585|73298&4&5.5666325484050585|73299&4&6.218870720943396|73300&4&6.218870720943396|73301&4&6.8805793429889635|73302&4&6.8805793429889635|73303&4&7.551863782887164|73304&4&7.551863782887164|73305&4&16.982314787042526|73306&4&17.06181130641596|73307&4&2.7248454660071375|73308&4&2.7248454660071375,2|73189&4&21.913628308920533|73190&4&21.913628308920533|73191&4&21.913628308920533|73192&4&21.913628308920533|73193&4&21.913628308920533|73194&4&21.913628308920533|73195&4&21.913628308920533|73196&4&21.913628308920533|73197&4&21.913628308920533|73198&4&21.913628308920533|73199&4&24.531089468041596|73200&4&24.531089468041596|73201&4&24.531089468041596|73202&4&24.531089468041596|73203&4&24.531089468041596|73204&4&24.531089468041596|73205&4&24.531089468041596|73206&4&24.531089468041596|73207&4&71.88609272243944|73208&4&24.531089468041596|73209&4&29.48014643694872|73210&4&29.48014643694872|73211&4&29.48014643694872|73212&4&29.48014643694872|73213&4&29.48014643694872|73214&4&29.48014643694872|73215&4&29.48014643694872|73216&4&29.48014643694872|73217&4&29.48014643694872|73218&4&29.48014643694872|73219&4&34.502059386606874|73220&4&34.502059386606874|73221&4&34.502059386606874|73222&4&34.502059386606874|73223&4&34.502059386606874|73224&4&34.502059386606874|73225&4&34.502059386606874|73226&4&34.502059386606874|73227&4&34.502059386606874|73228&4&34.502059386606874|73229&4&39.597642772272835|73230&4&39.597642772272835|73231&4&39.597642772272835|73232&4&39.597642772272835|73233&4&39.597642772272835|73234&4&39.597642772272835|73235&4&39.597642772272835|73236&4&39.597642772272835|73237&4&39.597642772272835|73238&4&39.597642772272835|73239&4&44.76771916788327|73240&4&44.76771916788327|73241&4&44.76771916788327|73242&4&44.76771916788327|73243&4&44.76771916788327|73244&4&44.76771916788327|73245&4&44.76771916788327|73246&4&44.76771916788327|73247&4&44.76771916788327|73248&4&44.76771916788327|73249&4&50.01311934202191|73250&4&50.01311934202191|73251&4&50.01311934202191|73252&4&50.01311934202191|73253&4&50.01311934202191|73254&4&50.01311934202191|73255&4&50.01311934202191|73256&4&50.01311934202191|73257&4&50.01311934202191|73258&4&50.01311934202191|73259&4&55.334682334569465|73260&4&55.334682334569465|73261&4&55.334682334569465|73262&4&55.334682334569465|73263&4&55.334682334569465|73264&4&55.334682334569465|73265&4&55.334682334569465|73266&4&55.334682334569465|73267&4&55.334682334569465|73268&4&55.334682334569465|73269&4&60.73325553404224|73270&4&60.73325553404224|73271&4&60.73325553404224|73272&4&60.73325553404224|73273&4&60.73325553404224|73274&4&60.73325553404224|73275&4&60.73325553404224|73276&4&60.73325553404224|73277&4&60.73325553404224|73278&4&111.99132819370168|73279&4&169.62703608438204|73280&4&169.58028179645288|73281&4&163.32698029512267|73282&4&159.99538867653587|73283&4&162.36924480550135|73284&4&164.0887823399095|73285&4&163.7603413763399|73286&4&66.20969475562579|73287&4&169.2042940690262|73288&4&161.59169081843345|73289&4&2.7248454660071375|73290&4&2.7248454660071375|73291&4&3.0503131188913226|73292&4&3.0503131188913226|73293&4&3.665702558404997|73294&4&3.665702558404997|73295&4&4.290151259398439|73296&4&4.290151259398439|73297&4&4.923760495137874|73298&4&4.923760495137874|73299&4&5.5666325484050585|73300&4&5.5666325484050585|73301&4&6.218870720943396|73302&4&6.218870720943396|73303&4&6.8805793429889635|73304&4&6.8805793429889635|73305&4&7.551863782887164|73306&4&7.551863782887164|73307&4&17.15689325688237|73308&4&17.138289158994013
3|4,130,1,1,1,1,1,1,1,1,1,1,1,1,1,1,1,1,1,1,1,1,1,1,1,1,1,1,1,1,1,1,1,1,1,1,1,1,1,1,1,1,1,1,1,1,1,1,1,1,1,1,1,1,1,1,1,1,1,1,1,1,1,1,1,1,1,1,1,1,1,1,1,1,1,1,1,1,1,1,1,1,1,1,1,1,1,1,1,1,1,1,1,1,1,1,1,1,1,1,1,1,0,0,0,0,0,0,0,0,0,0,0,0,0,0,0,0,0,0,0,0,2|73189&4&158.83064571208487|73190&4&174.6524920152278|73191&4&173.84979576903245|73192&4&185.49750861426392|73193&4&190.6084473528069|73194&4&188.11293961150088|73195&4&187.83356527774862|73196&4&141.90142541385393|73197&4&158.88185742512312|73198&4&180.5260433641052|73199&4&19.478780719040472|73200&4&19.478780719040472|73201&4&19.478780719040472|73202&4&19.478780719040472|73203&4&19.478780719040472|73204&4&19.478780719040472|73205&4&19.478780719040472|73206&4&19.478780719040472|73207&4&19.478780719040472|73208&4&19.478780719040472|73209&4&22.077980521237436|73210&4&22.077980521237436|73211&4&211.92954064544026|73212&4&22.077980521237436|73213&4&22.077980521237436|73214&4&22.077980521237436|73215&4&22.077980521237436|73216&4&22.077980521237436|73217&4&22.077980521237436|73218&4&22.077980521237436|73219&4&24.715072639051908|73220&4&24.715072639051908|73221&4&24.715072639051908|73222&4&24.715072639051908|73223&4&24.715072639051908|73224&4&24.715072639051908|73225&4&24.715072639051908|73226&4&24.715072639051908|73227&4&24.715072639051908|73228&4&24.715072639051908|73229&4&29.701247535225843|73230&4&29.701247535225843|73231&4&29.701247535225843|73232&4&29.701247535225843|73233&4&29.701247535225843|73234&4&29.701247535225843|73235&4&29.701247535225843|73236&4&29.701247535225843|73237&4&29.701247535225843|73238&4&29.701247535225843|73239&4&34.760824832006435|73240&4&34.760824832006435|73241&4&34.760824832006435|73242&4&34.760824832006435|73243&4&34.760824832006435|73244&4&34.760824832006435|73245&4&34.760824832006435|73246&4&34.760824832006435|73247&4&34.760824832006435|73248&4&34.760824832006435|73249&4&39.894625093064874|73250&4&39.894625093064874|73251&4&39.894625093064874|73252&4&39.894625093064874|73253&4&39.894625093064874|73254&4&39.894625093064874|73255&4&39.894625093064874|73256&4&39.894625093064874|73257&4&39.894625093064874|73258&4&39.894625093064874|73259&4&45.10347706164238|73260&4&45.10347706164238|73261&4&45.10347706164238|73262&4&45.10347706164238|73263&4&45.10347706164238|73264&4&45.10347706164238|73265&4&45.10347706164238|73266&4&45.10347706164238|73267&4&45.10347706164238|73268&4&45.10347706164238|73269&4&50.38821773708709|73270&4&50.38821773708709|73271&4&50.38821773708709|73272&4&50.38821773708709|73273&4&50.38821773708709|73274&4&50.38821773708709|73275&4&50.38821773708709|73276&4&50.38821773708709|73277&4&50.38821773708709|73278&4&50.38821773708709|73279&4&55.74969245207875|73280&4&55.74969245207875|73281&4&55.74969245207875|73282&4&55.74969245207875|73283&4&55.74969245207875|73284&4&55.74969245207875|73285&4&55.74969245207875|73286&4&55.74969245207875|73287&4&55.74969245207875|73288&4&55.74969245207875|73289&4&29.65550627369577|73290&4&24.10760344870985|73291&4&2.4220848586730113|73292&4&2.4220848586730113|73293&4&2.7452818070021903|73294&4&2.7452818070021903|73295&4&3.0731904672830073|73296&4&3.0731904672830073|73297&4&3.6931953275930347|73298&4&3.6931953275930347|73299&4&4.3223273938439295|73300&4&4.3223273938439295|73301&4&4.960688698851409|73302&4&4.960688698851409|73303&4&5.608382292518094|73304&4&5.608382292518094|73305&4&6.265512251350472|73306&4&6.265512251350472|73307&4&6.932183688061383|73308&4&6.932183688061383,2|73189&4&55.74969245207875|73190&4&55.74969245207875|73191&4&55.74969245207875|73192&4&55.74969245207875|73193&4&55.74969245207875|73194&4&55.74969245207875|73195&4&55.74969245207875|73196&4&55.74969245207875|73197&4&81.98969846853838|73198&4&55.74969245207875|73199&4&189.6708085568244|73200&4&251.14510952420093|73201&4&159.25081112745892|73202&4&204.3492137177198|73203&4&182.21634712898486|73204&4&212.36642976987608|73205&4&216.29828095898273|73206&4&146.5837681966708|73207&4&105.67910585469672|73208&4&235.292100002915|73209&4&19.478780719040472|73210&4&19.478780719040472|73211&4&19.478780719040472|73212&4&19.478780719040472|73213&4&19.478780719040472|73214&4&19.478780719040472|73215&4&19.478780719040472|73216&4&19.478780719040472|73217&4&19.478780719040472|73218&4&19.478780719040472|73219&4&22.077980521237436|73220&4&22.077980521237436|73221&4&22.077980521237436|73222&4&22.077980521237436|73223&4&22.077980521237436|73224&4&22.077980521237436|73225&4&22.077980521237436|73226&4&22.077980521237436|73227&4&22.077980521237436|73228&4&22.077980521237436|73229&4&24.715072639051908|73230&4&24.715072639051908|73231&4&24.715072639051908|73232&4&24.715072639051908|73233&4&24.715072639051908|73234&4&24.715072639051908|73235&4&24.715072639051908|73236&4&24.715072639051908|73237&4&24.715072639051908|73238&4&24.715072639051908|73239&4&29.701247535225843|73240&4&29.701247535225843|73241&4&29.701247535225843|73242&4&29.701247535225843|73243&4&29.701247535225843|73244&4&29.701247535225843|73245&4&29.701247535225843|73246&4&29.701247535225843|73247&4&29.701247535225843|73248&4&29.701247535225843|73249&4&34.760824832006435|73250&4&34.760824832006435|73251&4&34.760824832006435|73252&4&34.760824832006435|73253&4&34.760824832006435|73254&4&34.760824832006435|73255&4&34.760824832006435|73256&4&34.760824832006435|73257&4&34.760824832006435|73258&4&34.760824832006435|73259&4&39.894625093064874|73260&4&39.894625093064874|73261&4&39.894625093064874|73262&4&39.894625093064874|73263&4&39.894625093064874|73264&4&39.894625093064874|73265&4&39.894625093064874|73266&4&39.894625093064874|73267&4&39.894625093064874|73268&4&39.894625093064874|73269&4&45.10347706164238|73270&4&45.10347706164238|73271&4&45.10347706164238|73272&4&45.10347706164238|73273&4&45.10347706164238|73274&4&45.10347706164238|73275&4&45.10347706164238|73276&4&45.10347706164238|73277&4&45.10347706164238|73278&4&45.10347706164238|73279&4&50.38821773708709|73280&4&50.38821773708709|73281&4&50.38821773708709|73282&4&50.38821773708709|73283&4&50.38821773708709|73284&4&50.38821773708709|73285&4&50.38821773708709|73286&4&50.38821773708709|73287&4&50.38821773708709|73288&4&50.38821773708709|73289&4&6.932183688061383|73290&4&6.932183688061383|73291&4&27.87056553169588|73292&4&16.745245640433843|73293&4&2.4220848586730113|73294&4&2.4220848586730113|73295&4&2.7452818070021903|73296&4&2.7452818070021903|73297&4&3.0731904672830073|73298&4&3.0731904672830073|73299&4&3.6931953275930347|73300&4&3.6931953275930347|73301&4&4.3223273938439295|73302&4&4.62856483286752|73303&4&4.960688698851409|73304&4&4.960688698851409|73305&4&5.608382292518094|73306&4&5.608382292518094|73307&4&6.265512251350472|73308&4&6.265512251350472,2|73189&4&50.38821773708709|73190&4&50.38821773708709|73191&4&50.38821773708709|73192&4&50.38821773708709|73193&4&50.38821773708709|73194&4&50.38821773708709|73195&4&50.38821773708709|73196&4&50.38821773708709|73197&4&50.38821773708709|73198&4&50.38821773708709|73199&4&55.74969245207875|73200&4&55.74969245207875|73201&4&55.74969245207875|73202&4&55.74969245207875|73203&4&55.74969245207875|73204&4&55.74969245207875|73205&4&55.74969245207875|73206&4&55.74969245207875|73207&4&55.74969245207875|73208&4&55.74969245207875|73209&4&195.90972017060068|73210&4&158.9314996025734|73211&4&61.18875495054756|73212&4&145.73068387550836|73213&4&225.68163572584717|73214&4&174.41887950493913|73215&4&241.1718364214771|73216&4&235.91781179526942|73217&4&245.67604357820215|73218&4&235.3818234150807|73219&4&19.478780719040472|73220&4&19.478780719040472|73221&4&19.478780719040472|73222&4&19.478780719040472|73223&4&19.478780719040472|73224&4&19.478780719040472|73225&4&19.478780719040472|73226&4&19.478780719040472|73227&4&19.478780719040472|73228&4&19.478780719040472|73229&4&22.077980521237436|73230&4&22.077980521237436|73231&4&22.077980521237436|73232&4&22.077980521237436|73233&4&22.077980521237436|73234&4&22.077980521237436|73235&4&22.077980521237436|73236&4&22.077980521237436|73237&4&22.077980521237436|73238&4&22.077980521237436|73239&4&24.715072639051908|73240&4&24.715072639051908|73241&4&24.715072639051908|73242&4&24.715072639051908|73243&4&24.715072639051908|73244&4&24.715072639051908|73245&4&24.715072639051908|73246&4&24.715072639051908|73247&4&24.715072639051908|73248&4&24.715072639051908|73249&4&29.701247535225843|73250&4&29.701247535225843|73251&4&29.701247535225843|73252&4&29.701247535225843|73253&4&29.701247535225843|73254&4&29.701247535225843|73255&4&29.701247535225843|73256&4&29.701247535225843|73257&4&29.701247535225843|73258&4&29.701247535225843|73259&4&34.760824832006435|73260&4&34.760824832006435|73261&4&34.760824832006435|73262&4&34.760824832006435|73263&4&34.760824832006435|73264&4&34.760824832006435|73265&4&34.760824832006435|73266&4&34.760824832006435|73267&4&34.760824832006435|73268&4&34.760824832006435|73269&4&39.894625093064874|73270&4&39.894625093064874|73271&4&39.894625093064874|73272&4&39.894625093064874|73273&4&39.894625093064874|73274&4&39.894625093064874|73275&4&165.35787069689934|73276&4&39.894625093064874|73277&4&39.894625093064874|73278&4&39.894625093064874|73279&4&45.10347706164238|73280&4&45.10347706164238|73281&4&45.10347706164238|73282&4&45.10347706164238|73283&4&45.10347706164238|73284&4&45.10347706164238|73285&4&45.10347706164238|73286&4&45.10347706164238|73287&4&45.10347706164238|73288&4&45.10347706164238|73289&4&6.265512251350472|73290&4&6.265512251350472|73291&4&6.932183688061383|73292&4&6.932183688061383|73293&4&25.98061353106941|73294&4&25.958301923629065|73295&4&2.4220848586730113|73296&4&2.4220848586730113|73297&4&2.7452818070021903|73298&4&2.7452818070021903|73299&4&3.0731904672830073|73300&4&3.0731904672830073|73301&4&3.6931953275930347|73302&4&8.603410396293782|73303&4&4.3223273938439295|73304&4&4.3223273938439295|73305&4&4.960688698851409|73306&4&4.960688698851409|73307&4&5.608382292518094|73308&4&5.608382292518094,2|73189&4&45.10347706164238|73190&4&45.10347706164238|73191&4&45.10347706164238|73192&4&45.10347706164238|73193&4&45.10347706164238|73194&4&45.10347706164238|73195&4&45.10347706164238|73196&4&45.10347706164238|73197&4&45.10347706164238|73198&4&45.10347706164238|73199&4&50.38821773708709|73200&4&50.38821773708709|73201&4&50.38821773708709|73202&4&50.38821773708709|73203&4&50.38821773708709|73204&4&50.38821773708709|73205&4&50.38821773708709|73206&4&50.38821773708709|73207&4&50.38821773708709|73208&4&50.38821773708709|73209&4&55.74969245207875|73210&4&55.74969245207875|73211&4&55.74969245207875|73212&4&55.74969245207875|73213&4&55.74969245207875|73214&4&55.74969245207875|73215&4&55.74969245207875|73216&4&55.74969245207875|73217&4&55.74969245207875|73218&4&55.74969245207875|73219&4&61.18875495054756|73220&4&201.62806221784362|73221&4&235.7590522653729|73222&4&150.19310184976544|73223&4&168.7240898566647|73224&4&195.42791977565955|73225&4&169.01824059931639|73226&4&174.35722186861227|73227&4&212.10615915786664|73228&4&176.93539398951475|73229&4&19.478780719040472|73230&4&19.478780719040472|73231&4&19.478780719040472|73232&4&19.478780719040472|73233&4&19.478780719040472|73234&4&19.478780719040472|73235&4&19.478780719040472|73236&4&19.478780719040472|73237&4&19.478780719040472|73238&4&19.478780719040472|73239&4&22.077980521237436|73240&4&22.077980521237436|73241&4&54.900786757032776|73242&4&22.077980521237436|73243&4&22.077980521237436|73244&4&22.077980521237436|73245&4&22.077980521237436|73246&4&22.077980521237436|73247&4&22.077980521237436|73248&4&22.077980521237436|73249&4&24.715072639051908|73250&4&24.715072639051908|73251&4&165.35763071693452|73252&4&24.715072639051908|73253&4&24.715072639051908|73254&4&24.715072639051908|73255&4&24.715072639051908|73256&4&24.715072639051908|73257&4&24.715072639051908|73258&4&24.715072639051908|73259&4&29.701247535225843|73260&4&29.701247535225843|73261&4&29.701247535225843|73262&4&29.701247535225843|73263&4&29.701247535225843|73264&4&29.701247535225843|73265&4&29.701247535225843|73266&4&29.701247535225843|73267&4&29.701247535225843|73268&4&29.701247535225843|73269&4&34.760824832006435|73270&4&34.760824832006435|73271&4&98.59048767153719|73272&4&34.760824832006435|73273&4&34.760824832006435|73274&4&34.760824832006435|73275&4&34.760824832006435|73276&4&34.760824832006435|73277&4&34.760824832006435|73278&4&34.760824832006435|73279&4&39.894625093064874|73280&4&39.894625093064874|73281&4&39.894625093064874|73282&4&39.894625093064874|73283&4&39.894625093064874|73284&4&39.894625093064874|73285&4&39.894625093064874|73286&4&39.894625093064874|73287&4&39.894625093064874|73288&4&39.894625093064874|73289&4&5.608382292518094|73290&4&5.608382292518094|73291&4&6.265512251350472|73292&4&6.265512251350472|73293&4&6.932183688061383|73294&4&6.932183688061383|73295&4&22.20450617330637|73296&4&22.688780278124003|73297&4&2.4220848586730113|73298&4&2.4220848586730113|73299&4&2.7452818070021903|73300&4&2.7452818070021903|73301&4&3.0731904672830073|73302&4&3.0731904672830073|73303&4&3.6931953275930347|73304&4&3.6931953275930347|73305&4&4.3223273938439295|73306&4&4.3223273938439295|73307&4&4.960688698851409|73308&4&4.960688698851409,2|73189&4&39.894625093064874|73190&4&39.894625093064874|73191&4&39.894625093064874|73192&4&39.894625093064874|73193&4&39.894625093064874|73194&4&39.894625093064874|73195&4&39.894625093064874|73196&4&39.894625093064874|73197&4&39.894625093064874|73198&4&39.894625093064874|73199&4&45.10347706164238|73200&4&45.10347706164238|73201&4&45.10347706164238|73202&4&45.10347706164238|73203&4&45.10347706164238|73204&4&45.10347706164238|73205&4&45.10347706164238|73206&4&45.10347706164238|73207&4&45.10347706164238|73208&4&45.10347706164238|73209&4&50.38821773708709|73210&4&50.38821773708709|73211&4&50.38821773708709|73212&4&50.38821773708709|73213&4&50.38821773708709|73214&4&50.38821773708709|73215&4&50.38821773708709|73216&4&50.38821773708709|73217&4&50.38821773708709|73218&4&50.38821773708709|73219&4&199.3274505043912|73220&4&55.74969245207875|73221&4&55.74969245207875|73222&4&55.74969245207875|73223&4&55.74969245207875|73224&4&55.74969245207875|73225&4&55.74969245207875|73226&4&55.74969245207875|73227&4&55.74969245207875|73228&4&55.74969245207875|73229&4&174.71976164172264|73230&4&235.64744121267358|73231&4&202.6451450436827|73232&4&235.87189818363603|73233&4&169.16732263328197|73234&4&164.41481368732138|73235&4&207.6864357122654|73236&4&175.16882179137303|73237&4&169.41292070476442|73238&4&235.43081223290355|73239&4&19.478780719040472|73240&4&19.478780719040472|73241&4&19.478780719040472|73242&4&19.478780719040472|73243&4&19.478780719040472|73244&4&19.478780719040472|73245&4&19.478780719040472|73246&4&19.478780719040472|73247&4&19.478780719040472|73248&4&19.478780719040472|73249&4&22.077980521237436|73250&4&22.077980521237436|73251&4&22.077980521237436|73252&4&22.077980521237436|73253&4&22.077980521237436|73254&4&22.077980521237436|73255&4&22.077980521237436|73256&4&22.077980521237436|73257&4&22.077980521237436|73258&4&22.077980521237436|73259&4&24.715072639051908|73260&4&24.715072639051908|73261&4&24.715072639051908|73262&4&24.715072639051908|73263&4&24.715072639051908|73264&4&24.715072639051908|73265&4&24.715072639051908|73266&4&24.715072639051908|73267&4&24.715072639051908|73268&4&24.715072639051908|73269&4&29.701247535225843|73270&4&29.701247535225843|73271&4&29.701247535225843|73272&4&29.701247535225843|73273&4&29.701247535225843|73274&4&29.701247535225843|73275&4&29.701247535225843|73276&4&29.701247535225843|73277&4&29.701247535225843|73278&4&29.701247535225843|73279&4&34.760824832006435|73280&4&34.760824832006435|73281&4&34.760824832006435|73282&4&34.760824832006435|73283&4&34.760824832006435|73284&4&34.760824832006435|73285&4&34.760824832006435|73286&4&34.760824832006435|73287&4&34.760824832006435|73288&4&34.760824832006435|73289&4&4.960688698851409|73290&4&4.960688698851409|73291&4&5.608382292518094|73292&4&5.608382292518094|73293&4&6.265512251350472|73294&4&6.265512251350472|73295&4&6.932183688061383|73296&4&6.932183688061383|73297&4&26.061223449001545|73298&4&24.25649347680629|73299&4&2.4220848586730113|73300&4&2.4220848586730113|73301&4&2.7452818070021903|73302&4&2.7452818070021903|73303&4&3.0731904672830073|73304&4&3.0731904672830073|73305&4&3.6931953275930347|73306&4&3.6931953275930347|73307&4&4.3223273938439295|73308&4&4.3223273938439295,2|73189&4&34.760824832006435|73190&4&34.760824832006435|73191&4&34.760824832006435|73192&4&34.760824832006435|73193&4&34.760824832006435|73194&4&34.760824832006435|73195&4&34.760824832006435|73196&4&34.760824832006435|73197&4&34.760824832006435|73198&4&34.760824832006435|73199&4&39.894625093064874|73200&4&39.894625093064874|73201&4&39.894625093064874|73202&4&39.894625093064874|73203&4&39.894625093064874|73204&4&39.894625093064874|73205&4&39.894625093064874|73206&4&39.894625093064874|73207&4&39.894625093064874|73208&4&39.894625093064874|73209&4&45.10347706164238|73210&4&45.10347706164238|73211&4&45.10347706164238|73212&4&45.10347706164238|73213&4&45.10347706164238|73214&4&45.10347706164238|73215&4&45.10347706164238|73216&4&45.10347706164238|73217&4&45.10347706164238|73218&4&45.10347706164238|73219&4&50.38821773708709|73220&4&50.38821773708709|73221&4&50.38821773708709|73222&4&50.38821773708709|73223&4&50.38821773708709|73224&4&50.38821773708709|73225&4&50.38821773708709|73226&4&50.38821773708709|73227&4&50.38821773708709|73228&4&50.38821773708709|73229&4&55.74969245207875|73230&4&55.74969245207875|73231&4&55.74969245207875|73232&4&55.74969245207875|73233&4&55.74969245207875|73234&4&55.74969245207875|73235&4&55.74969245207875|73236&4&55.74969245207875|73237&4&55.74969245207875|73238&4&55.74969245207875|73239&4&177.53440991879722|73240&4&166.98116208230041|73241&4&105.67800857751351|73242&4&164.31041258594882|73243&4&205.928725541248|73244&4&194.2751053926549|73245&4&197.84456784409693|73246&4&235.44637285575726|73247&4&202.85260655205585|73248&4&235.52266546171418|73249&4&19.478780719040472|73250&4&19.478780719040472|73251&4&19.478780719040472|73252&4&19.478780719040472|73253&4&19.478780719040472|73254&4&19.478780719040472|73255&4&19.478780719040472|73256&4&19.478780719040472|73257&4&19.478780719040472|73258&4&19.478780719040472|73259&4&22.077980521237436|73260&4&22.077980521237436|73261&4&22.077980521237436|73262&4&22.077980521237436|73263&4&22.077980521237436|73264&4&22.077980521237436|73265&4&22.077980521237436|73266&4&22.077980521237436|73267&4&22.077980521237436|73268&4&22.077980521237436|73269&4&24.715072639051908|73270&4&24.715072639051908|73271&4&24.715072639051908|73272&4&24.715072639051908|73273&4&24.715072639051908|73274&4&24.715072639051908|73275&4&24.715072639051908|73276&4&24.715072639051908|73277&4&24.715072639051908|73278&4&24.715072639051908|73279&4&29.701247535225843|73280&4&29.701247535225843|73281&4&29.701247535225843|73282&4&29.701247535225843|73283&4&29.701247535225843|73284&4&29.701247535225843|73285&4&29.701247535225843|73286&4&183.33996964843155|73287&4&29.701247535225843|73288&4&29.701247535225843|73289&4&4.3223273938439295|73290&4&4.3223273938439295|73291&4&4.960688698851409|73292&4&4.960688698851409|73293&4&5.608382292518094|73294&4&5.608382292518094|73295&4&6.265512251350472|73296&4&6.265512251350472|73297&4&6.932183688061383|73298&4&6.932183688061383|73299&4&16.314531886928386|73300&4&22.590275281163887|73301&4&2.4220848586730113|73302&4&2.4220848586730113|73303&4&2.7452818070021903|73304&4&11.173065764364988|73305&4&3.0731904672830073|73306&4&3.0731904672830073|73307&4&3.6931953275930347|73308&4&3.6931953275930347,2|73189&4&29.701247535225843|73190&4&29.701247535225843|73191&4&29.701247535225843|73192&4&29.701247535225843|73193&4&29.701247535225843|73194&4&29.701247535225843|73195&4&29.701247535225843|73196&4&29.701247535225843|73197&4&29.701247535225843|73198&4&29.701247535225843|73199&4&34.760824832006435|73200&4&34.760824832006435|73201&4&34.760824832006435|73202&4&34.760824832006435|73203&4&34.760824832006435|73204&4&34.760824832006435|73205&4&34.760824832006435|73206&4&34.760824832006435|73207&4&34.760824832006435|73208&4&34.760824832006435|73209&4&39.894625093064874|73210&4&39.894625093064874|73211&4&39.894625093064874|73212&4&39.894625093064874|73213&4&39.894625093064874|73214&4&39.894625093064874|73215&4&39.894625093064874|73216&4&39.894625093064874|73217&4&39.894625093064874|73218&4&39.894625093064874|73219&4&45.10347706164238|73220&4&45.10347706164238|73221&4&45.10347706164238|73222&4&45.10347706164238|73223&4&45.10347706164238|73224&4&45.10347706164238|73225&4&45.10347706164238|73226&4&45.10347706164238|73227&4&45.10347706164238|73228&4&45.10347706164238|73229&4&50.38821773708709|73230&4&50.38821773708709|73231&4&50.38821773708709|73232&4&50.38821773708709|73233&4&50.38821773708709|73234&4&50.38821773708709|73235&4&50.38821773708709|73236&4&50.38821773708709|73237&4&50.38821773708709|73238&4&50.38821773708709|73239&4&55.74969245207875|73240&4&55.74969245207875|73241&4&55.74969245207875|73242&4&55.74969245207875|73243&4&55.74969245207875|73244&4&55.74969245207875|73245&4&55.74969245207875|73246&4&55.74969245207875|73247&4&55.74969245207875|73248&4&55.74969245207875|73249&4&187.00904485806734|73250&4&179.94759704640515|73251&4&105.67089606628876|73252&4&136.52802043032628|73253&4&209.06452560062579|73254&4&183.3257197951254|73255&4&236.1298033087164|73256&4&151.6743846127847|73257&4&175.11512258962242|73258&4&175.46854033238714|73259&4&19.478780719040472|73260&4&19.478780719040472|73261&4&19.478780719040472|73262&4&19.478780719040472|73263&4&19.478780719040472|73264&4&19.478780719040472|73265&4&19.478780719040472|73266&4&19.478780719040472|73267&4&19.478780719040472|73268&4&19.478780719040472|73269&4&22.077980521237436|73270&4&22.077980521237436|73271&4&22.077980521237436|73272&4&22.077980521237436|73273&4&22.077980521237436|73274&4&22.077980521237436|73275&4&22.077980521237436|73276&4&22.077980521237436|73277&4&22.077980521237436|73278&4&22.077980521237436|73279&4&24.715072639051908|73280&4&24.715072639051908|73281&4&24.715072639051908|73282&4&24.715072639051908|73283&4&24.715072639051908|73284&4&24.715072639051908|73285&4&24.715072639051908|73286&4&24.715072639051908|73287&4&24.715072639051908|73288&4&24.715072639051908|73289&4&3.6931953275930347|73290&4&3.6931953275930347|73291&4&4.3223273938439295|73292&4&4.3223273938439295|73293&4&4.960688698851409|73294&4&4.960688698851409|73295&4&5.608382292518094|73296&4&5.608382292518094|73297&4&6.265512251350472|73298&4&6.265512251350472|73299&4&6.932183688061383|73300&4&6.932183688061383|73301&4&20.68059376807151|73302&4&11.086460212933506|73303&4&2.4220848586730113|73304&4&2.4220848586730113|73305&4&2.7452818070021903|73306&4&2.7452818070021903|73307&4&3.0731904672830073|73308&4&3.0731904672830073,2|73189&4&24.715072639051908|73190&4&24.715072639051908|73191&4&24.715072639051908|73192&4&24.715072639051908|73193&4&24.715072639051908|73194&4&24.715072639051908|73195&4&24.715072639051908|73196&4&24.715072639051908|73197&4&24.715072639051908|73198&4&24.715072639051908|73199&4&29.701247535225843|73200&4&29.701247535225843|73201&4&29.701247535225843|73202&4&29.701247535225843|73203&4&29.701247535225843|73204&4&29.701247535225843|73205&4&29.701247535225843|73206&4&29.701247535225843|73207&4&29.701247535225843|73208&4&29.701247535225843|73209&4&34.760824832006435|73210&4&34.760824832006435|73211&4&34.760824832006435|73212&4&34.760824832006435|73213&4&34.760824832006435|73214&4&34.760824832006435|73215&4&34.760824832006435|73216&4&34.760824832006435|73217&4&34.760824832006435|73218&4&34.760824832006435|73219&4&39.894625093064874|73220&4&39.894625093064874|73221&4&39.894625093064874|73222&4&39.894625093064874|73223&4&39.894625093064874|73224&4&39.894625093064874|73225&4&39.894625093064874|73226&4&39.894625093064874|73227&4&39.894625093064874|73228&4&39.894625093064874|73229&4&45.10347706164238|73230&4&45.10347706164238|73231&4&45.10347706164238|73232&4&45.10347706164238|73233&4&45.10347706164238|73234&4&45.10347706164238|73235&4&45.10347706164238|73236&4&45.10347706164238|73237&4&45.10347706164238|73238&4&45.10347706164238|73239&4&50.38821773708709|73240&4&50.38821773708709|73241&4&50.38821773708709|73242&4&50.38821773708709|73243&4&50.38821773708709|73244&4&50.38821773708709|73245&4&50.38821773708709|73246&4&50.38821773708709|73247&4&50.38821773708709|73248&4&50.38821773708709|73249&4&55.74969245207875|73250&4&55.74969245207875|73251&4&55.74969245207875|73252&4&55.74969245207875|73253&4&55.74969245207875|73254&4&55.74969245207875|73255&4&55.74969245207875|73256&4&55.74969245207875|73257&4&55.74969245207875|73258&4&55.74969245207875|73259&4&158.71608850118702|73260&4&203.1978995913819|73261&4&221.24162380676506|73262&4&245.82680154387148|73263&4&180.09538491818404|73264&4&172.00814349765875|73265&4&186.24828540165402|73266&4&173.84253398715381|73267&4&231.14341684068592|73268&4&159.031350537267|73269&4&19.478780719040472|73270&4&19.478780719040472|73271&4&19.478780719040472|73272&4&19.478780719040472|73273&4&19.478780719040472|73274&4&19.478780719040472|73275&4&19.478780719040472|73276&4&19.478780719040472|73277&4&19.478780719040472|73278&4&19.478780719040472|73279&4&22.077980521237436|73280&4&22.077980521237436|73281&4&22.077980521237436|73282&4&22.077980521237436|73283&4&22.077980521237436|73284&4&22.077980521237436|73285&4&22.077980521237436|73286&4&22.077980521237436|73287&4&22.077980521237436|73288&4&22.077980521237436|73289&4&3.0731904672830073|73290&4&3.0731904672830073|73291&4&3.6931953275930347|73292&4&3.6931953275930347|73293&4&4.3223273938439295|73294&4&4.3223273938439295|73295&4&4.960688698851409|73296&4&4.960688698851409|73297&4&5.608382292518094|73298&4&5.608382292518094|73299&4&6.265512251350472|73300&4&6.265512251350472|73301&4&6.932183688061383|73302&4&6.932183688061383|73303&4&25.924509316784068|73304&4&7.608502761258817|73305&4&2.4220848586730113|73306&4&2.4220848586730113|73307&4&2.7452818070021903|73308&4&2.7452818070021903,2|73189&4&22.077980521237436|73190&4&22.077980521237436|73191&4&22.077980521237436|73192&4&22.077980521237436|73193&4&22.077980521237436|73194&4&22.077980521237436|73195&4&22.077980521237436|73196&4&22.077980521237436|73197&4&22.077980521237436|73198&4&22.077980521237436|73199&4&24.715072639051908|73200&4&24.715072639051908|73201&4&24.715072639051908|73202&4&24.715072639051908|73203&4&24.715072639051908|73204&4&24.715072639051908|73205&4&24.715072639051908|73206&4&24.715072639051908|73207&4&24.715072639051908|73208&4&24.715072639051908|73209&4&29.701247535225843|73210&4&29.701247535225843|73211&4&29.701247535225843|73212&4&29.701247535225843|73213&4&29.701247535225843|73214&4&29.701247535225843|73215&4&29.701247535225843|73216&4&29.701247535225843|73217&4&29.701247535225843|73218&4&29.701247535225843|73219&4&34.760824832006435|73220&4&34.760824832006435|73221&4&34.760824832006435|73222&4&34.760824832006435|73223&4&34.760824832006435|73224&4&34.760824832006435|73225&4&34.760824832006435|73226&4&34.760824832006435|73227&4&34.760824832006435|73228&4&34.760824832006435|73229&4&39.894625093064874|73230&4&39.894625093064874|73231&4&39.894625093064874|73232&4&39.894625093064874|73233&4&39.894625093064874|73234&4&39.894625093064874|73235&4&39.894625093064874|73236&4&39.894625093064874|73237&4&39.894625093064874|73238&4&39.894625093064874|73239&4&45.10347706164238|73240&4&45.10347706164238|73241&4&45.10347706164238|73242&4&45.10347706164238|73243&4&45.10347706164238|73244&4&45.10347706164238|73245&4&45.10347706164238|73246&4&45.10347706164238|73247&4&45.10347706164238|73248&4&45.10347706164238|73249&4&50.38821773708709|73250&4&50.38821773708709|73251&4&50.38821773708709|73252&4&50.38821773708709|73253&4&50.38821773708709|73254&4&50.38821773708709|73255&4&50.38821773708709|73256&4&50.38821773708709|73257&4&50.38821773708709|73258&4&50.38821773708709|73259&4&55.74969245207875|73260&4&55.74969245207875|73261&4&55.74969245207875|73262&4&55.74969245207875|73263&4&55.74969245207875|73264&4&55.74969245207875|73265&4&55.74969245207875|73266&4&55.74969245207875|73267&4&55.74969245207875|73268&4&55.74969245207875|73269&4&171.96908111141306|73270&4&185.4479949819246|73271&4&105.67927913671865|73272&4&168.53705088122075|73273&4&157.82946969180176|73274&4&187.23910586337988|73275&4&105.67927913671865|73276&4&158.97310890599752|73277&4&226.25665336934992|73278&4&105.67800857751351|73279&4&19.478780719040472|73280&4&19.478780719040472|73281&4&19.478780719040472|73282&4&19.478780719040472|73283&4&19.478780719040472|73284&4&19.478780719040472|73285&4&19.478780719040472|73286&4&19.478780719040472|73287&4&19.478780719040472|73288&4&19.478780719040472|73289&4&2.7452818070021903|73290&4&2.7452818070021903|73291&4&3.0731904672830073|73292&4&3.0731904672830073|73293&4&3.6931953275930347|73294&4&3.6931953275930347|73295&4&4.3223273938439295|73296&4&4.3223273938439295|73297&4&4.960688698851409|73298&4&4.960688698851409|73299&4&5.608382292518094|73300&4&5.608382292518094|73301&4&6.265512251350472|73302&4&6.265512251350472|73303&4&6.932183688061383|73304&4&16.798590011049583|73305&4&26.12437796325092|73306&4&24.333849886423785|73307&4&2.4220848586730113|73308&4&2.4220848586730113,2|73189&4&19.478780719040472|73190&4&19.478780719040472|73191&4&19.478780719040472|73192&4&19.478780719040472|73193&4&19.478780719040472|73194&4&19.478780719040472|73195&4&19.478780719040472|73196&4&19.478780719040472|73197&4&19.478780719040472|73198&4&19.478780719040472|73199&4&22.077980521237436|73200&4&22.077980521237436|73201&4&22.077980521237436|73202&4&22.077980521237436|73203&4&22.077980521237436|73204&4&22.077980521237436|73205&4&22.077980521237436|73206&4&22.077980521237436|73207&4&85.11744913176949|73208&4&22.077980521237436|73209&4&24.715072639051908|73210&4&24.715072639051908|73211&4&24.715072639051908|73212&4&24.715072639051908|73213&4&24.715072639051908|73214&4&24.715072639051908|73215&4&24.715072639051908|73216&4&24.715072639051908|73217&4&24.715072639051908|73218&4&24.715072639051908|73219&4&29.701247535225843|73220&4&29.701247535225843|73221&4&29.701247535225843|73222&4&29.701247535225843|73223&4&29.701247535225843|73224&4&29.701247535225843|73225&4&29.701247535225843|73226&4&29.701247535225843|73227&4&29.701247535225843|73228&4&29.701247535225843|73229&4&34.760824832006435|73230&4&34.760824832006435|73231&4&34.760824832006435|73232&4&34.760824832006435|73233&4&34.760824832006435|73234&4&34.760824832006435|73235&4&34.760824832006435|73236&4&34.760824832006435|73237&4&34.760824832006435|73238&4&34.760824832006435|73239&4&39.894625093064874|73240&4&39.894625093064874|73241&4&39.894625093064874|73242&4&51.08954598041598|73243&4&39.894625093064874|73244&4&39.894625093064874|73245&4&39.894625093064874|73246&4&39.894625093064874|73247&4&39.894625093064874|73248&4&39.894625093064874|73249&4&45.10347706164238|73250&4&45.10347706164238|73251&4&45.10347706164238|73252&4&45.10347706164238|73253&4&45.10347706164238|73254&4&45.10347706164238|73255&4&45.10347706164238|73256&4&45.10347706164238|73257&4&45.10347706164238|73258&4&45.10347706164238|73259&4&50.38821773708709|73260&4&50.38821773708709|73261&4&50.38821773708709|73262&4&50.38821773708709|73263&4&50.38821773708709|73264&4&50.38821773708709|73265&4&50.38821773708709|73266&4&50.38821773708709|73267&4&50.38821773708709|73268&4&50.38821773708709|73269&4&55.74969245207875|73270&4&55.74969245207875|73271&4&55.74969245207875|73272&4&55.74969245207875|73273&4&55.74969245207875|73274&4&55.74969245207875|73275&4&55.74969245207875|73276&4&105.62888640820503|73277&4&55.74969245207875|73278&4&185.4566468899146|73279&4&241.65365489942633|73280&4&246.14034902061604|73281&4&235.46361219296716|73282&4&215.34686511373906|73283&4&190.10676197183145|73284&4&235.5089865875185|73285&4&207.14323728342816|73286&4&61.18875495054756|73287&4&164.47940947817773|73288&4&190.075258452613|73289&4&2.4220848586730113|73290&4&2.4220848586730113|73291&4&2.7452818070021903|73292&4&2.7452818070021903|73293&4&3.0731904672830073|73294&4&3.0731904672830073|73295&4&3.6931953275930347|73296&4&3.6931953275930347|73297&4&4.3223273938439295|73298&4&4.3223273938439295|73299&4&4.960688698851409|73300&4&4.960688698851409|73301&4&5.608382292518094|73302&4&5.608382292518094|73303&4&6.265512251350472|73304&4&6.265512251350472|73305&4&6.932183688061383|73306&4&6.932183688061383|73307&4&24.05220689910798|73308&4&26.012095799752885
4|4,130,1,1,1,1,1,1,1,1,1,1,1,1,1,1,1,1,1,1,1,1,1,1,1,1,1,1,1,1,1,1,1,1,1,1,1,1,1,1,1,1,1,1,1,1,1,1,1,1,1,1,1,1,1,1,1,1,1,1,1,1,1,1,1,1,1,1,1,1,1,1,1,1,1,1,1,1,1,1,1,1,1,1,1,1,1,1,1,1,1,1,1,1,1,1,1,1,1,1,1,1,0,0,0,0,0,0,0,0,0,0,0,0,0,0,0,0,0,0,0,0,2|73189&4&148.54047289084565|73190&4&163.5714016618494|73191&4&162.79603886902376|73192&4&173.87348774221118|73193&4&178.7429254880726|73194&4&176.37081875084175|73195&4&176.0942928982145|73196&4&132.50319925341842|73197&4&148.5889892505661|73198&4&169.1504304977407|73199&4&17.04393312916041|73200&4&17.04393312916041|73201&4&17.04393312916041|73202&4&17.04393312916041|73203&4&17.04393312916041|73204&4&17.04393312916041|73205&4&17.04393312916041|73206&4&17.04393312916041|73207&4&17.04393312916041|73208&4&17.04393312916041|73209&4&19.624871574433275|73210&4&19.624871574433275|73211&4&199.5832024478551|73212&4&19.624871574433275|73213&4&19.624871574433275|73214&4&19.624871574433275|73215&4&19.624871574433275|73216&4&19.624871574433275|73217&4&19.624871574433275|73218&4&19.624871574433275|73219&4&22.243565375146716|73220&4&22.243565375146716|73221&4&22.243565375146716|73222&4&22.243565375146716|73223&4&22.243565375146716|73224&4&22.243565375146716|73225&4&22.243565375146716|73226&4&22.243565375146716|73227&4&22.243565375146716|73228&4&22.243565375146716|73229&4&24.900435683844805|73230&4&24.900435683844805|73231&4&24.900435683844805|73232&4&24.900435683844805|73233&4&24.900435683844805|73234&4&24.900435683844805|73235&4&24.900435683844805|73236&4&24.900435683844805|73237&4&24.900435683844805|73238&4&24.900435683844805|73239&4&29.924006891740042|73240&4&29.924006891740042|73241&4&29.924006891740042|73242&4&29.924006891740042|73243&4&29.924006891740042|73244&4&29.924006891740042|73245&4&29.924006891740042|73246&4&29.924006891740042|73247&4&29.924006891740042|73248&4&29.924006891740042|73249&4&35.021531018246485|73250&4&35.021531018246485|73251&4&35.021531018246485|73252&4&35.021531018246485|73253&4&35.021531018246485|73254&4&35.021531018246485|73255&4&35.021531018246485|73256&4&35.021531018246485|73257&4&35.021531018246485|73258&4&35.021531018246485|73259&4&40.19383478126285|73260&4&40.19383478126285|73261&4&40.19383478126285|73262&4&40.19383478126285|73263&4&40.19383478126285|73264&4&40.19383478126285|73265&4&40.19383478126285|73266&4&40.19383478126285|73267&4&40.19383478126285|73268&4&40.19383478126285|73269&4&45.441753139604714|73270&4&45.441753139604714|73271&4&45.441753139604714|73272&4&45.441753139604714|73273&4&45.441753139604714|73274&4&45.441753139604714|73275&4&45.441753139604714|73276&4&45.441753139604714|73277&4&45.441753139604714|73278&4&45.441753139604714|73279&4&50.76612937011525|73280&4&50.76612937011525|73281&4&50.76612937011525|73282&4&50.76612937011525|73283&4&50.76612937011525|73284&4&50.76612937011525|73285&4&50.76612937011525|73286&4&50.76612937011525|73287&4&50.76612937011525|73288&4&50.76612937011525|73289&4&27.896888039201627|73290&4&22.625923317971736|73291&4&2.119324251338885|73292&4&2.119324251338885|73293&4&2.440250495113058|73294&4&2.440250495113058|73295&4&2.7658714205547064|73296&4&2.7658714205547064|73297&4&3.0962393957876304|73298&4&3.0962393957876304|73299&4&3.7208942925499846|73300&4&3.7208942925499846|73301&4&4.354744849297759|73302&4&4.354744849297759|73303&4&4.9978938640927915|73304&4&4.9978938640927915|73305&4&5.65044515971198|73306&4&5.65044515971198|73307&4&0.0|73308&4&0.0,2|73189&4&50.76612937011525|73190&4&50.76612937011525|73191&4&50.76612937011525|73192&4&50.76612937011525|73193&4&50.76612937011525|73194&4&50.76612937011525|73195&4&50.76612937011525|73196&4&50.76612937011525|73197&4&75.6941350857519|73198&4&50.76612937011525|73199&4&177.8564200819468|73200&4&236.22523069206568|73201&4&148.9592894437067|73202&4&191.78301493696185|73203&4&170.757242914443|73204&4&199.39885797431265|73205&4&203.1524290554027|73206&4&136.98795325088426|73207&4&98.18647988827688|73208&4&221.1912026308191|73209&4&17.04393312916041|73210&4&17.04393312916041|73211&4&17.04393312916041|73212&4&17.04393312916041|73213&4&17.04393312916041|73214&4&17.04393312916041|73215&4&17.04393312916041|73216&4&17.04393312916041|73217&4&17.04393312916041|73218&4&17.04393312916041|73219&4&19.624871574433275|73220&4&19.624871574433275|73221&4&19.624871574433275|73222&4&19.624871574433275|73223&4&19.624871574433275|73224&4&19.624871574433275|73225&4&19.624871574433275|73226&4&19.624871574433275|73227&4&19.624871574433275|73228&4&19.624871574433275|73229&4&22.243565375146716|73230&4&22.243565375146716|73231&4&22.243565375146716|73232&4&22.243565375146716|73233&4&22.243565375146716|73234&4&22.243565375146716|73235&4&22.243565375146716|73236&4&22.243565375146716|73237&4&22.243565375146716|73238&4&22.243565375146716|73239&4&24.900435683844805|73240&4&24.900435683844805|73241&4&24.900435683844805|73242&4&24.900435683844805|73243&4&24.900435683844805|73244&4&24.900435683844805|73245&4&24.900435683844805|73246&4&24.900435683844805|73247&4&24.900435683844805|73248&4&24.900435683844805|73249&4&29.924006891740042|73250&4&29.924006891740042|73251&4&29.924006891740042|73252&4&29.924006891740042|73253&4&29.924006891740042|73254&4&29.924006891740042|73255&4&29.924006891740042|73256&4&29.924006891740042|73257&4&29.924006891740042|73258&4&29.924006891740042|73259&4&35.021531018246485|73260&4&35.021531018246485|73261&4&35.021531018246485|73262&4&35.021531018246485|73263&4&35.021531018246485|73264&4&35.021531018246485|73265&4&35.021531018246485|73266&4&35.021531018246485|73267&4&35.021531018246485|73268&4&35.021531018246485|73269&4&40.19383478126285|73270&4&40.19383478126285|73271&4&40.19383478126285|73272&4&40.19383478126285|73273&4&40.19383478126285|73274&4&40.19383478126285|73275&4&40.19383478126285|73276&4&40.19383478126285|73277&4&40.19383478126285|73278&4&40.19383478126285|73279&4&45.441753139604714|73280&4&45.441753139604714|73281&4&45.441753139604714|73282&4&45.441753139604714|73283&4&45.441753139604714|73284&4&45.441753139604714|73285&4&45.441753139604714|73286&4&45.441753139604714|73287&4&45.441753139604714|73288&4&45.441753139604714|73289&4&6.312503593235602|73290&4&6.312503593235602|73291&4&26.201025068708624|73292&4&25.08000951753568|73293&4&2.119324251338885|73294&4&2.119324251338885|73295&4&2.440250495113058|73296&4&2.440250495113058|73297&4&2.7658714205547064|73298&4&2.7658714205547064|73299&4&3.0962393957876304|73300&4&3.0962393957876304|73301&4&3.7208942925499846|73302&4&4.0118198596223955|73303&4&4.354744849297759|73304&4&4.354744849297759|73305&4&4.9978938640927915|73306&4&4.9978938640927915|73307&4&0.0|73308&4&0.0,2|73189&4&45.441753139604714|73190&4&45.441753139604714|73191&4&45.441753139604714|73192&4&45.441753139604714|73193&4&45.441753139604714|73194&4&45.441753139604714|73195&4&45.441753139604714|73196&4&45.441753139604714|73197&4&45.441753139604714|73198&4&45.441753139604714|73199&4&50.76612937011525|73200&4&50.76612937011525|73201&4&50.76612937011525|73202&4&50.76612937011525|73203&4&50.76612937011525|73204&4&50.76612937011525|73205&4&50.76612937011525|73206&4&50.76612937011525|73207&4&50.76612937011525|73208&4&50.76612937011525|73209&4&183.765055794677|73210&4&148.63612135970672|73211&4&56.16781514546935|73212&4&136.1448190876402|73213&4&212.06681310016057|73214&4&163.3514738567388|73215&4&226.76375218603178|73216&4&221.78592529070087|73217&4&231.04345549192547|73218&4&221.27627953834104|73219&4&17.04393312916041|73220&4&17.04393312916041|73221&4&17.04393312916041|73222&4&17.04393312916041|73223&4&17.04393312916041|73224&4&17.04393312916041|73225&4&17.04393312916041|73226&4&17.04393312916041|73227&4&17.04393312916041|73228&4&17.04393312916041|73229&4&19.624871574433275|73230&4&19.624871574433275|73231&4&19.624871574433275|73232&4&19.624871574433275|73233&4&19.624871574433275|73234&4&19.624871574433275|73235&4&19.624871574433275|73236&4&19.624871574433275|73237&4&19.624871574433275|73238&4&19.624871574433275|73239&4&22.243565375146716|73240&4&22.243565375146716|73241&4&22.243565375146716|73242&4&22.243565375146716|73243&4&22.243565375146716|73244&4&22.243565375146716|73245&4&22.243565375146716|73246&4&22.243565375146716|73247&4&22.243565375146716|73248&4&22.243565375146716|73249&4&24.900435683844805|73250&4&24.900435683844805|73251&4&24.900435683844805|73252&4&24.900435683844805|73253&4&24.900435683844805|73254&4&24.900435683844805|73255&4&24.900435683844805|73256&4&24.900435683844805|73257&4&24.900435683844805|73258&4&24.900435683844805|73259&4&29.924006891740042|73260&4&29.924006891740042|73261&4&29.924006891740042|73262&4&29.924006891740042|73263&4&29.924006891740042|73264&4&29.924006891740042|73265&4&29.924006891740042|73266&4&29.924006891740042|73267&4&29.924006891740042|73268&4&29.924006891740042|73269&4&35.021531018246485|73270&4&35.021531018246485|73271&4&35.021531018246485|73272&4&35.021531018246485|73273&4&35.021531018246485|73274&4&35.021531018246485|73275&4&154.084068496716|73276&4&35.021531018246485|73277&4&35.021531018246485|73278&4&35.021531018246485|73279&4&40.19383478126285|73280&4&40.19383478126285|73281&4&40.19383478126285|73282&4&40.19383478126285|73283&4&40.19383478126285|73284&4&40.19383478126285|73285&4&40.19383478126285|73286&4&40.19383478126285|73287&4&40.19383478126285|73288&4&40.19383478126285|73289&4&5.65044515971198|73290&4&5.65044515971198|73291&4&6.312503593235602|73292&4&6.312503593235602|73293&4&24.405593057460013|73294&4&24.384240266385042|73295&4&2.119324251338885|73296&4&2.119324251338885|73297&4&2.440250495113058|73298&4&2.440250495113058|73299&4&2.7658714205547064|73300&4&2.7658714205547064|73301&4&3.0962393957876304|73302&4&7.748022092451498|73303&4&3.7208942925499846|73304&4&3.7208942925499846|73305&4&4.354744849297759|73306&4&4.354744849297759|73307&4&0.0|73308&4&0.0,2|73189&4&40.19383478126285|73190&4&40.19383478126285|73191&4&40.19383478126285|73192&4&40.19383478126285|73193&4&40.19383478126285|73194&4&40.19383478126285|73195&4&40.19383478126285|73196&4&40.19383478126285|73197&4&40.19383478126285|73198&4&40.19383478126285|73199&4&45.441753139604714|73200&4&45.441753139604714|73201&4&45.441753139604714|73202&4&45.441753139604714|73203&4&45.441753139604714|73204&4&45.441753139604714|73205&4&45.441753139604714|73206&4&45.441753139604714|73207&4&45.441753139604714|73208&4&45.441753139604714|73209&4&50.76612937011525|73210&4&50.76612937011525|73211&4&50.76612937011525|73212&4&50.76612937011525|73213&4&50.76612937011525|73214&4&50.76612937011525|73215&4&50.76612937011525|73216&4&50.76612937011525|73217&4&50.76612937011525|73218&4&50.76612937011525|73219&4&56.16781514546935|73220&4&189.21157049655417|73221&4&221.63387997291278|73222&4&140.3576593036545|73223&4&157.95359646994763|73224&4&183.35095578268744|73225&4&158.219139885077|73226&4&163.2942341833412|73227&4&199.16984604683296|73228&4&165.73936334925094|73229&4&17.04393312916041|73230&4&17.04393312916041|73231&4&17.04393312916041|73232&4&17.04393312916041|73233&4&17.04393312916041|73234&4&17.04393312916041|73235&4&17.04393312916041|73236&4&17.04393312916041|73237&4&17.04393312916041|73238&4&17.04393312916041|73239&4&19.624871574433275|73240&4&19.624871574433275|73241&4&50.80653749843885|73242&4&19.624871574433275|73243&4&19.624871574433275|73244&4&19.624871574433275|73245&4&19.624871574433275|73246&4&19.624871574433275|73247&4&19.624871574433275|73248&4&19.624871574433275|73249&4&22.243565375146716|73250&4&22.243565375146716|73251&4&155.7129208495232|73252&4&22.243565375146716|73253&4&22.243565375146716|73254&4&22.243565375146716|73255&4&22.243565375146716|73256&4&22.243565375146716|73257&4&22.243565375146716|73258&4&22.243565375146716|73259&4&24.900435683844805|73260&4&24.900435683844805|73261&4&24.900435683844805|73262&4&24.900435683844805|73263&4&24.900435683844805|73264&4&24.900435683844805|73265&4&24.900435683844805|73266&4&24.900435683844805|73267&4&24.900435683844805|73268&4&24.900435683844805|73269&4&29.924006891740042|73270&4&29.924006891740042|73271&4&90.42318362727042|73272&4&29.924006891740042|73273&4&29.924006891740042|73274&4&29.924006891740042|73275&4&29.924006891740042|73276&4&29.924006891740042|73277&4&29.924006891740042|73278&4&29.924006891740042|73279&4&35.021531018246485|73280&4&35.021531018246485|73281&4&35.021531018246485|73282&4&35.021531018246485|73283&4&35.021531018246485|73284&4&35.021531018246485|73285&4&35.021531018246485|73286&4&35.021531018246485|73287&4&35.021531018246485|73288&4&35.021531018246485|73289&4&4.9978938640927915|73290&4&4.9978938640927915|73291&4&5.65044515971198|73292&4&5.65044515971198|73293&4&6.312503593235602|73294&4&22.920939367872386|73295&4&20.818144659567913|73296&4&21.27827373757837|73297&4&2.119324251338885|73298&4&2.119324251338885|73299&4&2.440250495113058|73300&4&2.440250495113058|73301&4&2.7658714205547064|73302&4&2.7658714205547064|73303&4&3.0962393957876304|73304&4&3.0962393957876304|73305&4&3.7208942925499846|73306&4&3.7208942925499846|73307&4&0.0|73308&4&0.0,2|73189&4&35.021531018246485|73190&4&35.021531018246485|73191&4&35.021531018246485|73192&4&35.021531018246485|73193&4&35.021531018246485|73194&4&35.021531018246485|73195&4&35.021531018246485|73196&4&35.021531018246485|73197&4&35.021531018246485|73198&4&35.021531018246485|73199&4&40.19383478126285|73200&4&40.19383478126285|73201&4&40.19383478126285|73202&4&40.19383478126285|73203&4&40.19383478126285|73204&4&40.19383478126285|73205&4&40.19383478126285|73206&4&40.19383478126285|73207&4&40.19383478126285|73208&4&40.19383478126285|73209&4&45.441753139604714|73210&4&45.441753139604714|73211&4&45.441753139604714|73212&4&45.441753139604714|73213&4&45.441753139604714|73214&4&45.441753139604714|73215&4&45.441753139604714|73216&4&45.441753139604714|73217&4&45.441753139604714|73218&4&45.441753139604714|73219&4&186.77741710108836|73220&4&50.76612937011525|73221&4&50.76612937011525|73222&4&50.76612937011525|73223&4&50.76612937011525|73224&4&50.76612937011525|73225&4&50.76612937011525|73226&4&50.76612937011525|73227&4&50.76612937011525|73228&4&50.76612937011525|73229&4&163.62039627984797|73230&4&221.52867372361854|73231&4&190.18294203680162|73232&4&221.74102069746024|73233&4&158.3331269312018|73234&4&153.83073728843817|73235&4&194.96605255033336|73236&4&164.0807145378576|73237&4&158.59356181541415|73238&4&221.32214768477928|73239&4&17.04393312916041|73240&4&17.04393312916041|73241&4&17.04393312916041|73242&4&17.04393312916041|73243&4&17.04393312916041|73244&4&17.04393312916041|73245&4&17.04393312916041|73246&4&17.04393312916041|73247&4&17.04393312916041|73248&4&17.04393312916041|73249&4&19.624871574433275|73250&4&19.624871574433275|73251&4&19.624871574433275|73252&4&19.624871574433275|73253&4&19.624871574433275|73254&4&19.624871574433275|73255&4&19.624871574433275|73256&4&19.624871574433275|73257&4&19.624871574433275|73258&4&19.624871574433275|73259&4&22.243565375146716|73260&4&22.243565375146716|73261&4&22.243565375146716|73262&4&22.243565375146716|73263&4&22.243565375146716|73264&4&22.243565375146716|73265&4&22.243565375146716|73266&4&22.243565375146716|73267&4&22.243565375146716|73268&4&22.243565375146716|73269&4&24.900435683844805|73270&4&24.900435683844805|73271&4&24.900435683844805|73272&4&24.900435683844805|73273&4&24.900435683844805|73274&4&24.900435683844805|73275&4&24.900435683844805|73276&4&24.900435683844805|73277&4&24.900435683844805|73278&4&24.900435683844805|73279&4&29.924006891740042|73280&4&29.924006891740042|73281&4&29.924006891740042|73282&4&29.924006891740042|73283&4&29.924006891740042|73284&4&29.924006891740042|73285&4&29.924006891740042|73286&4&29.924006891740042|73287&4&29.924006891740042|73288&4&29.924006891740042|73289&4&4.354744849297759|73290&4&4.354744849297759|73291&4&4.9978938640927915|73292&4&4.9978938640927915|73293&4&5.65044515971198|73294&4&5.65044515971198|73295&4&6.312503593235602|73296&4&6.312503593235602|73297&4&24.482059723904083|73298&4&22.767331521189845|73299&4&2.119324251338885|73300&4&2.119324251338885|73301&4&2.440250495113058|73302&4&2.440250495113058|73303&4&2.7658714205547064|73304&4&2.7658714205547064|73305&4&3.0962393957876304|73306&4&3.0962393957876304|73307&4&0.0|73308&4&0.0,2|73189&4&29.924006891740042|73190&4&29.924006891740042|73191&4&29.924006891740042|73192&4&29.924006891740042|73193&4&29.924006891740042|73194&4&29.924006891740042|73195&4&29.924006891740042|73196&4&29.924006891740042|73197&4&29.924006891740042|73198&4&29.924006891740042|73199&4&35.021531018246485|73200&4&35.021531018246485|73201&4&35.021531018246485|73202&4&35.021531018246485|73203&4&35.021531018246485|73204&4&35.021531018246485|73205&4&35.021531018246485|73206&4&35.021531018246485|73207&4&35.021531018246485|73208&4&35.021531018246485|73209&4&40.19383478126285|73210&4&40.19383478126285|73211&4&40.19383478126285|73212&4&40.19383478126285|73213&4&40.19383478126285|73214&4&40.19383478126285|73215&4&40.19383478126285|73216&4&40.19383478126285|73217&4&40.19383478126285|73218&4&40.19383478126285|73219&4&45.441753139604714|73220&4&45.441753139604714|73221&4&45.441753139604714|73222&4&45.441753139604714|73223&4&45.441753139604714|73224&4&45.441753139604714|73225&4&45.441753139604714|73226&4&45.441753139604714|73227&4&45.441753139604714|73228&4&45.441753139604714|73229&4&50.76612937011525|73230&4&50.76612937011525|73231&4&50.76612937011525|73232&4&50.76612937011525|73233&4&50.76612937011525|73234&4&50.76612937011525|73235&4&50.76612937011525|73236&4&50.76612937011525|73237&4&50.76612937011525|73238&4&50.76612937011525|73239&4&166.30827945119407|73240&4&156.28213507587407|73241&4&98.1854435709372|73242&4&153.73193157892854|73243&4&193.2959723835927|73244&4&182.21217367790493|73245&4&185.6181516084755|73246&4&221.33740121384307|73247&4&190.3748022344269|73248&4&221.4094837120885|73249&4&17.04393312916041|73250&4&17.04393312916041|73251&4&17.04393312916041|73252&4&17.04393312916041|73253&4&17.04393312916041|73254&4&17.04393312916041|73255&4&17.04393312916041|73256&4&17.04393312916041|73257&4&17.04393312916041|73258&4&17.04393312916041|73259&4&19.624871574433275|73260&4&19.624871574433275|73261&4&19.624871574433275|73262&4&19.624871574433275|73263&4&19.624871574433275|73264&4&19.624871574433275|73265&4&19.624871574433275|73266&4&19.624871574433275|73267&4&19.624871574433275|73268&4&19.624871574433275|73269&4&22.243565375146716|73270&4&22.243565375146716|73271&4&22.243565375146716|73272&4&22.243565375146716|73273&4&22.243565375146716|73274&4&22.243565375146716|73275&4&22.243565375146716|73276&4&22.243565375146716|73277&4&22.243565375146716|73278&4&22.243565375146716|73279&4&24.900435683844805|73280&4&24.900435683844805|73281&4&24.900435683844805|73282&4&24.900435683844805|73283&4&24.900435683844805|73284&4&24.900435683844805|73285&4&24.900435683844805|73286&4&170.45720885941245|73287&4&24.900435683844805|73288&4&24.900435683844805|73289&4&3.7208942925499846|73290&4&3.7208942925499846|73291&4&4.354744849297759|73292&4&4.354744849297759|73293&4&4.9978938640927915|73294&4&4.9978938640927915|73295&4&5.65044515971198|73296&4&5.65044515971198|73297&4&6.312503593235602|73298&4&6.312503593235602|73299&4&15.222708039120766|73300&4&41.21082929491375|73301&4&2.119324251338885|73302&4&2.119324251338885|73303&4&2.440250495113058|73304&4&10.414297409539586|73305&4&2.7658714205547064|73306&4&2.7658714205547064|73307&4&0.0|73308&4&0.0,2|73189&4&24.900435683844805|73190&4&24.900435683844805|73191&4&24.900435683844805|73192&4&24.900435683844805|73193&4&24.900435683844805|73194&4&24.900435683844805|73195&4&24.900435683844805|73196&4&24.900435683844805|73197&4&24.900435683844805|73198&4&24.900435683844805|73199&4&29.924006891740042|73200&4&29.924006891740042|73201&4&29.924006891740042|73202&4&29.924006891740042|73203&4&29.924006891740042|73204&4&29.924006891740042|73205&4&29.924006891740042|73206&4&29.924006891740042|73207&4&29.924006891740042|73208&4&29.924006891740042|73209&4&35.021531018246485|73210&4&35.021531018246485|73211&4&35.021531018246485|73212&4&35.021531018246485|73213&4&35.021531018246485|73214&4&35.021531018246485|73215&4&35.021531018246485|73216&4&35.021531018246485|73217&4&35.021531018246485|73218&4&35.021531018246485|73219&4&40.19383478126285|73220&4&40.19383478126285|73221&4&40.19383478126285|73222&4&40.19383478126285|73223&4&40.19383478126285|73224&4&40.19383478126285|73225&4&40.19383478126285|73226&4&40.19383478126285|73227&4&40.19383478126285|73228&4&40.19383478126285|73229&4&45.441753139604714|73230&4&45.441753139604714|73231&4&45.441753139604714|73232&4&45.441753139604714|73233&4&45.441753139604714|73234&4&45.441753139604714|73235&4&45.441753139604714|73236&4&45.441753139604714|73237&4&45.441753139604714|73238&4&45.441753139604714|73239&4&50.76612937011525|73240&4&50.76612937011525|73241&4&50.76612937011525|73242&4&50.76612937011525|73243&4&50.76612937011525|73244&4&50.76612937011525|73245&4&50.76612937011525|73246&4&50.76612937011525|73247&4&50.76612937011525|73248&4&50.76612937011525|73249&4&175.32758041601988|73250&4&168.60723270621085|73251&4&98.17872619922493|73252&4&127.41181523203286|73253&4&196.26234802398514|73254&4&171.81589362629617|73255&4&221.98707234397412|73256&4&141.76085711256133|73257&4&164.01598204885792|73258&4&164.37663150919985|73259&4&17.04393312916041|73260&4&17.04393312916041|73261&4&17.04393312916041|73262&4&17.04393312916041|73263&4&17.04393312916041|73264&4&17.04393312916041|73265&4&17.04393312916041|73266&4&17.04393312916041|73267&4&17.04393312916041|73268&4&17.04393312916041|73269&4&19.624871574433275|73270&4&19.624871574433275|73271&4&19.624871574433275|73272&4&19.624871574433275|73273&4&19.624871574433275|73274&4&19.624871574433275|73275&4&19.624871574433275|73276&4&19.624871574433275|73277&4&19.624871574433275|73278&4&19.624871574433275|73279&4&22.243565375146716|73280&4&22.243565375146716|73281&4&22.243565375146716|73282&4&22.243565375146716|73283&4&22.243565375146716|73284&4&22.243565375146716|73285&4&22.243565375146716|73286&4&22.243565375146716|73287&4&22.243565375146716|73288&4&22.243565375146716|73289&4&3.0962393957876304|73290&4&3.0962393957876304|73291&4&3.7208942925499846|73292&4&3.7208942925499846|73293&4&4.354744849297759|73294&4&4.354744849297759|73295&4&4.9978938640927915|73296&4&4.9978938640927915|73297&4&5.65044515971198|73298&4&5.65044515971198|73299&4&6.312503593235602|73300&4&6.312503593235602|73301&4&25.55588084814209|73302&4&10.268912658970159|73303&4&2.119324251338885|73304&4&2.119324251338885|73305&4&2.440250495113058|73306&4&2.440250495113058|73307&4&0.0|73308&4&0.0,2|73189&4&22.243565375146716|73190&4&22.243565375146716|73191&4&22.243565375146716|73192&4&22.243565375146716|73193&4&22.243565375146716|73194&4&22.243565375146716|73195&4&22.243565375146716|73196&4&22.243565375146716|73197&4&22.243565375146716|73198&4&22.243565375146716|73199&4&24.900435683844805|73200&4&24.900435683844805|73201&4&24.900435683844805|73202&4&24.900435683844805|73203&4&24.900435683844805|73204&4&24.900435683844805|73205&4&24.900435683844805|73206&4&24.900435683844805|73207&4&24.900435683844805|73208&4&24.900435683844805|73209&4&29.924006891740042|73210&4&29.924006891740042|73211&4&29.924006891740042|73212&4&29.924006891740042|73213&4&29.924006891740042|73214&4&29.924006891740042|73215&4&29.924006891740042|73216&4&29.924006891740042|73217&4&29.924006891740042|73218&4&29.924006891740042|73219&4&35.021531018246485|73220&4&35.021531018246485|73221&4&35.021531018246485|73222&4&35.021531018246485|73223&4&35.021531018246485|73224&4&35.021531018246485|73225&4&35.021531018246485|73226&4&35.021531018246485|73227&4&35.021531018246485|73228&4&35.021531018246485|73229&4&40.19383478126285|73230&4&40.19383478126285|73231&4&40.19383478126285|73232&4&40.19383478126285|73233&4&40.19383478126285|73234&4&40.19383478126285|73235&4&40.19383478126285|73236&4&40.19383478126285|73237&4&40.19383478126285|73238&4&40.19383478126285|73239&4&45.441753139604714|73240&4&45.441753139604714|73241&4&45.441753139604714|73242&4&45.441753139604714|73243&4&45.441753139604714|73244&4&45.441753139604714|73245&4&45.441753139604714|73246&4&45.441753139604714|73247&4&45.441753139604714|73248&4&45.441753139604714|73249&4&50.76612937011525|73250&4&50.76612937011525|73251&4&50.76612937011525|73252&4&50.76612937011525|73253&4&50.76612937011525|73254&4&50.76612937011525|73255&4&50.76612937011525|73256&4&50.76612937011525|73257&4&50.76612937011525|73258&4&50.76612937011525|73259&4&148.43205136835036|73260&4&190.67637638201663|73261&4&207.84341444740525|73262&4&231.18647106393934|73263&4&168.79277282603383|73264&4&161.0616556986876|73265&4&174.58743944520538|73266&4&162.80192650613094|73267&4&217.24949508675078|73268&4&148.73071698204802|73269&4&17.04393312916041|73270&4&17.04393312916041|73271&4&17.04393312916041|73272&4&17.04393312916041|73273&4&17.04393312916041|73274&4&17.04393312916041|73275&4&17.04393312916041|73276&4&17.04393312916041|73277&4&17.04393312916041|73278&4&17.04393312916041|73279&4&19.624871574433275|73280&4&19.624871574433275|73281&4&19.624871574433275|73282&4&19.624871574433275|73283&4&19.624871574433275|73284&4&19.624871574433275|73285&4&19.624871574433275|73286&4&19.624871574433275|73287&4&19.624871574433275|73288&4&19.624871574433275|73289&4&2.7658714205547064|73290&4&2.7658714205547064|73291&4&3.0962393957876304|73292&4&3.0962393957876304|73293&4&3.7208942925499846|73294&4&3.7208942925499846|73295&4&4.354744849297759|73296&4&4.354744849297759|73297&4&4.9978938640927915|73298&4&4.9978938640927915|73299&4&5.65044515971198|73300&4&5.65044515971198|73301&4&6.312503593235602|73302&4&6.312503593235602|73303&4&24.3519960621609|73304&4&6.984175065721843|73305&4&2.119324251338885|73306&4&2.119324251338885|73307&4&0.0|73308&4&0.0,2|73189&4&19.624871574433275|73190&4&19.624871574433275|73191&4&19.624871574433275|73192&4&19.624871574433275|73193&4&19.624871574433275|73194&4&19.624871574433275|73195&4&19.624871574433275|73196&4&19.624871574433275|73197&4&19.624871574433275|73198&4&19.624871574433275|73199&4&22.243565375146716|73200&4&22.243565375146716|73201&4&22.243565375146716|73202&4&22.243565375146716|73203&4&22.243565375146716|73204&4&22.243565375146716|73205&4&22.243565375146716|73206&4&22.243565375146716|73207&4&22.243565375146716|73208&4&22.243565375146716|73209&4&24.900435683844805|73210&4&24.900435683844805|73211&4&24.900435683844805|73212&4&24.900435683844805|73213&4&24.900435683844805|73214&4&24.900435683844805|73215&4&24.900435683844805|73216&4&24.900435683844805|73217&4&24.900435683844805|73218&4&24.900435683844805|73219&4&29.924006891740042|73220&4&29.924006891740042|73221&4&29.924006891740042|73222&4&29.924006891740042|73223&4&29.924006891740042|73224&4&29.924006891740042|73225&4&29.924006891740042|73226&4&29.924006891740042|73227&4&29.924006891740042|73228&4&29.924006891740042|73229&4&35.021531018246485|73230&4&35.021531018246485|73231&4&35.021531018246485|73232&4&35.021531018246485|73233&4&35.021531018246485|73234&4&35.021531018246485|73235&4&35.021531018246485|73236&4&35.021531018246485|73237&4&35.021531018246485|73238&4&35.021531018246485|73239&4&40.19383478126285|73240&4&40.19383478126285|73241&4&40.19383478126285|73242&4&40.19383478126285|73243&4&40.19383478126285|73244&4&40.19383478126285|73245&4&40.19383478126285|73246&4&40.19383478126285|73247&4&40.19383478126285|73248&4&40.19383478126285|73249&4&45.441753139604714|73250&4&45.441753139604714|73251&4&45.441753139604714|73252&4&45.441753139604714|73253&4&45.441753139604714|73254&4&45.441753139604714|73255&4&45.441753139604714|73256&4&45.441753139604714|73257&4&45.441753139604714|73258&4&45.441753139604714|73259&4&50.76612937011525|73260&4&50.76612937011525|73261&4&50.76612937011525|73262&4&50.76612937011525|73263&4&50.76612937011525|73264&4&50.76612937011525|73265&4&50.76612937011525|73266&4&50.76612937011525|73267&4&50.76612937011525|73268&4&50.76612937011525|73269&4&164.83000919823675|73270&4&188.29913720945538|73271&4&98.18664354351982|73272&4&157.73610413473224|73273&4&147.5920341314145|73274&4&175.52861272349648|73275&4&98.18664354351982|73276&4&148.67552370012353|73277&4&212.60770828511028|73278&4&98.1854435709372|73279&4&17.04393312916041|73280&4&17.04393312916041|73281&4&17.04393312916041|73282&4&17.04393312916041|73283&4&17.04393312916041|73284&4&17.04393312916041|73285&4&17.04393312916041|73286&4&17.04393312916041|73287&4&17.04393312916041|73288&4&17.04393312916041|73289&4&2.440250495113058|73290&4&2.440250495113058|73291&4&2.7658714205547064|73292&4&2.7658714205547064|73293&4&3.0962393957876304|73294&4&3.0962393957876304|73295&4&3.7208942925499846|73296&4&3.7208942925499846|73297&4&4.354744849297759|73298&4&4.354744849297759|73299&4&4.9978938640927915|73300&4&4.9978938640927915|73301&4&5.65044515971198|73302&4&5.65044515971198|73303&4&6.312503593235602|73304&4&15.685589600074394|73305&4&24.542238754221337|73306&4&41.16420062530321|73307&4&0.0|73308&4&0.0,2|73189&4&17.04393312916041|73190&4&17.04393312916041|73191&4&17.04393312916041|73192&4&17.04393312916041|73193&4&17.04393312916041|73194&4&17.04393312916041|73195&4&17.04393312916041|73196&4&17.04393312916041|73197&4&17.04393312916041|73198&4&17.04393312916041|73199&4&19.624871574433275|73200&4&19.624871574433275|73201&4&19.624871574433275|73202&4&19.624871574433275|73203&4&19.624871574433275|73204&4&19.624871574433275|73205&4&19.624871574433275|73206&4&19.624871574433275|73207&4&79.39397924630272|73208&4&19.624871574433275|73209&4&22.243565375146716|73210&4&56.8110893048158|73211&4&22.243565375146716|73212&4&22.243565375146716|73213&4&22.243565375146716|73214&4&22.243565375146716|73215&4&22.243565375146716|73216&4&22.243565375146716|73217&4&22.243565375146716|73218&4&22.243565375146716|73219&4&24.900435683844805|73220&4&24.900435683844805|73221&4&24.900435683844805|73222&4&24.900435683844805|73223&4&24.900435683844805|73224&4&24.900435683844805|73225&4&24.900435683844805|73226&4&24.900435683844805|73227&4&24.900435683844805|73228&4&24.900435683844805|73229&4&29.924006891740042|73230&4&29.924006891740042|73231&4&29.924006891740042|73232&4&29.924006891740042|73233&4&29.924006891740042|73234&4&29.924006891740042|73235&4&29.924006891740042|73236&4&29.924006891740042|73237&4&29.924006891740042|73238&4&29.924006891740042|73239&4&35.021531018246485|73240&4&35.021531018246485|73241&4&35.021531018246485|73242&4&45.65670586123004|73243&4&35.021531018246485|73244&4&35.021531018246485|73245&4&35.021531018246485|73246&4&35.021531018246485|73247&4&35.021531018246485|73248&4&35.021531018246485|73249&4&40.19383478126285|73250&4&40.19383478126285|73251&4&40.19383478126285|73252&4&40.19383478126285|73253&4&40.19383478126285|73254&4&40.19383478126285|73255&4&40.19383478126285|73256&4&40.19383478126285|73257&4&40.19383478126285|73258&4&40.19383478126285|73259&4&45.441753139604714|73260&4&45.441753139604714|73261&4&45.441753139604714|73262&4&45.441753139604714|73263&4&45.441753139604714|73264&4&45.441753139604714|73265&4&45.441753139604714|73266&4&45.441753139604714|73267&4&45.441753139604714|73268&4&45.441753139604714|73269&4&50.76612937011525|73270&4&50.76612937011525|73271&4&50.76612937011525|73272&4&50.76612937011525|73273&4&50.76612937011525|73274&4&50.76612937011525|73275&4&50.76612937011525|73276&4&98.15136362843522|73277&4&50.76612937011525|73278&4&173.85959090441017|73279&4&227.22117184888873|73280&4&231.483639015556|73281&4&221.3563722830429|73282&4&202.2537076117831|73283&4&178.26967498664845|73284&4&221.3975644397787|73285&4&194.4509364220755|73286&4&56.16781514546935|73287&4&153.90658977979464|73288&4&178.24177445339816|73289&4&2.119324251338885|73290&4&2.119324251338885|73291&4&2.440250495113058|73292&4&2.440250495113058|73293&4&2.7658714205547064|73294&4&2.7658714205547064|73295&4&3.0962393957876304|73296&4&3.0962393957876304|73297&4&3.7208942925499846|73298&4&3.7208942925499846|73299&4&4.354744849297759|73300&4&4.354744849297759|73301&4&4.9978938640927915|73302&4&4.9978938640927915|73303&4&5.65044515971198|73304&4&5.65044515971198|73305&4&6.312503593235602|73306&4&6.312503593235602|73307&4&0.0|73308&4&0.0
5|4,130,1,1,1,1,1,1,1,1,1,1,1,1,1,1,1,1,1,1,1,1,1,1,1,1,1,1,1,1,1,1,1,1,1,1,1,1,1,1,1,1,1,1,1,1,1,1,1,1,1,1,1,1,1,1,1,1,1,1,1,1,1,1,1,1,1,1,1,1,1,1,1,1,1,1,1,1,1,1,1,1,1,1,1,1,1,1,1,1,1,1,1,1,1,1,1,1,1,1,1,1,0,0,0,0,0,0,0,0,0,0,0,0,0,0,0,0,0,0,0,0,2|73189&4&138.25030006960642|73190&4&152.490311308471|73191&4&151.74228196901504|73192&4&162.24946687015844|73193&4&166.8774036233383|73194&4&164.62869789018254|73195&4&164.35502051868033|73196&4&123.10497309298293|73197&4&138.2961210760091|73198&4&157.7748176313762|73199&4&14.609085539280352|73200&4&14.609085539280352|73201&4&14.609085539280352|73202&4&14.609085539280352|73203&4&14.609085539280352|73204&4&14.609085539280352|73205&4&14.609085539280352|73206&4&14.609085539280352|73207&4&14.609085539280352|73208&4&14.609085539280352|73209&4&17.171762627629114|73210&4&17.171762627629114|73211&4&187.23686425026992|73212&4&17.171762627629114|73213&4&17.171762627629114|73214&4&17.171762627629114|73215&4&17.171762627629114|73216&4&17.171762627629114|73217&4&17.171762627629114|73218&4&17.171762627629114|73219&4&19.772058111241524|73220&4&19.772058111241524|73221&4&19.772058111241524|73222&4&19.772058111241524|73223&4&19.772058111241524|73224&4&19.772058111241524|73225&4&19.772058111241524|73226&4&19.772058111241524|73227&4&19.772058111241524|73228&4&19.772058111241524|73229&4&22.410392115460326|73230&4&22.410392115460326|73231&4&22.410392115460326|73232&4&22.410392115460326|73233&4&22.410392115460326|73234&4&22.410392115460326|73235&4&22.410392115460326|73236&4&22.410392115460326|73237&4&22.410392115460326|73238&4&22.410392115460326|73239&4&25.087188951473646|73240&4&25.087188951473646|73241&4&25.087188951473646|73242&4&25.087188951473646|73243&4&25.087188951473646|73244&4&25.087188951473646|73245&4&25.087188951473646|73246&4&25.087188951473646|73247&4&25.087188951473646|73248&4&25.087188951473646|73249&4&30.14843694342809|73250&4&30.14843694342809|73251&4&30.14843694342809|73252&4&30.14843694342809|73253&4&30.14843694342809|73254&4&30.14843694342809|73255&4&30.14843694342809|73256&4&30.14843694342809|73257&4&30.14843694342809|73258&4&30.14843694342809|73259&4&35.284192500883314|73260&4&35.284192500883314|73261&4&35.284192500883314|73262&4&35.284192500883314|73263&4&35.284192500883314|73264&4&35.284192500883314|73265&4&35.284192500883314|73266&4&35.284192500883314|73267&4&35.284192500883314|73268&4&35.284192500883314|73269&4&40.49528854212234|73270&4&40.49528854212234|73271&4&40.49528854212234|73272&4&40.49528854212234|73273&4&40.49528854212234|73274&4&40.49528854212234|73275&4&40.49528854212234|73276&4&40.49528854212234|73277&4&40.49528854212234|73278&4&40.49528854212234|73279&4&45.782566288151756|73280&4&45.782566288151756|73281&4&45.782566288151756|73282&4&45.782566288151756|73283&4&45.782566288151756|73284&4&45.782566288151756|73285&4&45.782566288151756|73286&4&45.782566288151756|73287&4&45.782566288151756|73288&4&45.782566288151756|73289&4&26.13826980470748|73290&4&21.144243187233627|73291&4&1.8165636440047588|73292&4&1.8165636440047588|73293&4&2.1352191832239256|73294&4&2.1352191832239256|73295&4&2.4585523738264055|73296&4&2.4585523738264055|73297&4&2.7866154562088674|73298&4&2.7866154562088674|73299&4&3.1194611912560393|73300&4&3.1194611912560393|73301&4&3.74880099974411|73302&4&3.74880099974411|73303&4&4.387405435667489|73304&4&4.387405435667489|73305&4&5.035378068073488|73306&4&5.035378068073488,2|73189&4&45.782566288151756|73190&4&45.782566288151756|73191&4&45.782566288151756|73192&4&45.782566288151756|73193&4&45.782566288151756|73194&4&45.782566288151756|73195&4&45.782566288151756|73196&4&45.782566288151756|73197&4&69.39857170296543|73198&4&45.782566288151756|73199&4&166.0420316070692|73200&4&221.30535185993043|73201&4&138.66776775995442|73202&4&179.2168161562039|73203&4&159.2981386999012|73204&4&186.4312861787492|73205&4&190.00657715182263|73206&4&127.39213830509775|73207&4&90.69385392185703|73208&4&207.09030525872322|73209&4&14.609085539280352|73210&4&14.609085539280352|73211&4&14.609085539280352|73212&4&14.609085539280352|73213&4&14.609085539280352|73214&4&14.609085539280352|73215&4&14.609085539280352|73216&4&14.609085539280352|73217&4&14.609085539280352|73218&4&14.609085539280352|73219&4&17.171762627629114|73220&4&17.171762627629114|73221&4&17.171762627629114|73222&4&17.171762627629114|73223&4&17.171762627629114|73224&4&17.171762627629114|73225&4&17.171762627629114|73226&4&17.171762627629114|73227&4&17.171762627629114|73228&4&17.171762627629114|73229&4&19.772058111241524|73230&4&19.772058111241524|73231&4&19.772058111241524|73232&4&19.772058111241524|73233&4&19.772058111241524|73234&4&19.772058111241524|73235&4&19.772058111241524|73236&4&19.772058111241524|73237&4&19.772058111241524|73238&4&19.772058111241524|73239&4&22.410392115460326|73240&4&22.410392115460326|73241&4&22.410392115460326|73242&4&22.410392115460326|73243&4&22.410392115460326|73244&4&22.410392115460326|73245&4&22.410392115460326|73246&4&22.410392115460326|73247&4&22.410392115460326|73248&4&22.410392115460326|73249&4&25.087188951473646|73250&4&35.465616232081814|73251&4&25.087188951473646|73252&4&25.087188951473646|73253&4&25.087188951473646|73254&4&25.087188951473646|73255&4&25.087188951473646|73256&4&25.087188951473646|73257&4&25.087188951473646|73258&4&25.087188951473646|73259&4&30.14843694342809|73260&4&30.14843694342809|73261&4&30.14843694342809|73262&4&30.14843694342809|73263&4&30.14843694342809|73264&4&30.14843694342809|73265&4&40.7936111477938|73266&4&30.14843694342809|73267&4&30.14843694342809|73268&4&30.14843694342809|73269&4&35.284192500883314|73270&4&35.284192500883314|73271&4&35.284192500883314|73272&4&35.284192500883314|73273&4&35.284192500883314|73274&4&35.284192500883314|73275&4&35.284192500883314|73276&4&35.284192500883314|73277&4&35.284192500883314|73278&4&35.284192500883314|73279&4&40.49528854212234|73280&4&40.49528854212234|73281&4&40.49528854212234|73282&4&40.49528854212234|73283&4&40.49528854212234|73284&4&40.49528854212234|73285&4&40.49528854212234|73286&4&40.49528854212234|73287&4&40.49528854212234|73288&4&40.49528854212234|73289&4&5.692823498409822|73290&4&5.692823498409822|73291&4&24.53148460572137|73292&4&23.49412803366966|73293&4&1.8165636440047588|73294&4&1.8165636440047588|73295&4&2.1352191832239256|73296&4&2.1352191832239256|73297&4&2.4585523738264055|73298&4&2.4585523738264055|73299&4&2.7866154562088674|73300&4&2.7866154562088674|73301&4&3.1194611912560393|73302&4&3.3950748863772704|73303&4&3.74880099974411|73304&4&3.74880099974411|73305&4&4.387405435667489|73306&4&4.387405435667489,2|73189&4&40.49528854212234|73190&4&40.49528854212234|73191&4&40.49528854212234|73192&4&40.49528854212234|73193&4&40.49528854212234|73194&4&40.49528854212234|73195&4&40.49528854212234|73196&4&40.49528854212234|73197&4&40.49528854212234|73198&4&40.49528854212234|73199&4&45.782566288151756|73200&4&45.782566288151756|73201&4&45.782566288151756|73202&4&45.782566288151756|73203&4&45.782566288151756|73204&4&45.782566288151756|73205&4&45.782566288151756|73206&4&45.782566288151756|73207&4&45.782566288151756|73208&4&45.782566288151756|73209&4&171.62039141875337|73210&4&138.34074311684003|73211&4&51.14687534039112|73212&4&126.55895429977201|73213&4&208.88706108716553|73214&4&152.28406820853843|73215&4&212.3556679505864|73216&4&207.6540387861323|73217&4&216.4108674056488|73218&4&207.17073566160138|73219&4&14.609085539280352|73220&4&14.609085539280352|73221&4&14.609085539280352|73222&4&14.609085539280352|73223&4&14.609085539280352|73224&4&14.609085539280352|73225&4&14.609085539280352|73226&4&14.609085539280352|73227&4&14.609085539280352|73228&4&14.609085539280352|73229&4&17.171762627629114|73230&4&17.171762627629114|73231&4&17.171762627629114|73232&4&17.171762627629114|73233&4&17.171762627629114|73234&4&17.171762627629114|73235&4&17.171762627629114|73236&4&17.171762627629114|73237&4&17.171762627629114|73238&4&17.171762627629114|73239&4&19.772058111241524|73240&4&19.772058111241524|73241&4&19.772058111241524|73242&4&19.772058111241524|73243&4&19.772058111241524|73244&4&19.772058111241524|73245&4&19.772058111241524|73246&4&19.772058111241524|73247&4&19.772058111241524|73248&4&19.772058111241524|73249&4&22.410392115460326|73250&4&22.410392115460326|73251&4&22.410392115460326|73252&4&22.410392115460326|73253&4&22.410392115460326|73254&4&22.410392115460326|73255&4&22.410392115460326|73256&4&22.410392115460326|73257&4&22.410392115460326|73258&4&22.410392115460326|73259&4&25.087188951473646|73260&4&25.087188951473646|73261&4&25.087188951473646|73262&4&25.087188951473646|73263&4&25.087188951473646|73264&4&25.087188951473646|73265&4&25.087188951473646|73266&4&25.087188951473646|73267&4&25.087188951473646|73268&4&25.087188951473646|73269&4&30.14843694342809|73270&4&30.14843694342809|73271&4&30.14843694342809|73272&4&30.14843694342809|73273&4&30.14843694342809|73274&4&30.14843694342809|73275&4&142.81026629653263|73276&4&30.14843694342809|73277&4&30.14843694342809|73278&4&30.14843694342809|73279&4&35.284192500883314|73280&4&35.284192500883314|73281&4&35.284192500883314|73282&4&35.284192500883314|73283&4&35.284192500883314|73284&4&35.284192500883314|73285&4&35.284192500883314|73286&4&35.284192500883314|73287&4&35.284192500883314|73288&4&35.284192500883314|73289&4&5.035378068073488|73290&4&5.035378068073488|73291&4&5.692823498409822|73292&4&5.692823498409822|73293&4&22.830572583850618|73294&4&22.810178609141026|73295&4&1.8165636440047588|73296&4&1.8165636440047588|73297&4&2.1352191832239256|73298&4&2.1352191832239256|73299&4&2.4585523738264055|73300&4&2.4585523738264055|73301&4&2.7866154562088674|73302&4&7.179965780835853|73303&4&3.1194611912560393|73304&4&3.1194611912560393|73305&4&3.74880099974411|73306&4&3.74880099974411,2|73189&4&35.284192500883314|73190&4&35.284192500883314|73191&4&35.284192500883314|73192&4&35.284192500883314|73193&4&35.284192500883314|73194&4&35.284192500883314|73195&4&35.284192500883314|73196&4&35.284192500883314|73197&4&35.284192500883314|73198&4&35.284192500883314|73199&4&40.49528854212234|73200&4&40.49528854212234|73201&4&40.49528854212234|73202&4&40.49528854212234|73203&4&40.49528854212234|73204&4&40.49528854212234|73205&4&40.49528854212234|73206&4&40.49528854212234|73207&4&40.49528854212234|73208&4&40.49528854212234|73209&4&45.782566288151756|73210&4&45.782566288151756|73211&4&45.782566288151756|73212&4&45.782566288151756|73213&4&45.782566288151756|73214&4&45.782566288151756|73215&4&45.782566288151756|73216&4&45.782566288151756|73217&4&45.782566288151756|73218&4&45.782566288151756|73219&4&51.14687534039112|73220&4&176.79507877526473|73221&4&207.50870768045263|73222&4&130.5222167575435|73223&4&147.1831030832305|73224&4&171.2739917897153|73225&4&147.4200391708376|73226&4&152.23124649807008|73227&4&186.23353293579925|73228&4&154.54333270898712|73229&4&14.609085539280352|73230&4&14.609085539280352|73231&4&14.609085539280352|73232&4&14.609085539280352|73233&4&14.609085539280352|73234&4&14.609085539280352|73235&4&14.609085539280352|73236&4&14.609085539280352|73237&4&14.609085539280352|73238&4&14.609085539280352|73239&4&17.171762627629114|73240&4&17.171762627629114|73241&4&46.71228823984492|73242&4&17.171762627629114|73243&4&17.171762627629114|73244&4&17.171762627629114|73245&4&17.171762627629114|73246&4&17.171762627629114|73247&4&17.171762627629114|73248&4&17.171762627629114|73249&4&19.772058111241524|73250&4&19.772058111241524|73251&4&146.06821098211182|73252&4&19.772058111241524|73253&4&19.772058111241524|73254&4&19.772058111241524|73255&4&19.772058111241524|73256&4&19.772058111241524|73257&4&19.772058111241524|73258&4&19.772058111241524|73259&4&22.410392115460326|73260&4&22.410392115460326|73261&4&22.410392115460326|73262&4&22.410392115460326|73263&4&22.410392115460326|73264&4&22.410392115460326|73265&4&22.410392115460326|73266&4&22.410392115460326|73267&4&22.410392115460326|73268&4&22.410392115460326|73269&4&25.087188951473646|73270&4&25.087188951473646|73271&4&82.25587958300365|73272&4&25.087188951473646|73273&4&25.087188951473646|73274&4&25.087188951473646|73275&4&25.087188951473646|73276&4&25.087188951473646|73277&4&25.087188951473646|73278&4&25.087188951473646|73279&4&30.14843694342809|73280&4&30.14843694342809|73281&4&30.14843694342809|73282&4&30.14843694342809|73283&4&30.14843694342809|73284&4&30.14843694342809|73285&4&30.14843694342809|73286&4&30.14843694342809|73287&4&30.14843694342809|73288&4&30.14843694342809|73289&4&4.387405435667489|73290&4&4.387405435667489|73291&4&5.035378068073488|73292&4&5.035378068073488|73293&4&5.692823498409822|73294&4&21.470837484314767|73295&4&19.431783145829456|73296&4&19.867767197032745|73297&4&1.8165636440047588|73298&4&1.8165636440047588|73299&4&2.1352191832239256|73300&4&2.1352191832239256|73301&4&2.4585523738264055|73302&4&2.4585523738264055|73303&4&2.7866154562088674|73304&4&2.7866154562088674|73305&4&3.1194611912560393|73306&4&3.1194611912560393,2|73189&4&30.14843694342809|73190&4&30.14843694342809|73191&4&30.14843694342809|73192&4&30.14843694342809|73193&4&30.14843694342809|73194&4&30.14843694342809|73195&4&30.14843694342809|73196&4&30.14843694342809|73197&4&30.14843694342809|73198&4&30.14843694342809|73199&4&35.284192500883314|73200&4&35.284192500883314|73201&4&35.284192500883314|73202&4&35.284192500883314|73203&4&35.284192500883314|73204&4&35.284192500883314|73205&4&35.284192500883314|73206&4&35.284192500883314|73207&4&35.284192500883314|73208&4&35.284192500883314|73209&4&40.49528854212234|73210&4&40.49528854212234|73211&4&40.49528854212234|73212&4&40.49528854212234|73213&4&40.49528854212234|73214&4&40.49528854212234|73215&4&40.49528854212234|73216&4&40.49528854212234|73217&4&40.49528854212234|73218&4&40.49528854212234|73219&4&174.22738369778543|73220&4&45.782566288151756|73221&4&45.782566288151756|73222&4&45.782566288151756|73223&4&45.782566288151756|73224&4&45.782566288151756|73225&4&45.782566288151756|73226&4&45.782566288151756|73227&4&45.782566288151756|73228&4&45.782566288151756|73229&4&152.52103091797332|73230&4&207.4099062345635|73231&4&177.72073902992054|73232&4&207.61014321128442|73233&4&147.49893122912164|73234&4&143.2466608895549|73235&4&182.2456693884013|73236&4&152.99260728434214|73237&4&147.77420292606382|73238&4&207.213483136655|73239&4&14.609085539280352|73240&4&14.609085539280352|73241&4&14.609085539280352|73242&4&14.609085539280352|73243&4&14.609085539280352|73244&4&14.609085539280352|73245&4&14.609085539280352|73246&4&14.609085539280352|73247&4&14.609085539280352|73248&4&14.609085539280352|73249&4&42.14068141005743|73250&4&17.171762627629114|73251&4&17.171762627629114|73252&4&17.171762627629114|73253&4&17.171762627629114|73254&4&17.171762627629114|73255&4&17.171762627629114|73256&4&17.171762627629114|73257&4&17.171762627629114|73258&4&17.171762627629114|73259&4&45.645229894841876|73260&4&19.772058111241524|73261&4&19.772058111241524|73262&4&19.772058111241524|73263&4&19.772058111241524|73264&4&19.772058111241524|73265&4&19.772058111241524|73266&4&19.772058111241524|73267&4&19.772058111241524|73268&4&19.772058111241524|73269&4&22.410392115460326|73270&4&22.410392115460326|73271&4&22.410392115460326|73272&4&22.410392115460326|73273&4&22.410392115460326|73274&4&22.410392115460326|73275&4&22.410392115460326|73276&4&22.410392115460326|73277&4&22.410392115460326|73278&4&22.410392115460326|73279&4&25.087188951473646|73280&4&25.087188951473646|73281&4&25.087188951473646|73282&4&25.087188951473646|73283&4&25.087188951473646|73284&4&25.087188951473646|73285&4&25.087188951473646|73286&4&25.087188951473646|73287&4&25.087188951473646|73288&4&25.087188951473646|73289&4&3.74880099974411|73290&4&3.74880099974411|73291&4&4.387405435667489|73292&4&4.387405435667489|73293&4&5.035378068073488|73294&4&5.035378068073488|73295&4&5.692823498409822|73296&4&5.692823498409822|73297&4&22.90289599880662|73298&4&21.2781695655734|73299&4&1.8165636440047588|73300&4&1.8165636440047588|73301&4&2.1352191832239256|73302&4&2.1352191832239256|73303&4&2.4585523738264055|73304&4&2.4585523738264055|73305&4&2.7866154562088674|73306&4&2.7866154562088674,2|73189&4&25.087188951473646|73190&4&25.087188951473646|73191&4&25.087188951473646|73192&4&25.087188951473646|73193&4&25.087188951473646|73194&4&25.087188951473646|73195&4&25.087188951473646|73196&4&25.087188951473646|73197&4&25.087188951473646|73198&4&25.087188951473646|73199&4&30.14843694342809|73200&4&30.14843694342809|73201&4&30.14843694342809|73202&4&30.14843694342809|73203&4&30.14843694342809|73204&4&30.14843694342809|73205&4&30.14843694342809|73206&4&30.14843694342809|73207&4&30.14843694342809|73208&4&30.14843694342809|73209&4&35.284192500883314|73210&4&35.284192500883314|73211&4&35.284192500883314|73212&4&35.284192500883314|73213&4&35.284192500883314|73214&4&35.284192500883314|73215&4&35.284192500883314|73216&4&35.284192500883314|73217&4&35.284192500883314|73218&4&35.284192500883314|73219&4&40.49528854212234|73220&4&40.49528854212234|73221&4&40.49528854212234|73222&4&40.49528854212234|73223&4&40.49528854212234|73224&4&40.49528854212234|73225&4&40.49528854212234|73226&4&40.49528854212234|73227&4&40.49528854212234|73228&4&40.49528854212234|73229&4&45.782566288151756|73230&4&45.782566288151756|73231&4&45.782566288151756|73232&4&45.782566288151756|73233&4&45.782566288151756|73234&4&45.782566288151756|73235&4&45.782566288151756|73236&4&45.782566288151756|73237&4&45.782566288151756|73238&4&45.782566288151756|73239&4&155.0821489835909|73240&4&145.5831080694477|73241&4&90.69287856436085|73242&4&143.15345057190825|73243&4&180.66321922593738|73244&4&170.14924196315494|73245&4&173.39173537285404|73246&4&207.22842957192879|73247&4&177.89699791679794|73248&4&207.29630196246282|73249&4&14.609085539280352|73250&4&14.609085539280352|73251&4&14.609085539280352|73252&4&14.609085539280352|73253&4&14.609085539280352|73254&4&14.609085539280352|73255&4&14.609085539280352|73256&4&14.609085539280352|73257&4&14.609085539280352|73258&4&14.609085539280352|73259&4&17.171762627629114|73260&4&17.171762627629114|73261&4&17.171762627629114|73262&4&17.171762627629114|73263&4&17.171762627629114|73264&4&17.171762627629114|73265&4&17.171762627629114|73266&4&17.171762627629114|73267&4&17.171762627629114|73268&4&17.171762627629114|73269&4&19.772058111241524|73270&4&19.772058111241524|73271&4&19.772058111241524|73272&4&19.772058111241524|73273&4&19.772058111241524|73274&4&19.772058111241524|73275&4&19.772058111241524|73276&4&19.772058111241524|73277&4&19.772058111241524|73278&4&19.772058111241524|73279&4&22.410392115460326|73280&4&22.410392115460326|73281&4&22.410392115460326|73282&4&22.410392115460326|73283&4&22.410392115460326|73284&4&22.410392115460326|73285&4&22.410392115460326|73286&4&159.8852163533899|73287&4&22.410392115460326|73288&4&22.410392115460326|73289&4&3.1194611912560393|73290&4&3.1194611912560393|73291&4&3.74880099974411|73292&4&3.74880099974411|73293&4&4.387405435667489|73294&4&4.387405435667489|73295&4&5.035378068073488|73296&4&5.035378068073488|73297&4&5.692823498409822|73298&4&5.692823498409822|73299&4&14.130884191313147|73300&4&38.80375543006039|73301&4&1.8165636440047588|73302&4&1.8165636440047588|73303&4&2.1352191832239256|73304&4&9.65552905471418|73305&4&2.4585523738264055|73306&4&2.4585523738264055,2|73189&4&22.410392115460326|73190&4&22.410392115460326|73191&4&22.410392115460326|73192&4&22.410392115460326|73193&4&22.410392115460326|73194&4&22.410392115460326|73195&4&22.410392115460326|73196&4&22.410392115460326|73197&4&22.410392115460326|73198&4&22.410392115460326|73199&4&25.087188951473646|73200&4&25.087188951473646|73201&4&25.087188951473646|73202&4&25.087188951473646|73203&4&25.087188951473646|73204&4&25.087188951473646|73205&4&25.087188951473646|73206&4&25.087188951473646|73207&4&25.087188951473646|73208&4&25.087188951473646|73209&4&30.14843694342809|73210&4&30.14843694342809|73211&4&30.14843694342809|73212&4&30.14843694342809|73213&4&30.14843694342809|73214&4&30.14843694342809|73215&4&30.14843694342809|73216&4&30.14843694342809|73217&4&30.14843694342809|73218&4&30.14843694342809|73219&4&35.284192500883314|73220&4&35.284192500883314|73221&4&35.284192500883314|73222&4&35.284192500883314|73223&4&35.284192500883314|73224&4&35.284192500883314|73225&4&35.284192500883314|73226&4&35.284192500883314|73227&4&35.284192500883314|73228&4&35.284192500883314|73229&4&40.49528854212234|73230&4&40.49528854212234|73231&4&40.49528854212234|73232&4&40.49528854212234|73233&4&40.49528854212234|73234&4&40.49528854212234|73235&4&40.49528854212234|73236&4&40.49528854212234|73237&4&40.49528854212234|73238&4&40.49528854212234|73239&4&45.782566288151756|73240&4&45.782566288151756|73241&4&45.782566288151756|73242&4&45.782566288151756|73243&4&45.782566288151756|73244&4&45.782566288151756|73245&4&45.782566288151756|73246&4&45.782566288151756|73247&4&45.782566288151756|73248&4&45.782566288151756|73249&4&163.64611597397243|73250&4&157.26686836601652|73251&4&90.68655633216108|73252&4&118.29561003373941|73253&4&183.4601704473445|73254&4&160.30606745746695|73255&4&207.84434137923182|73256&4&131.8473296123379|73257&4&152.91684150809343|73258&4&153.28472268601254|73259&4&14.609085539280352|73260&4&14.609085539280352|73261&4&14.609085539280352|73262&4&14.609085539280352|73263&4&14.609085539280352|73264&4&14.609085539280352|73265&4&14.609085539280352|73266&4&14.609085539280352|73267&4&14.609085539280352|73268&4&14.609085539280352|73269&4&17.171762627629114|73270&4&17.171762627629114|73271&4&17.171762627629114|73272&4&17.171762627629114|73273&4&17.171762627629114|73274&4&17.171762627629114|73275&4&17.171762627629114|73276&4&17.171762627629114|73277&4&17.171762627629114|73278&4&17.171762627629114|73279&4&19.772058111241524|73280&4&19.772058111241524|73281&4&19.772058111241524|73282&4&19.772058111241524|73283&4&19.772058111241524|73284&4&19.772058111241524|73285&4&19.772058111241524|73286&4&19.772058111241524|73287&4&19.772058111241524|73288&4&19.772058111241524|73289&4&2.7866154562088674|73290&4&2.7866154562088674|73291&4&3.1194611912560393|73292&4&3.1194611912560393|73293&4&3.74880099974411|73294&4&3.74880099974411|73295&4&4.387405435667489|73296&4&4.387405435667489|73297&4&5.035378068073488|73298&4&5.035378068073488|73299&4&5.692823498409822|73300&4&5.692823498409822|73301&4&23.936441950116897|73302&4&9.451365105006813|73303&4&1.8165636440047588|73304&4&1.8165636440047588|73305&4&2.1352191832239256|73306&4&2.1352191832239256,2|73189&4&19.772058111241524|73190&4&19.772058111241524|73191&4&19.772058111241524|73192&4&19.772058111241524|73193&4&19.772058111241524|73194&4&19.772058111241524|73195&4&19.772058111241524|73196&4&19.772058111241524|73197&4&19.772058111241524|73198&4&19.772058111241524|73199&4&22.410392115460326|73200&4&22.410392115460326|73201&4&22.410392115460326|73202&4&22.410392115460326|73203&4&22.410392115460326|73204&4&22.410392115460326|73205&4&22.410392115460326|73206&4&22.410392115460326|73207&4&22.410392115460326|73208&4&22.410392115460326|73209&4&25.087188951473646|73210&4&25.087188951473646|73211&4&25.087188951473646|73212&4&25.087188951473646|73213&4&25.087188951473646|73214&4&25.087188951473646|73215&4&25.087188951473646|73216&4&25.087188951473646|73217&4&25.087188951473646|73218&4&25.087188951473646|73219&4&30.14843694342809|73220&4&30.14843694342809|73221&4&30.14843694342809|73222&4&30.14843694342809|73223&4&30.14843694342809|73224&4&30.14843694342809|73225&4&30.14843694342809|73226&4&30.14843694342809|73227&4&30.14843694342809|73228&4&30.14843694342809|73229&4&35.284192500883314|73230&4&35.284192500883314|73231&4&35.284192500883314|73232&4&35.284192500883314|73233&4&35.284192500883314|73234&4&35.284192500883314|73235&4&35.284192500883314|73236&4&35.284192500883314|73237&4&35.284192500883314|73238&4&35.284192500883314|73239&4&40.49528854212234|73240&4&40.49528854212234|73241&4&40.49528854212234|73242&4&40.49528854212234|73243&4&40.49528854212234|73244&4&40.49528854212234|73245&4&40.49528854212234|73246&4&40.49528854212234|73247&4&40.49528854212234|73248&4&40.49528854212234|73249&4&45.782566288151756|73250&4&45.782566288151756|73251&4&45.782566288151756|73252&4&45.782566288151756|73253&4&45.782566288151756|73254&4&45.782566288151756|73255&4&45.782566288151756|73256&4&45.782566288151756|73257&4&45.782566288151756|73258&4&45.782566288151756|73259&4&138.1480142355137|73260&4&178.15485317265134|73261&4&194.44520508804538|73262&4&216.54614058400716|73263&4&157.49016073388358|73264&4&150.11516789971643|73265&4&162.92659348875674|73266&4&151.7613190251081|73267&4&203.35557333281565|73268&4&138.43008342682901|73269&4&14.609085539280352|73270&4&14.609085539280352|73271&4&14.609085539280352|73272&4&14.609085539280352|73273&4&14.609085539280352|73274&4&14.609085539280352|73275&4&14.609085539280352|73276&4&14.609085539280352|73277&4&14.609085539280352|73278&4&14.609085539280352|73279&4&17.171762627629114|73280&4&17.171762627629114|73281&4&17.171762627629114|73282&4&17.171762627629114|73283&4&17.171762627629114|73284&4&17.171762627629114|73285&4&17.171762627629114|73286&4&17.171762627629114|73287&4&17.171762627629114|73288&4&17.171762627629114|73289&4&2.4585523738264055|73290&4&2.4585523738264055|73291&4&2.7866154562088674|73292&4&2.7866154562088674|73293&4&3.1194611912560393|73294&4&3.1194611912560393|73295&4&3.74880099974411|73296&4&3.74880099974411|73297&4&4.387405435667489|73298&4&4.387405435667489|73299&4&5.035378068073488|73300&4&5.035378068073488|73301&4&5.692823498409822|73302&4&5.692823498409822|73303&4&22.77948280753774|73304&4&6.359847370184868|73305&4&1.8165636440047588|73306&4&1.8165636440047588,2|73189&4&17.171762627629114|73190&4&17.171762627629114|73191&4&17.171762627629114|73192&4&17.171762627629114|73193&4&17.171762627629114|73194&4&17.171762627629114|73195&4&17.171762627629114|73196&4&17.171762627629114|73197&4&17.171762627629114|73198&4&17.171762627629114|73199&4&19.772058111241524|73200&4&19.772058111241524|73201&4&19.772058111241524|73202&4&19.772058111241524|73203&4&19.772058111241524|73204&4&19.772058111241524|73205&4&19.772058111241524|73206&4&19.772058111241524|73207&4&19.772058111241524|73208&4&19.772058111241524|73209&4&22.410392115460326|73210&4&22.410392115460326|73211&4&22.410392115460326|73212&4&22.410392115460326|73213&4&22.410392115460326|73214&4&22.410392115460326|73215&4&22.410392115460326|73216&4&22.410392115460326|73217&4&22.410392115460326|73218&4&22.410392115460326|73219&4&25.087188951473646|73220&4&25.087188951473646|73221&4&25.087188951473646|73222&4&25.087188951473646|73223&4&25.087188951473646|73224&4&25.087188951473646|73225&4&25.087188951473646|73226&4&25.087188951473646|73227&4&25.087188951473646|73228&4&25.087188951473646|73229&4&30.14843694342809|73230&4&30.14843694342809|73231&4&30.14843694342809|73232&4&30.14843694342809|73233&4&30.14843694342809|73234&4&30.14843694342809|73235&4&30.14843694342809|73236&4&30.14843694342809|73237&4&30.14843694342809|73238&4&30.14843694342809|73239&4&35.284192500883314|73240&4&35.284192500883314|73241&4&35.284192500883314|73242&4&35.284192500883314|73243&4&35.284192500883314|73244&4&35.284192500883314|73245&4&35.284192500883314|73246&4&35.284192500883314|73247&4&35.284192500883314|73248&4&35.284192500883314|73249&4&40.49528854212234|73250&4&40.49528854212234|73251&4&40.49528854212234|73252&4&40.49528854212234|73253&4&40.49528854212234|73254&4&40.49528854212234|73255&4&40.49528854212234|73256&4&40.49528854212234|73257&4&40.49528854212234|73258&4&40.49528854212234|73259&4&45.782566288151756|73260&4&45.782566288151756|73261&4&45.782566288151756|73262&4&45.782566288151756|73263&4&45.782566288151756|73264&4&45.782566288151756|73265&4&45.782566288151756|73266&4&45.782566288151756|73267&4&45.782566288151756|73268&4&45.782566288151756|73269&4&153.69658539231014|73270&4&175.9758601406822|73271&4&90.69400795032098|73272&4&146.93515738824374|73273&4&137.35459857102725|73274&4&163.81811958361308|73275&4&90.69400795032098|73276&4&138.37793849424955|73277&4&198.9587632008706|73278&4&90.69287856436085|73279&4&14.609085539280352|73280&4&14.609085539280352|73281&4&14.609085539280352|73282&4&14.609085539280352|73283&4&14.609085539280352|73284&4&14.609085539280352|73285&4&14.609085539280352|73286&4&14.609085539280352|73287&4&14.609085539280352|73288&4&14.609085539280352|73289&4&2.1352191832239256|73290&4&2.1352191832239256|73291&4&2.4585523738264055|73292&4&2.4585523738264055|73293&4&2.7866154562088674|73294&4&2.7866154562088674|73295&4&3.1194611912560393|73296&4&3.1194611912560393|73297&4&3.74880099974411|73298&4&3.74880099974411|73299&4&4.387405435667489|73300&4&4.387405435667489|73301&4&5.035378068073488|73302&4&5.035378068073488|73303&4&5.692823498409822|73304&4&14.572589189099205|73305&4&22.96009954519176|73306&4&38.75523096454825,2|73189&4&14.609085539280352|73190&4&14.609085539280352|73191&4&14.609085539280352|73192&4&14.609085539280352|73193&4&14.609085539280352|73194&4&14.609085539280352|73195&4&14.609085539280352|73196&4&14.609085539280352|73197&4&14.609085539280352|73198&4&14.609085539280352|73199&4&17.171762627629114|73200&4&17.171762627629114|73201&4&17.171762627629114|73202&4&17.171762627629114|73203&4&17.171762627629114|73204&4&17.171762627629114|73205&4&17.171762627629114|73206&4&17.171762627629114|73207&4&73.67050936083596|73208&4&17.171762627629114|73209&4&19.772058111241524|73210&4&52.61120584442716|73211&4&19.772058111241524|73212&4&19.772058111241524|73213&4&19.772058111241524|73214&4&19.772058111241524|73215&4&19.772058111241524|73216&4&19.772058111241524|73217&4&19.772058111241524|73218&4&19.772058111241524|73219&4&22.410392115460326|73220&4&22.410392115460326|73221&4&22.410392115460326|73222&4&22.410392115460326|73223&4&22.410392115460326|73224&4&22.410392115460326|73225&4&22.410392115460326|73226&4&22.410392115460326|73227&4&22.410392115460326|73228&4&22.410392115460326|73229&4&25.087188951473646|73230&4&25.087188951473646|73231&4&25.087188951473646|73232&4&25.087188951473646|73233&4&25.087188951473646|73234&4&25.087188951473646|73235&4&25.087188951473646|73236&4&25.087188951473646|73237&4&25.087188951473646|73238&4&25.087188951473646|73239&4&30.14843694342809|73240&4&30.14843694342809|73241&4&30.14843694342809|73242&4&40.22386574204408|73243&4&30.14843694342809|73244&4&30.14843694342809|73245&4&30.14843694342809|73246&4&30.14843694342809|73247&4&30.14843694342809|73248&4&30.14843694342809|73249&4&35.284192500883314|73250&4&35.284192500883314|73251&4&35.284192500883314|73252&4&35.284192500883314|73253&4&35.284192500883314|73254&4&35.284192500883314|73255&4&35.284192500883314|73256&4&35.284192500883314|73257&4&35.284192500883314|73258&4&35.284192500883314|73259&4&40.49528854212234|73260&4&40.49528854212234|73261&4&40.49528854212234|73262&4&40.49528854212234|73263&4&40.49528854212234|73264&4&40.49528854212234|73265&4&40.49528854212234|73266&4&40.49528854212234|73267&4&40.49528854212234|73268&4&40.49528854212234|73269&4&45.782566288151756|73270&4&45.782566288151756|73271&4&45.782566288151756|73272&4&45.782566288151756|73273&4&45.782566288151756|73274&4&45.782566288151756|73275&4&45.782566288151756|73276&4&90.6738408486654|73277&4&45.782566288151756|73278&4&162.26253491890574|73279&4&212.7886887983511|73280&4&216.82692901049595|73281&4&207.24913237311864|73282&4&189.16055010982714|73283&4&166.43258800146546|73284&4&207.2861422920389|73285&4&181.75863556072278|73286&4&51.14687534039112|73287&4&143.33377008141153|73288&4&166.40829045418332|73289&4&1.8165636440047588|73290&4&1.8165636440047588|73291&4&2.1352191832239256|73292&4&2.1352191832239256|73293&4&2.4585523738264055|73294&4&2.4585523738264055|73295&4&2.7866154562088674|73296&4&2.7866154562088674|73297&4&3.1194611912560393|73298&4&3.1194611912560393|73299&4&3.74880099974411|73300&4&3.74880099974411|73301&4&4.387405435667489|73302&4&4.387405435667489|73303&4&5.035378068073488|73304&4&5.035378068073488|73305&4&5.692823498409822|73306&4&5.692823498409822
6|4,130,1,1,1,1,1,1,1,1,1,1,1,1,1,1,1,1,1,1,1,1,1,1,1,1,1,1,1,1,1,1,1,1,1,1,1,1,1,1,1,1,1,1,1,1,1,1,1,1,1,1,1,1,1,1,1,1,1,1,1,1,1,1,1,1,1,1,1,1,1,1,1,1,1,1,1,1,1,1,1,1,1,1,1,1,1,1,1,1,1,1,1,1,1,1,1,1,1,1,1,1,0,0,0,0,0,0,0,0,0,0,0,0,0,0,0,0,0,0,0,0,2|73189&4&127.96012724836723|73190&4&141.40922095509262|73191&4&140.6885250690063|73192&4&150.62544599810568|73193&4&155.01188175860398|73194&4&152.88657702952338|73195&4&152.61574813914618|73196&4&113.70674693254743|73197&4&128.00325290145207|73198&4&146.39920476501172|73199&4&12.174237949400293|73200&4&12.174237949400293|73201&4&12.174237949400293|73202&4&12.174237949400293|73203&4&12.174237949400293|73204&4&12.174237949400293|73205&4&12.174237949400293|73206&4&12.174237949400293|73207&4&12.174237949400293|73208&4&12.174237949400293|73209&4&14.718653680824954|73210&4&14.718653680824954|73211&4&174.89052605268478|73212&4&14.718653680824954|73213&4&14.718653680824954|73214&4&14.718653680824954|73215&4&14.718653680824954|73216&4&14.718653680824954|73217&4&14.718653680824954|73218&4&14.718653680824954|73219&4&17.300550847336332|73220&4&17.300550847336332|73221&4&17.300550847336332|73222&4&17.300550847336332|73223&4&17.300550847336332|73224&4&17.300550847336332|73225&4&17.300550847336332|73226&4&17.300550847336332|73227&4&17.300550847336332|73228&4&17.300550847336332|73229&4&19.920348547075847|73230&4&19.920348547075847|73231&4&19.920348547075847|73232&4&19.920348547075847|73233&4&19.920348547075847|73234&4&19.920348547075847|73235&4&19.920348547075847|73236&4&19.920348547075847|73237&4&19.920348547075847|73238&4&19.920348547075847|73239&4&22.57847005632628|73240&4&22.57847005632628|73241&4&22.57847005632628|73242&4&22.57847005632628|73243&4&22.57847005632628|73244&4&22.57847005632628|73245&4&22.57847005632628|73246&4&22.57847005632628|73247&4&22.57847005632628|73248&4&22.57847005632628|73249&4&25.275342868609698|73250&4&25.275342868609698|73251&4&25.275342868609698|73252&4&25.275342868609698|73253&4&25.275342868609698|73254&4&25.275342868609698|73255&4&25.275342868609698|73256&4&25.275342868609698|73257&4&25.275342868609698|73258&4&25.275342868609698|73259&4&30.374550220503785|73260&4&30.374550220503785|73261&4&30.374550220503785|73262&4&30.374550220503785|73263&4&30.374550220503785|73264&4&30.374550220503785|73265&4&30.374550220503785|73266&4&30.374550220503785|73267&4&30.374550220503785|73268&4&30.374550220503785|73269&4&35.54882394463996|73270&4&35.54882394463996|73271&4&35.54882394463996|73272&4&35.54882394463996|73273&4&35.54882394463996|73274&4&35.54882394463996|73275&4&35.54882394463996|73276&4&35.54882394463996|73277&4&35.54882394463996|73278&4&35.54882394463996|73279&4&40.79900320618825|73280&4&40.79900320618825|73281&4&40.79900320618825|73282&4&40.79900320618825|73283&4&40.79900320618825|73284&4&40.79900320618825|73285&4&40.79900320618825|73286&4&40.79900320618825|73287&4&40.79900320618825|73288&4&40.79900320618825|73289&4&24.379651570213337|73290&4&19.662563056495515|73291&4&1.5138030366706325|73292&4&1.5138030366706325|73293&4&1.8301878713347932|73294&4&1.8301878713347932|73295&4&2.1512333270981046|73296&4&2.1512333270981046|73297&4&2.4769915166301044|73298&4&2.4769915166301044|73299&4&2.8075150721304354|73300&4&2.8075150721304354|73301&4&3.1428571501904603|73302&4&3.1428571501904603|73303&4&3.776917007242187|73304&4&3.776917007242187|73305&4&4.420310976434996|73306&4&4.420310976434996,2|73189&4&45.58316813844551|73190&4&40.79900320618825|73191&4&40.79900320618825|73192&4&40.79900320618825|73193&4&40.79900320618825|73194&4&40.79900320618825|73195&4&40.79900320618825|73196&4&40.79900320618825|73197&4&63.103008320178944|73198&4&40.79900320618825|73199&4&154.2276431321916|73200&4&252.27701478122503|73201&4&128.37624607620216|73202&4&166.65061737544596|73203&4&205.37203318475557|73204&4&173.46371438318573|73205&4&176.8607252482426|73206&4&151.05416583385235|73207&4&83.20122795543719|73208&4&192.9894078866273|73209&4&12.174237949400293|73210&4&12.174237949400293|73211&4&12.174237949400293|73212&4&12.174237949400293|73213&4&12.174237949400293|73214&4&86.74433808070108|73215&4&12.174237949400293|73216&4&12.174237949400293|73217&4&12.174237949400293|73218&4&34.85877698469827|73219&4&14.718653680824954|73220&4&14.718653680824954|73221&4&14.718653680824954|73222&4&14.718653680824954|73223&4&14.718653680824954|73224&4&14.718653680824954|73225&4&14.718653680824954|73226&4&14.718653680824954|73227&4&14.718653680824954|73228&4&14.718653680824954|73229&4&58.34422025652686|73230&4&17.300550847336332|73231&4&17.300550847336332|73232&4&17.300550847336332|73233&4&119.55025621177595|73234&4&78.72794872005943|73235&4&17.300550847336332|73236&4&17.300550847336332|73237&4&17.300550847336332|73238&4&17.300550847336332|73239&4&35.99178788743184|73240&4&19.920348547075847|73241&4&19.920348547075847|73242&4&19.920348547075847|73243&4&19.920348547075847|73244&4&69.30912372603807|73245&4&19.920348547075847|73246&4&19.920348547075847|73247&4&19.920348547075847|73248&4&19.920348547075847|73249&4&22.57847005632628|73250&4&106.81507703652443|73251&4&22.57847005632628|73252&4&40.74517233563648|73253&4&37.79406475138518|73254&4&22.57847005632628|73255&4&22.57847005632628|73256&4&22.57847005632628|73257&4&22.57847005632628|73258&4&56.994262770239075|73259&4&25.275342868609698|73260&4&25.275342868609698|73261&4&25.275342868609698|73262&4&25.275342868609698|73263&4&135.24783583012905|73264&4&25.275342868609698|73265&4&144.07488895254477|73266&4&25.275342868609698|73267&4&25.275342868609698|73268&4&25.275342868609698|73269&4&30.374550220503785|73270&4&30.374550220503785|73271&4&99.66977891785328|73272&4&30.374550220503785|73273&4&30.374550220503785|73274&4&30.374550220503785|73275&4&39.045476434293484|73276&4&30.374550220503785|73277&4&30.374550220503785|73278&4&64.26578852936322|73279&4&35.54882394463996|73280&4&35.54882394463996|73281&4&35.54882394463996|73282&4&35.54882394463996|73283&4&35.54882394463996|73284&4&35.54882394463996|73285&4&35.54882394463996|73286&4&72.44467746464582|73287&4&35.54882394463996|73288&4&35.54882394463996|73289&4&5.073143403584041|73290&4&5.073143403584041|73291&4&22.861944142734117|73292&4&21.908246549803646|73293&4&1.5138030366706325|73294&4&1.5138030366706325|73295&4&1.8301878713347932|73296&4&1.8301878713347932|73297&4&2.1512333270981046|73298&4&2.1512333270981046|73299&4&2.4769915166301044|73300&4&2.4769915166301044|73301&4&2.8075150721304354|73302&4&3.067816895300487|73303&4&3.1428571501904603|73304&4&3.1428571501904603|73305&4&3.776917007242187|73306&4&3.776917007242187,2|73189&4&35.54882394463996|73190&4&35.54882394463996|73191&4&35.54882394463996|73192&4&35.54882394463996|73193&4&35.54882394463996|73194&4&35.54882394463996|73195&4&35.54882394463996|73196&4&35.54882394463996|73197&4&35.54882394463996|73198&4&35.54882394463996|73199&4&40.79900320618825|73200&4&40.79900320618825|73201&4&40.79900320618825|73202&4&40.79900320618825|73203&4&40.79900320618825|73204&4&40.79900320618825|73205&4&40.79900320618825|73206&4&40.79900320618825|73207&4&40.79900320618825|73208&4&40.79900320618825|73209&4&159.47572704282973|73210&4&128.0453648739733|73211&4&46.125935535312905|73212&4&116.97308951190386|73213&4&257.7098234957891|73214&4&141.2166625603381|73215&4&249.30780400757746|73216&4&220.29759760661187|73217&4&226.99568791848498|73218&4&193.06519178486172|73219&4&12.174237949400293|73220&4&12.174237949400293|73221&4&12.174237949400293|73222&4&12.174237949400293|73223&4&12.174237949400293|73224&4&12.174237949400293|73225&4&12.174237949400293|73226&4&12.174237949400293|73227&4&12.174237949400293|73228&4&12.174237949400293|73229&4&14.718653680824954|73230&4&14.718653680824954|73231&4&14.718653680824954|73232&4&14.718653680824954|73233&4&14.718653680824954|73234&4&14.718653680824954|73235&4&14.718653680824954|73236&4&14.718653680824954|73237&4&14.718653680824954|73238&4&14.718653680824954|73239&4&17.300550847336332|73240&4&17.300550847336332|73241&4&17.300550847336332|73242&4&17.300550847336332|73243&4&17.300550847336332|73244&4&17.300550847336332|73245&4&17.300550847336332|73246&4&17.300550847336332|73247&4&17.300550847336332|73248&4&17.300550847336332|73249&4&19.920348547075847|73250&4&19.920348547075847|73251&4&19.920348547075847|73252&4&19.920348547075847|73253&4&19.920348547075847|73254&4&19.920348547075847|73255&4&19.920348547075847|73256&4&19.920348547075847|73257&4&19.920348547075847|73258&4&19.920348547075847|73259&4&22.57847005632628|73260&4&22.57847005632628|73261&4&22.57847005632628|73262&4&22.57847005632628|73263&4&22.57847005632628|73264&4&22.57847005632628|73265&4&22.57847005632628|73266&4&22.57847005632628|73267&4&22.57847005632628|73268&4&22.57847005632628|73269&4&25.275342868609698|73270&4&25.275342868609698|73271&4&25.275342868609698|73272&4&25.275342868609698|73273&4&25.275342868609698|73274&4&25.275342868609698|73275&4&131.53646409634928|73276&4&25.275342868609698|73277&4&25.275342868609698|73278&4&25.275342868609698|73279&4&30.374550220503785|73280&4&30.374550220503785|73281&4&30.374550220503785|73282&4&30.374550220503785|73283&4&30.374550220503785|73284&4&30.374550220503785|73285&4&30.374550220503785|73286&4&30.374550220503785|73287&4&30.374550220503785|73288&4&30.374550220503785|73289&4&4.420310976434996|73290&4&4.420310976434996|73291&4&5.073143403584041|73292&4&5.073143403584041|73293&4&21.25555211024122|73294&4&21.23611695189701|73295&4&1.5138030366706325|73296&4&1.5138030366706325|73297&4&1.8301878713347932|73298&4&1.8301878713347932|73299&4&2.1512333270981046|73300&4&2.1512333270981046|73301&4&2.4769915166301044|73302&4&6.611909469220208|73303&4&2.8075150721304354|73304&4&2.8075150721304354|73305&4&3.1428571501904603|73306&4&3.1428571501904603,2|73189&4&30.374550220503785|73190&4&30.374550220503785|73191&4&30.374550220503785|73192&4&30.374550220503785|73193&4&30.374550220503785|73194&4&30.374550220503785|73195&4&30.374550220503785|73196&4&30.374550220503785|73197&4&30.374550220503785|73198&4&30.374550220503785|73199&4&35.54882394463996|73200&4&35.54882394463996|73201&4&35.54882394463996|73202&4&35.54882394463996|73203&4&35.54882394463996|73204&4&35.54882394463996|73205&4&35.54882394463996|73206&4&35.54882394463996|73207&4&35.54882394463996|73208&4&35.54882394463996|73209&4&40.79900320618825|73210&4&40.79900320618825|73211&4&40.79900320618825|73212&4&55.53973428630543|73213&4&40.79900320618825|73214&4&40.79900320618825|73215&4&40.79900320618825|73216&4&40.79900320618825|73217&4&40.79900320618825|73218&4&40.79900320618825|73219&4&46.125935535312905|73220&4&164.3785870539753|73221&4&199.91941965210364|73222&4&120.68677421143255|73223&4&136.41260969651336|73224&4&159.19702779674316|73225&4&136.62093845659822|73226&4&141.168258812799|73227&4&173.29721982476556|73228&4&143.3473020687233|73229&4&12.174237949400293|73230&4&12.174237949400293|73231&4&12.174237949400293|73232&4&12.174237949400293|73233&4&12.174237949400293|73234&4&12.174237949400293|73235&4&12.174237949400293|73236&4&12.174237949400293|73237&4&12.174237949400293|73238&4&12.174237949400293|73239&4&14.718653680824954|73240&4&14.718653680824954|73241&4&42.618038981251|73242&4&14.718653680824954|73243&4&14.718653680824954|73244&4&14.718653680824954|73245&4&14.718653680824954|73246&4&14.718653680824954|73247&4&14.718653680824954|73248&4&14.718653680824954|73249&4&17.300550847336332|73250&4&17.300550847336332|73251&4&174.66993867534362|73252&4&17.300550847336332|73253&4&17.300550847336332|73254&4&17.300550847336332|73255&4&17.300550847336332|73256&4&17.300550847336332|73257&4&17.300550847336332|73258&4&17.300550847336332|73259&4&19.920348547075847|73260&4&19.920348547075847|73261&4&19.920348547075847|73262&4&19.920348547075847|73263&4&19.920348547075847|73264&4&19.920348547075847|73265&4&19.920348547075847|73266&4&19.920348547075847|73267&4&19.920348547075847|73268&4&19.920348547075847|73269&4&22.57847005632628|73270&4&22.57847005632628|73271&4&76.41667458385591|73272&4&80.5582376178131|73273&4&22.57847005632628|73274&4&22.57847005632628|73275&4&22.57847005632628|73276&4&22.57847005632628|73277&4&22.57847005632628|73278&4&22.57847005632628|73279&4&25.275342868609698|73280&4&25.275342868609698|73281&4&25.275342868609698|73282&4&25.275342868609698|73283&4&25.275342868609698|73284&4&25.275342868609698|73285&4&25.275342868609698|73286&4&25.275342868609698|73287&4&25.275342868609698|73288&4&25.275342868609698|73289&4&3.776917007242187|73290&4&3.776917007242187|73291&4&4.420310976434996|73292&4&4.420310976434996|73293&4&5.073143403584041|73294&4&20.020735600757146|73295&4&18.045421632090996|73296&4&18.457260656487115|73297&4&1.5138030366706325|73298&4&1.5138030366706325|73299&4&1.8301878713347932|73300&4&1.8301878713347932|73301&4&2.1512333270981046|73302&4&2.1512333270981046|73303&4&2.4769915166301044|73304&4&2.4769915166301044|73305&4&2.8075150721304354|73306&4&2.8075150721304354,2|73189&4&25.275342868609698|73190&4&25.275342868609698|73191&4&25.275342868609698|73192&4&25.275342868609698|73193&4&25.275342868609698|73194&4&25.275342868609698|73195&4&83.57397990329324|73196&4&25.275342868609698|73197&4&25.275342868609698|73198&4&106.09834219616039|73199&4&30.374550220503785|73200&4&30.374550220503785|73201&4&30.374550220503785|73202&4&30.374550220503785|73203&4&30.374550220503785|73204&4&30.374550220503785|73205&4&38.641233345751694|73206&4&30.374550220503785|73207&4&30.374550220503785|73208&4&30.374550220503785|73209&4&35.54882394463996|73210&4&118.2351495981294|73211&4&35.54882394463996|73212&4&35.54882394463996|73213&4&35.54882394463996|73214&4&35.54882394463996|73215&4&35.54882394463996|73216&4&35.54882394463996|73217&4&35.54882394463996|73218&4&35.54882394463996|73219&4&161.67735029448255|73220&4&40.79900320618825|73221&4&40.79900320618825|73222&4&71.32858655307638|73223&4&103.37917703395703|73224&4&40.79900320618825|73225&4&40.79900320618825|73226&4&87.47994997818225|73227&4&40.79900320618825|73228&4&40.79900320618825|73229&4&141.42166555609867|73230&4&193.29113874550842|73231&4&165.25853602303948|73232&4&193.47926572510863|73233&4&136.66473552704147|73234&4&132.6625844906717|73235&4&169.52528622646926|73236&4&141.90450003082668|73237&4&136.95484403671355|73238&4&209.68920594816646|73239&4&12.174237949400293|73240&4&12.174237949400293|73241&4&12.174237949400293|73242&4&74.22875446918022|73243&4&12.174237949400293|73244&4&12.174237949400293|73245&4&12.174237949400293|73246&4&12.174237949400293|73247&4&12.174237949400293|73248&4&12.174237949400293|73249&4&67.51675051977105|73250&4&14.718653680824954|73251&4&14.718653680824954|73252&4&14.718653680824954|73253&4&14.718653680824954|73254&4&132.616274564577|73255&4&14.718653680824954|73256&4&14.718653680824954|73257&4&14.718653680824954|73258&4&14.718653680824954|73259&4&173.58493251279938|73260&4&17.300550847336332|73261&4&17.300550847336332|73262&4&17.300550847336332|73263&4&17.300550847336332|73264&4&17.300550847336332|73265&4&17.300550847336332|73266&4&17.300550847336332|73267&4&17.300550847336332|73268&4&177.24156382217402|73269&4&19.920348547075847|73270&4&95.98423396897316|73271&4&19.920348547075847|73272&4&19.920348547075847|73273&4&19.920348547075847|73274&4&45.365831788612056|73275&4&19.920348547075847|73276&4&19.920348547075847|73277&4&19.920348547075847|73278&4&19.920348547075847|73279&4&22.57847005632628|73280&4&22.57847005632628|73281&4&22.57847005632628|73282&4&22.57847005632628|73283&4&72.41613731343689|73284&4&22.57847005632628|73285&4&22.57847005632628|73286&4&22.57847005632628|73287&4&22.57847005632628|73288&4&22.57847005632628|73289&4&3.1428571501904603|73290&4&3.1428571501904603|73291&4&3.776917007242187|73292&4&3.776917007242187|73293&4&4.420310976434996|73294&4&4.420310976434996|73295&4&5.073143403584041|73296&4&5.073143403584041|73297&4&21.323732273709155|73298&4&19.789007609956958|73299&4&1.5138030366706325|73300&4&1.5138030366706325|73301&4&1.8301878713347932|73302&4&1.8301878713347932|73303&4&2.1512333270981046|73304&4&2.1512333270981046|73305&4&2.4769915166301044|73306&4&2.4769915166301044,2|73189&4&22.57847005632628|73190&4&22.57847005632628|73191&4&22.57847005632628|73192&4&22.57847005632628|73193&4&22.57847005632628|73194&4&22.57847005632628|73195&4&22.57847005632628|73196&4&22.57847005632628|73197&4&22.57847005632628|73198&4&22.57847005632628|73199&4&25.275342868609698|73200&4&25.275342868609698|73201&4&75.76252455060379|73202&4&25.275342868609698|73203&4&25.275342868609698|73204&4&25.275342868609698|73205&4&25.275342868609698|73206&4&25.275342868609698|73207&4&25.275342868609698|73208&4&25.275342868609698|73209&4&30.374550220503785|73210&4&30.374550220503785|73211&4&30.374550220503785|73212&4&30.374550220503785|73213&4&30.374550220503785|73214&4&30.374550220503785|73215&4&30.374550220503785|73216&4&30.374550220503785|73217&4&30.374550220503785|73218&4&30.374550220503785|73219&4&35.54882394463996|73220&4&35.54882394463996|73221&4&35.54882394463996|73222&4&35.54882394463996|73223&4&35.54882394463996|73224&4&35.54882394463996|73225&4&35.54882394463996|73226&4&35.54882394463996|73227&4&35.54882394463996|73228&4&113.92442707241887|73229&4&40.79900320618825|73230&4&40.79900320618825|73231&4&40.79900320618825|73232&4&40.79900320618825|73233&4&40.79900320618825|73234&4&40.79900320618825|73235&4&40.79900320618825|73236&4&40.79900320618825|73237&4&40.79900320618825|73238&4&40.79900320618825|73239&4&143.85601851598778|73240&4&134.8840810630213|73241&4&83.20031355778454|73242&4&132.57496956488797|73243&4&168.03046606828212|73244&4&158.08631024840494|73245&4&161.16531913723261|73246&4&193.11945793001456|73247&4&165.41919359916903|73248&4&193.18312021283714|73249&4&12.174237949400293|73250&4&12.174237949400293|73251&4&12.174237949400293|73252&4&12.174237949400293|73253&4&12.174237949400293|73254&4&12.174237949400293|73255&4&12.174237949400293|73256&4&118.71566728331135|73257&4&12.174237949400293|73258&4&12.174237949400293|73259&4&14.718653680824954|73260&4&14.718653680824954|73261&4&14.718653680824954|73262&4&14.718653680824954|73263&4&14.718653680824954|73264&4&115.19453489317036|73265&4&14.718653680824954|73266&4&14.718653680824954|73267&4&14.718653680824954|73268&4&14.718653680824954|73269&4&17.300550847336332|73270&4&17.300550847336332|73271&4&17.300550847336332|73272&4&17.300550847336332|73273&4&17.300550847336332|73274&4&17.300550847336332|73275&4&17.300550847336332|73276&4&17.300550847336332|73277&4&17.300550847336332|73278&4&17.300550847336332|73279&4&19.920348547075847|73280&4&19.920348547075847|73281&4&19.920348547075847|73282&4&19.920348547075847|73283&4&19.920348547075847|73284&4&19.920348547075847|73285&4&19.920348547075847|73286&4&149.31322384736737|73287&4&19.920348547075847|73288&4&19.920348547075847|73289&4&2.8075150721304354|73290&4&2.8075150721304354|73291&4&3.1428571501904603|73292&4&3.1428571501904603|73293&4&3.776917007242187|73294&4&3.776917007242187|73295&4&4.420310976434996|73296&4&4.420310976434996|73297&4&5.073143403584041|73298&4&5.073143403584041|73299&4&13.039060343505525|73300&4&36.39668156520703|73301&4&1.5138030366706325|73302&4&1.5138030366706325|73303&4&1.8301878713347932|73304&4&8.896760699888775|73305&4&2.1512333270981046|73306&4&2.1512333270981046,2|73189&4&19.920348547075847|73190&4&19.920348547075847|73191&4&19.920348547075847|73192&4&19.920348547075847|73193&4&19.920348547075847|73194&4&19.920348547075847|73195&4&19.920348547075847|73196&4&19.920348547075847|73197&4&19.920348547075847|73198&4&19.920348547075847|73199&4&22.57847005632628|73200&4&22.57847005632628|73201&4&22.57847005632628|73202&4&22.57847005632628|73203&4&22.57847005632628|73204&4&22.57847005632628|73205&4&22.57847005632628|73206&4&22.57847005632628|73207&4&22.57847005632628|73208&4&22.57847005632628|73209&4&25.275342868609698|73210&4&25.275342868609698|73211&4&25.275342868609698|73212&4&25.275342868609698|73213&4&25.275342868609698|73214&4&25.275342868609698|73215&4&25.275342868609698|73216&4&25.275342868609698|73217&4&25.275342868609698|73218&4&25.275342868609698|73219&4&30.374550220503785|73220&4&30.374550220503785|73221&4&30.374550220503785|73222&4&30.374550220503785|73223&4&30.374550220503785|73224&4&30.374550220503785|73225&4&30.374550220503785|73226&4&30.374550220503785|73227&4&30.374550220503785|73228&4&30.374550220503785|73229&4&35.54882394463996|73230&4&35.54882394463996|73231&4&35.54882394463996|73232&4&35.54882394463996|73233&4&35.54882394463996|73234&4&35.54882394463996|73235&4&47.01281819821136|73236&4&35.54882394463996|73237&4&35.54882394463996|73238&4&35.54882394463996|73239&4&40.79900320618825|73240&4&101.14172588539822|73241&4&40.79900320618825|73242&4&40.79900320618825|73243&4&60.99044130678573|73244&4&40.79900320618825|73245&4&40.79900320618825|73246&4&40.79900320618825|73247&4&40.79900320618825|73248&4&40.79900320618825|73249&4&151.96465153192497|73250&4&145.92650402582223|73251&4&83.19438646509724|73252&4&109.17940483544598|73253&4&170.65799287070382|73254&4&148.79624128863773|73255&4&203.4722385192684|73256&4&121.93380211211448|73257&4&158.30385287110747|73258&4&142.19281386282526|73259&4&12.174237949400293|73260&4&12.174237949400293|73261&4&12.174237949400293|73262&4&12.174237949400293|73263&4&12.174237949400293|73264&4&12.174237949400293|73265&4&12.174237949400293|73266&4&12.174237949400293|73267&4&12.174237949400293|73268&4&12.174237949400293|73269&4&14.718653680824954|73270&4&14.718653680824954|73271&4&14.718653680824954|73272&4&14.718653680824954|73273&4&14.718653680824954|73274&4&14.718653680824954|73275&4&14.718653680824954|73276&4&14.718653680824954|73277&4&14.718653680824954|73278&4&14.718653680824954|73279&4&17.300550847336332|73280&4&17.300550847336332|73281&4&17.300550847336332|73282&4&17.300550847336332|73283&4&17.300550847336332|73284&4&17.300550847336332|73285&4&17.300550847336332|73286&4&17.300550847336332|73287&4&17.300550847336332|73288&4&17.300550847336332|73289&4&2.4769915166301044|73290&4&2.4769915166301044|73291&4&2.8075150721304354|73292&4&2.8075150721304354|73293&4&3.1428571501904603|73294&4&3.1428571501904603|73295&4&3.776917007242187|73296&4&3.776917007242187|73297&4&4.420310976434996|73298&4&4.420310976434996|73299&4&5.073143403584041|73300&4&5.073143403584041|73301&4&22.317003052091707|73302&4&8.633817551043467|73303&4&1.5138030366706325|73304&4&1.5138030366706325|73305&4&1.8301878713347932|73306&4&1.8301878713347932,2|73189&4&17.300550847336332|73190&4&17.300550847336332|73191&4&17.300550847336332|73192&4&17.300550847336332|73193&4&17.300550847336332|73194&4&17.300550847336332|73195&4&17.300550847336332|73196&4&17.300550847336332|73197&4&17.300550847336332|73198&4&17.300550847336332|73199&4&19.920348547075847|73200&4&19.920348547075847|73201&4&19.920348547075847|73202&4&19.920348547075847|73203&4&19.920348547075847|73204&4&19.920348547075847|73205&4&19.920348547075847|73206&4&19.920348547075847|73207&4&19.920348547075847|73208&4&19.920348547075847|73209&4&22.57847005632628|73210&4&22.57847005632628|73211&4&22.57847005632628|73212&4&22.57847005632628|73213&4&22.57847005632628|73214&4&22.57847005632628|73215&4&22.57847005632628|73216&4&22.57847005632628|73217&4&22.57847005632628|73218&4&22.57847005632628|73219&4&25.275342868609698|73220&4&25.275342868609698|73221&4&25.275342868609698|73222&4&25.275342868609698|73223&4&25.275342868609698|73224&4&25.275342868609698|73225&4&25.275342868609698|73226&4&25.275342868609698|73227&4&25.275342868609698|73228&4&25.275342868609698|73229&4&30.374550220503785|73230&4&30.374550220503785|73231&4&30.374550220503785|73232&4&30.374550220503785|73233&4&30.374550220503785|73234&4&30.374550220503785|73235&4&30.374550220503785|73236&4&30.374550220503785|73237&4&30.374550220503785|73238&4&30.374550220503785|73239&4&35.54882394463996|73240&4&35.54882394463996|73241&4&35.54882394463996|73242&4&35.54882394463996|73243&4&35.54882394463996|73244&4&35.54882394463996|73245&4&35.54882394463996|73246&4&35.54882394463996|73247&4&35.54882394463996|73248&4&35.54882394463996|73249&4&40.79900320618825|73250&4&40.79900320618825|73251&4&40.79900320618825|73252&4&40.79900320618825|73253&4&40.79900320618825|73254&4&40.79900320618825|73255&4&40.79900320618825|73256&4&40.79900320618825|73257&4&40.79900320618825|73258&4&40.79900320618825|73259&4&127.86397710267701|73260&4&165.6333299632861|73261&4&205.1361430637892|73262&4&228.80708080584887|73263&4&146.18754864173337|73264&4&139.1686801007453|73265&4&151.2657475323081|73266&4&140.72071154408525|73267&4&189.46165157888052|73268&4&128.12944987161|73269&4&12.174237949400293|73270&4&12.174237949400293|73271&4&12.174237949400293|73272&4&12.174237949400293|73273&4&12.174237949400293|73274&4&12.174237949400293|73275&4&12.174237949400293|73276&4&12.174237949400293|73277&4&12.174237949400293|73278&4&12.174237949400293|73279&4&14.718653680824954|73280&4&14.718653680824954|73281&4&14.718653680824954|73282&4&14.718653680824954|73283&4&14.718653680824954|73284&4&14.718653680824954|73285&4&14.718653680824954|73286&4&14.718653680824954|73287&4&14.718653680824954|73288&4&14.718653680824954|73289&4&2.1512333270981046|73290&4&2.1512333270981046|73291&4&2.4769915166301044|73292&4&2.4769915166301044|73293&4&2.8075150721304354|73294&4&2.8075150721304354|73295&4&3.1428571501904603|73296&4&3.1428571501904603|73297&4&3.776917007242187|73298&4&3.776917007242187|73299&4&4.420310976434996|73300&4&4.420310976434996|73301&4&5.073143403584041|73302&4&5.073143403584041|73303&4&21.206969552914575|73304&4&5.735519674647894|73305&4&1.5138030366706325|73306&4&1.5138030366706325,2|73189&4&14.718653680824954|73190&4&14.718653680824954|73191&4&14.718653680824954|73192&4&14.718653680824954|73193&4&58.01392442964243|73194&4&14.718653680824954|73195&4&14.718653680824954|73196&4&14.718653680824954|73197&4&57.909590120293586|73198&4&14.718653680824954|73199&4&17.300550847336332|73200&4&17.300550847336332|73201&4&17.300550847336332|73202&4&17.300550847336332|73203&4&17.300550847336332|73204&4&17.300550847336332|73205&4&17.300550847336332|73206&4&17.300550847336332|73207&4&103.97630117131183|73208&4&17.300550847336332|73209&4&19.920348547075847|73210&4&19.920348547075847|73211&4&19.920348547075847|73212&4&19.920348547075847|73213&4&19.920348547075847|73214&4&19.920348547075847|73215&4&19.920348547075847|73216&4&19.920348547075847|73217&4&19.920348547075847|73218&4&19.920348547075847|73219&4&22.57847005632628|73220&4&22.57847005632628|73221&4&22.57847005632628|73222&4&22.57847005632628|73223&4&22.57847005632628|73224&4&22.57847005632628|73225&4&71.75876688300202|73226&4&22.57847005632628|73227&4&22.57847005632628|73228&4&22.57847005632628|73229&4&25.275342868609698|73230&4&25.275342868609698|73231&4&62.33859518639812|73232&4&25.275342868609698|73233&4&25.275342868609698|73234&4&25.275342868609698|73235&4&25.275342868609698|73236&4&25.275342868609698|73237&4&47.68546768637745|73238&4&25.275342868609698|73239&4&30.374550220503785|73240&4&30.374550220503785|73241&4&30.374550220503785|73242&4&30.374550220503785|73243&4&30.374550220503785|73244&4&30.374550220503785|73245&4&30.374550220503785|73246&4&30.374550220503785|73247&4&72.89595470062517|73248&4&30.374550220503785|73249&4&35.54882394463996|73250&4&35.54882394463996|73251&4&35.54882394463996|73252&4&35.54882394463996|73253&4&35.54882394463996|73254&4&35.54882394463996|73255&4&35.54882394463996|73256&4&35.54882394463996|73257&4&35.54882394463996|73258&4&35.54882394463996|73259&4&40.79900320618825|73260&4&40.79900320618825|73261&4&40.79900320618825|73262&4&40.79900320618825|73263&4&40.79900320618825|73264&4&40.79900320618825|73265&4&40.79900320618825|73266&4&40.79900320618825|73267&4&40.79900320618825|73268&4&40.79900320618825|73269&4&142.56316158638353|73270&4&163.65258307190896|73271&4&83.20137235712215|73272&4&136.1342106417552|73273&4&127.11716301064001|73274&4&152.10762644372966|73275&4&83.20137235712215|73276&4&128.08035328837556|73277&4&185.309818116631|73278&4&83.20031355778454|73279&4&12.174237949400293|73280&4&12.174237949400293|73281&4&12.174237949400293|73282&4&12.174237949400293|73283&4&12.174237949400293|73284&4&12.174237949400293|73285&4&12.174237949400293|73286&4&12.174237949400293|73287&4&12.174237949400293|73288&4&56.69995235631018|73289&4&1.8301878713347932|73290&4&1.8301878713347932|73291&4&2.1512333270981046|73292&4&2.1512333270981046|73293&4&2.4769915166301044|73294&4&2.4769915166301044|73295&4&2.8075150721304354|73296&4&2.8075150721304354|73297&4&3.1428571501904603|73298&4&3.1428571501904603|73299&4&3.776917007242187|73300&4&3.776917007242187|73301&4&4.420310976434996|73302&4&4.420310976434996|73303&4&5.073143403584041|73304&4&13.459588778124013|73305&4&21.377960336162175|73306&4&36.346261303793284,2|73189&4&12.174237949400293|73190&4&12.174237949400293|73191&4&51.43996008305433|73192&4&12.174237949400293|73193&4&12.174237949400293|73194&4&12.174237949400293|73195&4&12.174237949400293|73196&4&88.8170484685185|73197&4&12.174237949400293|73198&4&12.174237949400293|73199&4&14.718653680824954|73200&4&14.718653680824954|73201&4&14.718653680824954|73202&4&14.718653680824954|73203&4&14.718653680824954|73204&4&14.718653680824954|73205&4&14.718653680824954|73206&4&14.718653680824954|73207&4&67.94703947536921|73208&4&14.718653680824954|73209&4&17.300550847336332|73210&4&48.41132238403851|73211&4&17.300550847336332|73212&4&17.300550847336332|73213&4&17.300550847336332|73214&4&17.300550847336332|73215&4&17.300550847336332|73216&4&17.300550847336332|73217&4&17.300550847336332|73218&4&17.300550847336332|73219&4&19.920348547075847|73220&4&19.920348547075847|73221&4&19.920348547075847|73222&4&19.920348547075847|73223&4&19.920348547075847|73224&4&19.920348547075847|73225&4&19.920348547075847|73226&4&19.920348547075847|73227&4&19.920348547075847|73228&4&19.920348547075847|73229&4&22.57847005632628|73230&4&22.57847005632628|73231&4&22.57847005632628|73232&4&22.57847005632628|73233&4&22.57847005632628|73234&4&22.57847005632628|73235&4&22.57847005632628|73236&4&22.57847005632628|73237&4&22.57847005632628|73238&4&22.57847005632628|73239&4&25.275342868609698|73240&4&25.275342868609698|73241&4&25.275342868609698|73242&4&34.791025622858136|73243&4&25.275342868609698|73244&4&25.275342868609698|73245&4&25.275342868609698|73246&4&25.275342868609698|73247&4&25.275342868609698|73248&4&25.275342868609698|73249&4&30.374550220503785|73250&4&30.374550220503785|73251&4&30.374550220503785|73252&4&30.374550220503785|73253&4&30.374550220503785|73254&4&30.374550220503785|73255&4&30.374550220503785|73256&4&30.374550220503785|73257&4&30.374550220503785|73258&4&30.374550220503785|73259&4&35.54882394463996|73260&4&35.54882394463996|73261&4&35.54882394463996|73262&4&35.54882394463996|73263&4&35.54882394463996|73264&4&35.54882394463996|73265&4&35.54882394463996|73266&4&35.54882394463996|73267&4&35.54882394463996|73268&4&35.54882394463996|73269&4&40.79900320618825|73270&4&40.79900320618825|73271&4&40.79900320618825|73272&4&40.79900320618825|73273&4&40.79900320618825|73274&4&40.79900320618825|73275&4&40.79900320618825|73276&4&83.19631806889561|73277&4&40.79900320618825|73278&4&150.6654789334013|73279&4&216.39064819687377|73280&4&202.1702190054359|73281&4&194.81230833772977|73282&4&176.06739260787123|73283&4&154.5955010162825|73284&4&213.00869637254925|73285&4&169.06633469937015|73286&4&46.125935535312905|73287&4&132.76095038302842|73288&4&154.5748064549685|73289&4&1.5138030366706325|73290&4&1.5138030366706325|73291&4&1.8301878713347932|73292&4&1.8301878713347932|73293&4&2.1512333270981046|73294&4&2.1512333270981046|73295&4&2.4769915166301044|73296&4&2.4769915166301044|73297&4&2.8075150721304354|73298&4&2.8075150721304354|73299&4&3.1428571501904603|73300&4&3.1428571501904603|73301&4&3.776917007242187|73302&4&3.776917007242187|73303&4&4.420310976434996|73304&4&4.420310976434996|73305&4&5.073143403584041|73306&4&5.073143403584041
7|4,130,1,1,1,1,1,1,1,1,1,1,1,1,1,1,1,1,1,1,1,1,1,1,1,1,1,1,1,1,1,1,1,1,1,1,1,1,1,1,1,1,1,1,1,1,1,1,1,1,1,1,1,1,1,1,1,1,1,1,1,1,1,1,1,1,1,1,1,1,1,1,1,1,1,1,1,1,1,1,1,1,1,1,1,1,1,1,1,1,1,1,1,1,1,1,1,1,1,1,1,1,0,0,0,0,0,0,0,0,0,0,0,0,0,0,0,0,0,0,0,0,2|73189&4&117.669954427128|73190&4&130.3281306017142|73191&4&129.63476816899757|73192&4&139.00142512605294|73193&4&143.1463598938697|73194&4&141.1444561688642|73195&4&140.87647575961205|73196&4&104.30852077211192|73197&4&117.71038472689503|73198&4&135.02359189864723|73199&4&9.739390359520234|73200&4&9.739390359520234|73201&4&9.739390359520234|73202&4&9.739390359520234|73203&4&9.739390359520234|73204&4&9.739390359520234|73205&4&9.739390359520234|73206&4&9.739390359520234|73207&4&9.739390359520234|73208&4&9.739390359520234|73209&4&12.265544734020793|73210&4&12.265544734020793|73211&4&162.5441878550996|73212&4&12.265544734020793|73213&4&12.265544734020793|73214&4&12.265544734020793|73215&4&12.265544734020793|73216&4&12.265544734020793|73217&4&12.265544734020793|73218&4&12.265544734020793|73219&4&14.82904358343114|73220&4&14.82904358343114|73221&4&14.82904358343114|73222&4&14.82904358343114|73223&4&14.82904358343114|73224&4&14.82904358343114|73225&4&14.82904358343114|73226&4&14.82904358343114|73227&4&14.82904358343114|73228&4&14.82904358343114|73229&4&17.430304978691368|73230&4&17.430304978691368|73231&4&17.430304978691368|73232&4&17.430304978691368|73233&4&17.430304978691368|73234&4&17.430304978691368|73235&4&17.430304978691368|73236&4&17.430304978691368|73237&4&17.430304978691368|73238&4&17.430304978691368|73239&4&20.069751161178917|73240&4&20.069751161178917|73241&4&20.069751161178917|73242&4&20.069751161178917|73243&4&20.069751161178917|73244&4&20.069751161178917|73245&4&20.069751161178917|73246&4&20.069751161178917|73247&4&20.069751161178917|73248&4&20.069751161178917|73249&4&22.74780858174873|73250&4&22.74780858174873|73251&4&22.74780858174873|73252&4&22.74780858174873|73253&4&22.74780858174873|73254&4&22.74780858174873|73255&4&22.74780858174873|73256&4&22.74780858174873|73257&4&22.74780858174873|73258&4&22.74780858174873|73259&4&25.464907940124252|73260&4&25.464907940124252|73261&4&25.464907940124252|73262&4&25.464907940124252|73263&4&25.464907940124252|73264&4&25.464907940124252|73265&4&25.464907940124252|73266&4&25.464907940124252|73267&4&25.464907940124252|73268&4&25.464907940124252|73269&4&30.602359347157584|73270&4&30.602359347157584|73271&4&30.602359347157584|73272&4&30.602359347157584|73273&4&30.602359347157584|73274&4&30.602359347157584|73275&4&30.602359347157584|73276&4&30.602359347157584|73277&4&30.602359347157584|73278&4&30.602359347157584|73279&4&35.81544012422476|73280&4&35.81544012422476|73281&4&35.81544012422476|73282&4&35.81544012422476|73283&4&35.81544012422476|73284&4&35.81544012422476|73285&4&35.81544012422476|73286&4&35.81544012422476|73287&4&35.81544012422476|73288&4&35.81544012422476|73289&4&22.621033335719194|73290&4&18.180882925757402|73291&4&1.2110424293365063|73292&4&1.2110424293365063|73293&4&1.5251565594456609|73294&4&1.5251565594456609|73295&4&1.8439142803698036|73296&4&1.8439142803698036|73297&4&2.1673675770513414|73298&4&2.1673675770513414|73299&4&2.4955689530048315|73300&4&2.4955689530048315|73301&4&2.8285714351714146|73302&4&2.8285714351714146|73303&4&3.166428578816885|73304&4&3.166428578816885|73305&4&3.805243884796504|73306&4&3.805243884796504,2|73189&4&40.36039680986915|73190&4&35.81544012422476|73191&4&35.81544012422476|73192&4&35.81544012422476|73193&4&35.81544012422476|73194&4&35.81544012422476|73195&4&35.81544012422476|73196&4&35.81544012422476|73197&4&56.80744493739247|73198&4&35.81544012422476|73199&4&142.41325465731396|73200&4&235.0625588614183|73201&4&118.0847243924499|73202&4&154.08441859468803|73203&4&191.03627903524392|73204&4&160.49614258762227|73205&4&163.71487334466255|73206&4&139.79545876433878|73207&4&75.70860198901734|73208&4&211.0217675161985|73209&4&9.739390359520234|73210&4&9.739390359520234|73211&4&9.739390359520234|73212&4&9.739390359520234|73213&4&9.739390359520234|73214&4&80.58098548425598|73215&4&9.739390359520234|73216&4&9.739390359520234|73217&4&9.739390359520234|73218&4&33.70744662361038|73219&4&12.265544734020793|73220&4&12.265544734020793|73221&4&12.265544734020793|73222&4&12.265544734020793|73223&4&12.265544734020793|73224&4&12.265544734020793|73225&4&12.265544734020793|73226&4&12.265544734020793|73227&4&12.265544734020793|73228&4&12.265544734020793|73229&4&53.82052952216215|73230&4&14.82904358343114|73231&4&14.82904358343114|73232&4&14.82904358343114|73233&4&111.96626367964879|73234&4&73.18507156251809|73235&4&14.82904358343114|73236&4&14.82904358343114|73237&4&14.82904358343114|73238&4&14.82904358343114|73239&4&32.69817235202956|73240&4&17.430304978691368|73241&4&17.430304978691368|73242&4&17.430304978691368|73243&4&17.430304978691368|73244&4&64.34964139870547|73245&4&17.430304978691368|73246&4&17.430304978691368|73247&4&17.430304978691368|73248&4&17.430304978691368|73249&4&20.069751161178917|73250&4&135.2912486390061|73251&4&20.069751161178917|73252&4&57.132244069438045|73253&4&48.63168795328366|73254&4&20.069751161178917|73255&4&20.069751161178917|73256&4&20.069751161178917|73257&4&20.069751161178917|73258&4&52.76475423939607|73259&4&22.74780858174873|73260&4&60.18928219733201|73261&4&22.74780858174873|73262&4&22.74780858174873|73263&4&127.2216768951921|73264&4&22.74780858174873|73265&4&135.58076442597616|73266&4&22.74780858174873|73267&4&22.74780858174873|73268&4&22.74780858174873|73269&4&25.464907940124252|73270&4&25.464907940124252|73271&4&91.29537520260628|73272&4&25.464907940124252|73273&4&25.464907940124252|73274&4&25.464907940124252|73275&4&33.70228784322447|73276&4&25.464907940124252|73277&4&25.464907940124252|73278&4&57.661584333540716|73279&4&30.602359347157584|73280&4&30.602359347157584|73281&4&30.602359347157584|73282&4&54.63257982467782|73283&4&30.602359347157584|73284&4&30.602359347157584|73285&4&30.602359347157584|73286&4&65.65342019116315|73287&4&30.602359347157584|73288&4&30.602359347157584|73289&4&4.453463308758261|73290&4&4.453463308758261|73291&4&21.192403679746864|73292&4&20.322365065937632|73293&4&1.2110424293365063|73294&4&1.2110424293365063|73295&4&1.5251565594456609|73296&4&1.5251565594456609|73297&4&1.8439142803698036|73298&4&1.8439142803698036|73299&4&2.1673675770513414|73300&4&2.1673675770513414|73301&4&2.4955689530048315|73302&4&2.740558904223704|73303&4&2.8285714351714146|73304&4&2.8285714351714146|73305&4&3.166428578816885|73306&4&3.166428578816885,2|73189&4&30.602359347157584|73190&4&30.602359347157584|73191&4&30.602359347157584|73192&4&30.602359347157584|73193&4&30.602359347157584|73194&4&30.602359347157584|73195&4&30.602359347157584|73196&4&30.602359347157584|73197&4&30.602359347157584|73198&4&30.602359347157584|73199&4&35.81544012422476|73200&4&35.81544012422476|73201&4&35.81544012422476|73202&4&35.81544012422476|73203&4&35.81544012422476|73204&4&35.81544012422476|73205&4&35.81544012422476|73206&4&35.81544012422476|73207&4&35.81544012422476|73208&4&35.81544012422476|73209&4&147.33106266690606|73210&4&117.74998663110662|73211&4&41.10499573023468|73212&4&107.3872247240357|73213&4&240.42528041122065|73214&4&130.14925691213776|73215&4&232.33170875751028|73216&4&204.82693883579088|73217&4&243.17849975023597|73218&4&178.95964790812207|73219&4&9.739390359520234|73220&4&9.739390359520234|73221&4&9.739390359520234|73222&4&9.739390359520234|73223&4&9.739390359520234|73224&4&9.739390359520234|73225&4&9.739390359520234|73226&4&9.739390359520234|73227&4&9.739390359520234|73228&4&9.739390359520234|73229&4&12.265544734020793|73230&4&12.265544734020793|73231&4&12.265544734020793|73232&4&12.265544734020793|73233&4&12.265544734020793|73234&4&12.265544734020793|73235&4&12.265544734020793|73236&4&12.265544734020793|73237&4&12.265544734020793|73238&4&12.265544734020793|73239&4&14.82904358343114|73240&4&14.82904358343114|73241&4&14.82904358343114|73242&4&14.82904358343114|73243&4&14.82904358343114|73244&4&14.82904358343114|73245&4&14.82904358343114|73246&4&14.82904358343114|73247&4&14.82904358343114|73248&4&14.82904358343114|73249&4&17.430304978691368|73250&4&17.430304978691368|73251&4&17.430304978691368|73252&4&17.430304978691368|73253&4&17.430304978691368|73254&4&17.430304978691368|73255&4&17.430304978691368|73256&4&17.430304978691368|73257&4&17.430304978691368|73258&4&17.430304978691368|73259&4&20.069751161178917|73260&4&20.069751161178917|73261&4&20.069751161178917|73262&4&20.069751161178917|73263&4&20.069751161178917|73264&4&20.069751161178917|73265&4&20.069751161178917|73266&4&20.069751161178917|73267&4&20.069751161178917|73268&4&20.069751161178917|73269&4&22.74780858174873|73270&4&22.74780858174873|73271&4&22.74780858174873|73272&4&22.74780858174873|73273&4&22.74780858174873|73274&4&22.74780858174873|73275&4&122.60822168412332|73276&4&22.74780858174873|73277&4&22.74780858174873|73278&4&22.74780858174873|73279&4&25.464907940124252|73280&4&25.464907940124252|73281&4&25.464907940124252|73282&4&25.464907940124252|73283&4&25.464907940124252|73284&4&25.464907940124252|73285&4&25.464907940124252|73286&4&25.464907940124252|73287&4&25.464907940124252|73288&4&25.464907940124252|73289&4&3.805243884796504|73290&4&3.805243884796504|73291&4&4.453463308758261|73292&4&4.453463308758261|73293&4&19.680531636631827|73294&4&19.66205529465299|73295&4&1.2110424293365063|73296&4&1.2110424293365063|73297&4&1.5251565594456609|73298&4&1.5251565594456609|73299&4&1.8439142803698036|73300&4&1.8439142803698036|73301&4&2.1673675770513414|73302&4&6.043853157604564|73303&4&2.4955689530048315|73304&4&2.4955689530048315|73305&4&2.8285714351714146|73306&4&2.8285714351714146,2|73189&4&25.464907940124252|73190&4&25.464907940124252|73191&4&25.464907940124252|73192&4&25.464907940124252|73193&4&25.464907940124252|73194&4&25.464907940124252|73195&4&25.464907940124252|73196&4&25.464907940124252|73197&4&25.464907940124252|73198&4&25.464907940124252|73199&4&30.602359347157584|73200&4&30.602359347157584|73201&4&30.602359347157584|73202&4&30.602359347157584|73203&4&30.602359347157584|73204&4&30.602359347157584|73205&4&30.602359347157584|73206&4&30.602359347157584|73207&4&30.602359347157584|73208&4&30.602359347157584|73209&4&35.81544012422476|73210&4&35.81544012422476|73211&4&35.81544012422476|73212&4&118.62079698151979|73213&4&35.81544012422476|73214&4&35.81544012422476|73215&4&35.81544012422476|73216&4&35.81544012422476|73217&4&35.81544012422476|73218&4&35.81544012422476|73219&4&41.10499573023468|73220&4&151.96209533268586|73221&4&185.46745314643795|73222&4&110.85133166532157|73223&4&125.64211630979622|73224&4&147.12006380377102|73225&4&125.82183774235884|73226&4&130.10527112752789|73227&4&160.36090671373185|73228&4&132.15127142845947|73229&4&9.739390359520234|73230&4&9.739390359520234|73231&4&9.739390359520234|73232&4&9.739390359520234|73233&4&9.739390359520234|73234&4&9.739390359520234|73235&4&9.739390359520234|73236&4&9.739390359520234|73237&4&9.739390359520234|73238&4&9.739390359520234|73239&4&12.265544734020793|73240&4&12.265544734020793|73241&4&38.52378972265707|73242&4&12.265544734020793|73243&4&12.265544734020793|73244&4&12.265544734020793|73245&4&12.265544734020793|73246&4&12.265544734020793|73247&4&12.265544734020793|73248&4&12.265544734020793|73249&4&14.82904358343114|73250&4&14.82904358343114|73251&4&163.1129069299001|73252&4&14.82904358343114|73253&4&14.82904358343114|73254&4&14.82904358343114|73255&4&14.82904358343114|73256&4&14.82904358343114|73257&4&14.82904358343114|73258&4&14.82904358343114|73259&4&17.430304978691368|73260&4&17.430304978691368|73261&4&17.430304978691368|73262&4&17.430304978691368|73263&4&17.430304978691368|73264&4&17.430304978691368|73265&4&17.430304978691368|73266&4&17.430304978691368|73267&4&17.430304978691368|73268&4&17.430304978691368|73269&4&20.069751161178917|73270&4&20.069751161178917|73271&4&70.57746958470815|73272&4&75.1505303445914|73273&4&20.069751161178917|73274&4&20.069751161178917|73275&4&20.069751161178917|73276&4&20.069751161178917|73277&4&20.069751161178917|73278&4&20.069751161178917|73279&4&22.74780858174873|73280&4&22.74780858174873|73281&4&22.74780858174873|73282&4&22.74780858174873|73283&4&22.74780858174873|73284&4&22.74780858174873|73285&4&22.74780858174873|73286&4&22.74780858174873|73287&4&22.74780858174873|73288&4&22.74780858174873|73289&4&3.166428578816885|73290&4&3.166428578816885|73291&4&3.805243884796504|73292&4&3.805243884796504|73293&4&4.453463308758261|73294&4&18.570633717199527|73295&4&16.65906011835254|73296&4&17.046754115941486|73297&4&1.2110424293365063|73298&4&1.2110424293365063|73299&4&1.5251565594456609|73300&4&1.5251565594456609|73301&4&1.8439142803698036|73302&4&1.8439142803698036|73303&4&2.1673675770513414|73304&4&2.1673675770513414|73305&4&2.4955689530048315|73306&4&2.4955689530048315,2|73189&4&22.74780858174873|73190&4&22.74780858174873|73191&4&22.74780858174873|73192&4&99.4515738329795|73193&4&22.74780858174873|73194&4&22.74780858174873|73195&4&78.1315137646981|73196&4&22.74780858174873|73197&4&22.74780858174873|73198&4&99.52965794292189|73199&4&25.464907940124252|73200&4&25.464907940124252|73201&4&25.464907940124252|73202&4&25.464907940124252|73203&4&25.464907940124252|73204&4&25.464907940124252|73205&4&33.31825690910976|73206&4&25.464907940124252|73207&4&25.464907940124252|73208&4&25.464907940124252|73209&4&30.602359347157584|73210&4&109.15436871797255|73211&4&30.602359347157584|73212&4&30.602359347157584|73213&4&30.602359347157584|73214&4&30.602359347157584|73215&4&30.602359347157584|73216&4&30.602359347157584|73217&4&30.602359347157584|73218&4&30.602359347157584|73219&4&149.12731689117965|73220&4&35.81544012422476|73221&4&35.81544012422476|73222&4&64.81854430376848|73223&4&95.2666052606051|73224&4&35.81544012422476|73225&4&35.81544012422476|73226&4&80.16233955761905|73227&4&35.81544012422476|73228&4&35.81544012422476|73229&4&130.322300194224|73230&4&179.17237125645337|73231&4&152.79633301615843|73232&4&179.3483882389328|73233&4&125.8305398249613|73234&4&122.07850809178844|73235&4&156.8049030645372|73236&4&130.81639277731125|73237&4&126.13548514736326|73238&4&194.7513220320604|73239&4&9.739390359520234|73240&4&9.739390359520234|73241&4&9.739390359520234|73242&4&68.69118105331115|73243&4&9.739390359520234|73244&4&9.739390359520234|73245&4&9.739390359520234|73246&4&9.739390359520234|73247&4&9.739390359520234|73248&4&9.739390359520234|73249&4&62.361314434063516|73250&4&12.265544734020793|73251&4&12.265544734020793|73252&4&12.265544734020793|73253&4&12.265544734020793|73254&4&124.26828457358523|73255&4&12.265544734020793|73256&4&12.265544734020793|73257&4&12.265544734020793|73258&4&12.265544734020793|73259&4&163.23452323616203|73260&4&14.82904358343114|73261&4&14.82904358343114|73262&4&14.82904358343114|73263&4&14.82904358343114|73264&4&14.82904358343114|73265&4&14.82904358343114|73266&4&14.82904358343114|73267&4&14.82904358343114|73268&4&223.1233916576983|73269&4&17.430304978691368|73270&4&89.69099612949381|73271&4&17.430304978691368|73272&4&17.430304978691368|73273&4&17.430304978691368|73274&4&41.603514058150765|73275&4&17.430304978691368|73276&4&17.430304978691368|73277&4&17.430304978691368|73278&4&17.430304978691368|73279&4&20.069751161178917|73280&4&20.069751161178917|73281&4&20.069751161178917|73282&4&20.069751161178917|73283&4&74.03964789418748|73284&4&20.069751161178917|73285&4&20.069751161178917|73286&4&20.069751161178917|73287&4&20.069751161178917|73288&4&20.069751161178917|73289&4&2.8285714351714146|73290&4&2.8285714351714146|73291&4&3.166428578816885|73292&4&3.166428578816885|73293&4&3.805243884796504|73294&4&3.805243884796504|73295&4&4.453463308758261|73296&4&4.453463308758261|73297&4&19.744568548611692|73298&4&18.299845654340515|73299&4&1.2110424293365063|73300&4&1.2110424293365063|73301&4&1.5251565594456609|73302&4&1.5251565594456609|73303&4&1.8439142803698036|73304&4&1.8439142803698036|73305&4&2.1673675770513414|73306&4&2.1673675770513414,2|73189&4&20.069751161178917|73190&4&20.069751161178917|73191&4&20.069751161178917|73192&4&20.069751161178917|73193&4&20.069751161178917|73194&4&20.069751161178917|73195&4&20.069751161178917|73196&4&20.069751161178917|73197&4&20.069751161178917|73198&4&20.069751161178917|73199&4&22.74780858174873|73200&4&22.74780858174873|73201&4&70.71063117964312|73202&4&22.74780858174873|73203&4&22.74780858174873|73204&4&22.74780858174873|73205&4&22.74780858174873|73206&4&22.74780858174873|73207&4&22.74780858174873|73208&4&22.74780858174873|73209&4&25.464907940124252|73210&4&25.464907940124252|73211&4&25.464907940124252|73212&4&25.464907940124252|73213&4&25.464907940124252|73214&4&25.464907940124252|73215&4&25.464907940124252|73216&4&25.464907940124252|73217&4&25.464907940124252|73218&4&25.464907940124252|73219&4&30.602359347157584|73220&4&30.602359347157584|73221&4&30.602359347157584|73222&4&30.602359347157584|73223&4&30.602359347157584|73224&4&30.602359347157584|73225&4&30.602359347157584|73226&4&30.602359347157584|73227&4&30.602359347157584|73228&4&105.05918231854754|73229&4&35.81544012422476|73230&4&35.81544012422476|73231&4&35.81544012422476|73232&4&35.81544012422476|73233&4&35.81544012422476|73234&4&35.81544012422476|73235&4&35.81544012422476|73236&4&35.81544012422476|73237&4&35.81544012422476|73238&4&35.81544012422476|73239&4&132.6298880483846|73240&4&124.18505405659494|73241&4&75.7077485512082|73242&4&121.99648855786765|73243&4&155.3977129106268|73244&4&146.02337853365495|73245&4&148.93890290161116|73246&4&179.0104862881003|73247&4&152.94138928154007|73248&4&179.06993846321146|73249&4&9.739390359520234|73250&4&9.739390359520234|73251&4&9.739390359520234|73252&4&9.739390359520234|73253&4&9.739390359520234|73254&4&9.739390359520234|73255&4&9.739390359520234|73256&4&110.95374822673573|73257&4&9.739390359520234|73258&4&9.739390359520234|73259&4&12.265544734020793|73260&4&12.265544734020793|73261&4&12.265544734020793|73262&4&12.265544734020793|73263&4&12.265544734020793|73264&4&170.49864806332928|73265&4&12.265544734020793|73266&4&12.265544734020793|73267&4&12.265544734020793|73268&4&12.265544734020793|73269&4&14.82904358343114|73270&4&14.82904358343114|73271&4&14.82904358343114|73272&4&14.82904358343114|73273&4&14.82904358343114|73274&4&14.82904358343114|73275&4&14.82904358343114|73276&4&14.82904358343114|73277&4&14.82904358343114|73278&4&14.82904358343114|73279&4&17.430304978691368|73280&4&17.430304978691368|73281&4&17.430304978691368|73282&4&17.430304978691368|73283&4&17.430304978691368|73284&4&17.430304978691368|73285&4&17.430304978691368|73286&4&138.74123134134481|73287&4&17.430304978691368|73288&4&17.430304978691368|73289&4&2.4955689530048315|73290&4&2.4955689530048315|73291&4&2.8285714351714146|73292&4&2.8285714351714146|73293&4&3.166428578816885|73294&4&3.166428578816885|73295&4&3.805243884796504|73296&4&3.805243884796504|73297&4&4.453463308758261|73298&4&4.453463308758261|73299&4&11.947236495697906|73300&4&33.98960770035367|73301&4&1.2110424293365063|73302&4&1.2110424293365063|73303&4&1.5251565594456609|73304&4&8.13799234506337|73305&4&1.8439142803698036|73306&4&1.8439142803698036,2|73189&4&17.430304978691368|73190&4&17.430304978691368|73191&4&17.430304978691368|73192&4&17.430304978691368|73193&4&17.430304978691368|73194&4&17.430304978691368|73195&4&17.430304978691368|73196&4&17.430304978691368|73197&4&17.430304978691368|73198&4&17.430304978691368|73199&4&20.069751161178917|73200&4&20.069751161178917|73201&4&20.069751161178917|73202&4&20.069751161178917|73203&4&20.069751161178917|73204&4&20.069751161178917|73205&4&20.069751161178917|73206&4&20.069751161178917|73207&4&20.069751161178917|73208&4&20.069751161178917|73209&4&22.74780858174873|73210&4&22.74780858174873|73211&4&22.74780858174873|73212&4&22.74780858174873|73213&4&22.74780858174873|73214&4&22.74780858174873|73215&4&22.74780858174873|73216&4&22.74780858174873|73217&4&22.74780858174873|73218&4&22.74780858174873|73219&4&25.464907940124252|73220&4&25.464907940124252|73221&4&25.464907940124252|73222&4&25.464907940124252|73223&4&25.464907940124252|73224&4&25.464907940124252|73225&4&25.464907940124252|73226&4&25.464907940124252|73227&4&25.464907940124252|73228&4&25.464907940124252|73229&4&30.602359347157584|73230&4&30.602359347157584|73231&4&30.602359347157584|73232&4&30.602359347157584|73233&4&30.602359347157584|73234&4&30.602359347157584|73235&4&41.493153888050415|73236&4&30.602359347157584|73237&4&30.602359347157584|73238&4&30.602359347157584|73239&4&35.81544012422476|73240&4&93.14102666947423|73241&4&35.81544012422476|73242&4&35.81544012422476|73243&4&54.997306319792365|73244&4&35.81544012422476|73245&4&35.81544012422476|73246&4&35.81544012422476|73247&4&35.81544012422476|73248&4&35.81544012422476|73249&4&140.28318708987752|73250&4&134.58613968562793|73251&4&75.70221659803339|73252&4&100.06319963715254|73253&4&157.8558152940632|73254&4&137.2864151198085|73255&4&188.84097614928714|73256&4&112.02027461189105|73257&4&163.97742254037587|73258&4&131.10090503963795|73259&4&9.739390359520234|73260&4&9.739390359520234|73261&4&9.739390359520234|73262&4&9.739390359520234|73263&4&9.739390359520234|73264&4&9.739390359520234|73265&4&9.739390359520234|73266&4&89.38622484892699|73267&4&9.739390359520234|73268&4&9.739390359520234|73269&4&12.265544734020793|73270&4&12.265544734020793|73271&4&12.265544734020793|73272&4&12.265544734020793|73273&4&12.265544734020793|73274&4&12.265544734020793|73275&4&12.265544734020793|73276&4&12.265544734020793|73277&4&12.265544734020793|73278&4&12.265544734020793|73279&4&14.82904358343114|73280&4&14.82904358343114|73281&4&14.82904358343114|73282&4&14.82904358343114|73283&4&14.82904358343114|73284&4&14.82904358343114|73285&4&14.82904358343114|73286&4&14.82904358343114|73287&4&14.82904358343114|73288&4&14.82904358343114|73289&4&2.1673675770513414|73290&4&2.1673675770513414|73291&4&2.4955689530048315|73292&4&2.4955689530048315|73293&4&2.8285714351714146|73294&4&2.8285714351714146|73295&4&3.166428578816885|73296&4&3.166428578816885|73297&4&3.805243884796504|73298&4&3.805243884796504|73299&4&4.453463308758261|73300&4&4.453463308758261|73301&4&28.426337742021694|73302&4&7.816269997080122|73303&4&1.2110424293365063|73304&4&1.2110424293365063|73305&4&1.5251565594456609|73306&4&1.5251565594456609,2|73189&4&14.82904358343114|73190&4&14.82904358343114|73191&4&14.82904358343114|73192&4&14.82904358343114|73193&4&14.82904358343114|73194&4&14.82904358343114|73195&4&14.82904358343114|73196&4&14.82904358343114|73197&4&14.82904358343114|73198&4&14.82904358343114|73199&4&17.430304978691368|73200&4&17.430304978691368|73201&4&17.430304978691368|73202&4&34.740005499593444|73203&4&17.430304978691368|73204&4&17.430304978691368|73205&4&17.430304978691368|73206&4&17.430304978691368|73207&4&17.430304978691368|73208&4&17.430304978691368|73209&4&20.069751161178917|73210&4&20.069751161178917|73211&4&47.9666290086229|73212&4&20.069751161178917|73213&4&20.069751161178917|73214&4&20.069751161178917|73215&4&20.069751161178917|73216&4&20.069751161178917|73217&4&20.069751161178917|73218&4&20.069751161178917|73219&4&22.74780858174873|73220&4&22.74780858174873|73221&4&22.74780858174873|73222&4&22.74780858174873|73223&4&22.74780858174873|73224&4&22.74780858174873|73225&4&22.74780858174873|73226&4&22.74780858174873|73227&4&22.74780858174873|73228&4&22.74780858174873|73229&4&25.464907940124252|73230&4&25.464907940124252|73231&4&25.464907940124252|73232&4&25.464907940124252|73233&4&25.464907940124252|73234&4&25.464907940124252|73235&4&25.464907940124252|73236&4&25.464907940124252|73237&4&25.464907940124252|73238&4&25.464907940124252|73239&4&30.602359347157584|73240&4&30.602359347157584|73241&4&30.602359347157584|73242&4&30.602359347157584|73243&4&30.602359347157584|73244&4&30.602359347157584|73245&4&30.602359347157584|73246&4&30.602359347157584|73247&4&30.602359347157584|73248&4&30.602359347157584|73249&4&35.81544012422476|73250&4&35.81544012422476|73251&4&35.81544012422476|73252&4&35.81544012422476|73253&4&35.81544012422476|73254&4&35.81544012422476|73255&4&35.81544012422476|73256&4&35.81544012422476|73257&4&35.81544012422476|73258&4&35.81544012422476|73259&4&117.57993996984034|73260&4&153.1118067539208|73261&4&190.5334763376742|73262&4&212.821686790828|73263&4&134.88493654958313|73264&4&128.22219230177413|73265&4&139.60490157585946|73266&4&129.68010406306237|73267&4&175.5677298249454|73268&4&117.82881631639103|73269&4&9.739390359520234|73270&4&9.739390359520234|73271&4&9.739390359520234|73272&4&9.739390359520234|73273&4&9.739390359520234|73274&4&9.739390359520234|73275&4&9.739390359520234|73276&4&9.739390359520234|73277&4&9.739390359520234|73278&4&9.739390359520234|73279&4&12.265544734020793|73280&4&12.265544734020793|73281&4&12.265544734020793|73282&4&12.265544734020793|73283&4&12.265544734020793|73284&4&12.265544734020793|73285&4&49.7365317639514|73286&4&12.265544734020793|73287&4&12.265544734020793|73288&4&12.265544734020793|73289&4&1.8439142803698036|73290&4&1.8439142803698036|73291&4&2.1673675770513414|73292&4&2.1673675770513414|73293&4&2.4955689530048315|73294&4&2.4955689530048315|73295&4&2.8285714351714146|73296&4&2.8285714351714146|73297&4&3.166428578816885|73298&4&3.166428578816885|73299&4&3.805243884796504|73300&4&3.805243884796504|73301&4&4.453463308758261|73302&4&4.453463308758261|73303&4&19.63445629829141|73304&4&5.11119197911092|73305&4&1.2110424293365063|73306&4&1.2110424293365063,2|73189&4&12.265544734020793|73190&4&12.265544734020793|73191&4&12.265544734020793|73192&4&12.265544734020793|73193&4&53.39605194539739|73194&4&12.265544734020793|73195&4&12.265544734020793|73196&4&12.265544734020793|73197&4&53.29693435151599|73198&4&12.265544734020793|73199&4&14.82904358343114|73200&4&14.82904358343114|73201&4&14.82904358343114|73202&4&14.82904358343114|73203&4&14.82904358343114|73204&4&14.82904358343114|73205&4&14.82904358343114|73206&4&14.82904358343114|73207&4&97.17100639120787|73208&4&14.82904358343114|73209&4&17.430304978691368|73210&4&17.430304978691368|73211&4&17.430304978691368|73212&4&17.430304978691368|73213&4&17.430304978691368|73214&4&17.430304978691368|73215&4&17.430304978691368|73216&4&17.430304978691368|73217&4&17.430304978691368|73218&4&17.430304978691368|73219&4&20.069751161178917|73220&4&20.069751161178917|73221&4&20.069751161178917|73222&4&20.069751161178917|73223&4&20.069751161178917|73224&4&20.069751161178917|73225&4&66.79103314652087|73226&4&20.069751161178917|73227&4&20.069751161178917|73228&4&20.069751161178917|73229&4&22.74780858174873|73230&4&22.74780858174873|73231&4&57.95789828364773|73232&4&22.74780858174873|73233&4&22.74780858174873|73234&4&22.74780858174873|73235&4&22.74780858174873|73236&4&22.74780858174873|73237&4&44.03742715862809|73238&4&22.74780858174873|73239&4&25.464907940124252|73240&4&25.464907940124252|73241&4&25.464907940124252|73242&4&25.464907940124252|73243&4&25.464907940124252|73244&4&25.464907940124252|73245&4&25.464907940124252|73246&4&25.464907940124252|73247&4&65.86024219623957|73248&4&25.464907940124252|73249&4&30.602359347157584|73250&4&30.602359347157584|73251&4&30.602359347157584|73252&4&30.602359347157584|73253&4&30.602359347157584|73254&4&30.602359347157584|73255&4&30.602359347157584|73256&4&30.602359347157584|73257&4&30.602359347157584|73258&4&30.602359347157584|73259&4&35.81544012422476|73260&4&35.81544012422476|73261&4&35.81544012422476|73262&4&35.81544012422476|73263&4&35.81544012422476|73264&4&35.81544012422476|73265&4&35.81544012422476|73266&4&35.81544012422476|73267&4&35.81544012422476|73268&4&35.81544012422476|73269&4&153.23038607112005|73270&4&151.32930600313574|73271&4&75.70873676392331|73272&4&125.3332638952667|73273&4&116.87972745025276|73274&4&140.39713330384626|73275&4&75.70873676392331|73276&4&117.78276808250158|73277&4&171.66087303239132|73278&4&75.7077485512082|73279&4&9.739390359520234|73280&4&9.739390359520234|73281&4&9.739390359520234|73282&4&9.739390359520234|73283&4&9.739390359520234|73284&4&9.739390359520234|73285&4&9.739390359520234|73286&4&9.739390359520234|73287&4&9.739390359520234|73288&4&65.10201352414832|73289&4&1.5251565594456609|73290&4&1.5251565594456609|73291&4&1.8439142803698036|73292&4&1.8439142803698036|73293&4&2.1673675770513414|73294&4&2.1673675770513414|73295&4&2.4955689530048315|73296&4&2.4955689530048315|73297&4&2.8285714351714146|73298&4&2.8285714351714146|73299&4&3.166428578816885|73300&4&3.166428578816885|73301&4&3.805243884796504|73302&4&3.805243884796504|73303&4&4.453463308758261|73304&4&12.346588367148822|73305&4&19.795821127132598|73306&4&33.93729164303833,2|73189&4&9.739390359520234|73190&4&9.739390359520234|73191&4&47.04182638649157|73192&4&9.739390359520234|73193&4&9.739390359520234|73194&4&9.739390359520234|73195&4&9.739390359520234|73196&4&82.55006035268252|73197&4&9.739390359520234|73198&4&9.739390359520234|73199&4&12.265544734020793|73200&4&12.265544734020793|73201&4&12.265544734020793|73202&4&12.265544734020793|73203&4&12.265544734020793|73204&4&12.265544734020793|73205&4&12.265544734020793|73206&4&12.265544734020793|73207&4&62.223569589902446|73208&4&12.265544734020793|73209&4&14.82904358343114|73210&4&44.211438923649865|73211&4&14.82904358343114|73212&4&14.82904358343114|73213&4&14.82904358343114|73214&4&14.82904358343114|73215&4&14.82904358343114|73216&4&14.82904358343114|73217&4&14.82904358343114|73218&4&14.82904358343114|73219&4&17.430304978691368|73220&4&17.430304978691368|73221&4&17.430304978691368|73222&4&17.430304978691368|73223&4&17.430304978691368|73224&4&17.430304978691368|73225&4&17.430304978691368|73226&4&17.430304978691368|73227&4&17.430304978691368|73228&4&17.430304978691368|73229&4&20.069751161178917|73230&4&20.069751161178917|73231&4&20.069751161178917|73232&4&20.069751161178917|73233&4&20.069751161178917|73234&4&20.069751161178917|73235&4&20.069751161178917|73236&4&20.069751161178917|73237&4&20.069751161178917|73238&4&20.069751161178917|73239&4&22.74780858174873|73240&4&22.74780858174873|73241&4&22.74780858174873|73242&4&31.703745291629613|73243&4&22.74780858174873|73244&4&22.74780858174873|73245&4&22.74780858174873|73246&4&22.74780858174873|73247&4&22.74780858174873|73248&4&22.74780858174873|73249&4&25.464907940124252|73250&4&25.464907940124252|73251&4&25.464907940124252|73252&4&25.464907940124252|73253&4&25.464907940124252|73254&4&25.464907940124252|73255&4&25.464907940124252|73256&4&25.464907940124252|73257&4&25.464907940124252|73258&4&25.464907940124252|73259&4&30.602359347157584|73260&4&30.602359347157584|73261&4&30.602359347157584|73262&4&30.602359347157584|73263&4&30.602359347157584|73264&4&30.602359347157584|73265&4&30.602359347157584|73266&4&30.602359347157584|73267&4&30.602359347157584|73268&4&30.602359347157584|73269&4&35.81544012422476|73270&4&35.81544012422476|73271&4&35.81544012422476|73272&4&35.81544012422476|73273&4&35.81544012422476|73274&4&35.81544012422476|73275&4&35.81544012422476|73276&4&75.7187952891258|73277&4&35.81544012422476|73278&4&139.06842294789686|73279&4&201.05644302388316|73280&4&187.51350900037585|73281&4&180.62154763407872|73282&4&162.97423510591523|73283&4&142.7584140310995|73284&4&197.90557541339695|73285&4&156.37403383801743|73286&4&41.10499573023468|73287&4&122.18813068464529|73288&4&142.74132245575365|73289&4&1.2110424293365063|73290&4&1.2110424293365063|73291&4&1.5251565594456609|73292&4&1.5251565594456609|73293&4&1.8439142803698036|73294&4&1.8439142803698036|73295&4&2.1673675770513414|73296&4&2.1673675770513414|73297&4&2.4955689530048315|73298&4&2.4955689530048315|73299&4&2.8285714351714146|73300&4&2.8285714351714146|73301&4&3.166428578816885|73302&4&3.166428578816885|73303&4&3.805243884796504|73304&4&3.805243884796504|73305&4&4.453463308758261|73306&4&4.453463308758261
8|4,130,1,1,1,1,1,1,1,1,1,1,1,1,1,1,1,1,1,1,1,1,1,1,1,1,1,1,1,1,1,1,1,1,1,1,1,1,1,1,1,1,1,1,1,1,1,1,1,1,1,1,1,1,1,1,1,1,1,1,1,1,1,1,1,1,1,1,1,1,1,1,1,1,1,1,1,1,1,1,1,1,1,1,1,1,1,1,1,1,1,1,1,1,1,1,1,1,1,1,1,1,0,0,0,0,0,0,0,0,0,0,0,0,0,0,0,0,0,0,0,0,2|73189&4&107.3797816058888|73190&4&119.24704024833582|73191&4&118.58101126898886|73192&4&127.37740425400017|73193&4&131.2808380291354|73194&4&129.40233530820504|73195&4&129.1372033800779|73196&4&152.64199026660646|73197&4&181.58883795454182|73198&4&123.64797903228272|73199&4&7.304542769640175|73200&4&7.304542769640175|73201&4&7.304542769640175|73202&4&7.304542769640175|73203&4&7.304542769640175|73204&4&7.304542769640175|73205&4&7.304542769640175|73206&4&7.304542769640175|73207&4&66.67376027493778|73208&4&7.304542769640175|73209&4&9.812435787216632|73210&4&122.00545814141111|73211&4&150.19784965751444|73212&4&9.812435787216632|73213&4&147.98447025277673|73214&4&9.812435787216632|73215&4&9.812435787216632|73216&4&9.812435787216632|73217&4&9.812435787216632|73218&4&9.812435787216632|73219&4&12.357536319525948|73220&4&105.50160175295527|73221&4&12.357536319525948|73222&4&88.96896170951949|73223&4&12.357536319525948|73224&4&12.357536319525948|73225&4&131.50354931733176|73226&4&12.357536319525948|73227&4&12.357536319525948|73228&4&12.357536319525948|73229&4&14.940261410306888|73230&4&39.300697210545124|73231&4&14.940261410306888|73232&4&14.940261410306888|73233&4&14.940261410306888|73234&4&123.34518064036796|73235&4&14.940261410306888|73236&4&14.940261410306888|73237&4&14.940261410306888|73238&4&14.940261410306888|73239&4&17.561032266031553|73240&4&17.561032266031553|73241&4&78.4109615654524|73242&4&17.561032266031553|73243&4&74.7413218911671|73244&4&17.561032266031553|73245&4&17.561032266031553|73246&4&17.561032266031553|73247&4&17.561032266031553|73248&4&17.561032266031553|73249&4&20.22027429488776|73250&4&20.22027429488776|73251&4&20.22027429488776|73252&4&20.22027429488776|73253&4&20.22027429488776|73254&4&20.22027429488776|73255&4&97.18535813742128|73256&4&32.59308971643321|73257&4&20.22027429488776|73258&4&20.22027429488776|73259&4&129.81721349974765|73260&4&22.91841714611183|73261&4&22.91841714611183|73262&4&84.85530295383711|73263&4&22.91841714611183|73264&4&22.91841714611183|73265&4&22.91841714611183|73266&4&22.91841714611183|73267&4&22.91841714611183|73268&4&22.91841714611183|73269&4&25.655894749675205|73270&4&25.655894749675205|73271&4&25.655894749675205|73272&4&25.655894749675205|73273&4&25.655894749675205|73274&4&25.655894749675205|73275&4&65.83182970725665|73276&4&25.655894749675205|73277&4&25.655894749675205|73278&4&25.655894749675205|73279&4&72.68570265290569|73280&4&87.58278108729533|73281&4&30.83187704226126|73282&4&30.83187704226126|73283&4&30.83187704226126|73284&4&57.022731410285054|73285&4&30.83187704226126|73286&4&30.83187704226126|73287&4&30.83187704226126|73288&4&30.83187704226126|73289&4&20.862415101225046|73290&4&16.699202795019293|73291&4&0.90828182200238|73292&4&0.90828182200238|73293&4&1.2201252475565285|73294&4&1.2201252475565285|73295&4&1.5365952336415027|73296&4&1.5365952336415027|73297&4&1.8577436374725784|73298&4&1.8577436374725784|73299&4&2.1836228338792276|73300&4&2.1836228338792276|73301&4&2.514285720152369|73302&4&2.514285720152369|73303&4&2.8497857209351967|73304&4&2.8497857209351967|73305&4&3.190176793158012|73306&4&3.190176793158012,2|73189&4&35.13762548129279|73190&4&30.83187704226126|73191&4&30.83187704226126|73192&4&30.83187704226126|73193&4&30.83187704226126|73194&4&30.83187704226126|73195&4&30.83187704226126|73196&4&30.83187704226126|73197&4&50.51188155460599|73198&4&30.83187704226126|73199&4&130.59886618243638|73200&4&217.84810294161156|73201&4&107.79320270869766|73202&4&141.51821981393007|73203&4&176.70052488573228|73204&4&147.52857079205882|73205&4&150.5690214410825|73206&4&128.53675169482517|73207&4&68.2159760225975|73208&4&296.23215258325854|73209&4&7.304542769640175|73210&4&7.304542769640175|73211&4&7.304542769640175|73212&4&7.304542769640175|73213&4&7.304542769640175|73214&4&103.59925926867611|73215&4&7.304542769640175|73216&4&7.304542769640175|73217&4&7.304542769640175|73218&4&112.12484453508968|73219&4&9.812435787216632|73220&4&9.812435787216632|73221&4&9.812435787216632|73222&4&9.812435787216632|73223&4&9.812435787216632|73224&4&9.812435787216632|73225&4&9.812435787216632|73226&4&9.812435787216632|73227&4&35.00375677829783|73228&4&9.812435787216632|73229&4&49.29683878779743|73230&4&12.357536319525948|73231&4&12.357536319525948|73232&4&12.357536319525948|73233&4&104.38227114752162|73234&4&67.64219440497675|73235&4&12.357536319525948|73236&4&12.357536319525948|73237&4&12.357536319525948|73238&4&12.357536319525948|73239&4&29.404556816627284|73240&4&14.940261410306888|73241&4&14.940261410306888|73242&4&14.940261410306888|73243&4&14.940261410306888|73244&4&59.39015907137289|73245&4&14.940261410306888|73246&4&14.940261410306888|73247&4&14.940261410306888|73248&4&14.940261410306888|73249&4&17.561032266031553|73250&4&201.64973787800318|73251&4&17.561032266031553|73252&4&199.17456899820868|73253&4&96.64792634813678|73254&4&17.561032266031553|73255&4&17.561032266031553|73256&4&17.561032266031553|73257&4&17.561032266031553|73258&4&48.53524570855307|73259&4&20.22027429488776|73260&4&130.6891970145195|73261&4&20.22027429488776|73262&4&20.22027429488776|73263&4&119.19551796025516|73264&4&20.22027429488776|73265&4&127.08663989940752|73266&4&20.22027429488776|73267&4&20.22027429488776|73268&4&20.22027429488776|73269&4&22.91841714611183|73270&4&22.91841714611183|73271&4&85.28412297372638|73272&4&22.91841714611183|73273&4&22.91841714611183|73274&4&22.91841714611183|73275&4&30.722250738522558|73276&4&22.91841714611183|73277&4&22.91841714611183|73278&4&53.42053162408533|73279&4&25.655894749675205|73280&4&25.655894749675205|73281&4&25.655894749675205|73282&4&126.30730235995226|73283&4&25.655894749675205|73284&4&25.655894749675205|73285&4&25.655894749675205|73286&4&58.86216291768047|73287&4&25.655894749675205|73288&4&25.655894749675205|73289&4&3.83378321393248|73290&4&3.83378321393248|73291&4&19.52286321675961|73292&4&18.736483582071617|73293&4&0.90828182200238|73294&4&0.90828182200238|73295&4&1.2201252475565285|73296&4&1.2201252475565285|73297&4&1.5365952336415027|73298&4&1.5365952336415027|73299&4&1.8577436374725784|73300&4&1.8577436374725784|73301&4&2.1836228338792276|73302&4&2.4133009131469203|73303&4&2.514285720152369|73304&4&2.514285720152369|73305&4&2.8497857209351967|73306&4&2.8497857209351967,2|73189&4&25.655894749675205|73190&4&25.655894749675205|73191&4&25.655894749675205|73192&4&25.655894749675205|73193&4&25.655894749675205|73194&4&25.655894749675205|73195&4&25.655894749675205|73196&4&25.655894749675205|73197&4&25.655894749675205|73198&4&25.655894749675205|73199&4&30.83187704226126|73200&4&30.83187704226126|73201&4&30.83187704226126|73202&4&30.83187704226126|73203&4&30.83187704226126|73204&4&30.83187704226126|73205&4&30.83187704226126|73206&4&30.83187704226126|73207&4&30.83187704226126|73208&4&30.83187704226126|73209&4&135.1863982909824|73210&4&107.45460838823993|73211&4&36.08405592515646|73212&4&97.80135993616754|73213&4&223.14073732665224|73214&4&119.08185126393741|73215&4&215.35561350744314|73216&4&227.98718341157624|73217&4&322.3873082815741|73218&4&164.8541040313824|73219&4&7.304542769640175|73220&4&7.304542769640175|73221&4&7.304542769640175|73222&4&7.304542769640175|73223&4&7.304542769640175|73224&4&7.304542769640175|73225&4&7.304542769640175|73226&4&7.304542769640175|73227&4&7.304542769640175|73228&4&7.304542769640175|73229&4&9.812435787216632|73230&4&9.812435787216632|73231&4&9.812435787216632|73232&4&9.812435787216632|73233&4&9.812435787216632|73234&4&9.812435787216632|73235&4&9.812435787216632|73236&4&9.812435787216632|73237&4&9.812435787216632|73238&4&9.812435787216632|73239&4&12.357536319525948|73240&4&12.357536319525948|73241&4&12.357536319525948|73242&4&12.357536319525948|73243&4&12.357536319525948|73244&4&12.357536319525948|73245&4&12.357536319525948|73246&4&12.357536319525948|73247&4&12.357536319525948|73248&4&12.357536319525948|73249&4&14.940261410306888|73250&4&14.940261410306888|73251&4&14.940261410306888|73252&4&14.940261410306888|73253&4&14.940261410306888|73254&4&14.940261410306888|73255&4&14.940261410306888|73256&4&14.940261410306888|73257&4&14.940261410306888|73258&4&14.940261410306888|73259&4&17.561032266031553|73260&4&17.561032266031553|73261&4&17.561032266031553|73262&4&17.561032266031553|73263&4&17.561032266031553|73264&4&17.561032266031553|73265&4&17.561032266031553|73266&4&17.561032266031553|73267&4&17.561032266031553|73268&4&17.561032266031553|73269&4&20.22027429488776|73270&4&20.22027429488776|73271&4&20.22027429488776|73272&4&20.22027429488776|73273&4&20.22027429488776|73274&4&20.22027429488776|73275&4&113.67997927189738|73276&4&20.22027429488776|73277&4&20.22027429488776|73278&4&20.22027429488776|73279&4&22.91841714611183|73280&4&22.91841714611183|73281&4&22.91841714611183|73282&4&22.91841714611183|73283&4&22.91841714611183|73284&4&22.91841714611183|73285&4&22.91841714611183|73286&4&22.91841714611183|73287&4&22.91841714611183|73288&4&22.91841714611183|73289&4&3.190176793158012|73290&4&3.190176793158012|73291&4&3.83378321393248|73292&4&3.83378321393248|73293&4&18.105511163022427|73294&4&18.08799363740897|73295&4&0.90828182200238|73296&4&0.90828182200238|73297&4&1.2201252475565285|73298&4&1.2201252475565285|73299&4&1.5365952336415027|73300&4&1.5365952336415027|73301&4&1.8577436374725784|73302&4&5.475796845988921|73303&4&2.1836228338792276|73304&4&2.1836228338792276|73305&4&2.514285720152369|73306&4&2.514285720152369,2|73189&4&22.91841714611183|73190&4&22.91841714611183|73191&4&22.91841714611183|73192&4&22.91841714611183|73193&4&22.91841714611183|73194&4&22.91841714611183|73195&4&22.91841714611183|73196&4&22.91841714611183|73197&4&22.91841714611183|73198&4&22.91841714611183|73199&4&25.655894749675205|73200&4&25.655894749675205|73201&4&25.655894749675205|73202&4&25.655894749675205|73203&4&25.655894749675205|73204&4&25.655894749675205|73205&4&25.655894749675205|73206&4&25.655894749675205|73207&4&25.655894749675205|73208&4&25.655894749675205|73209&4&30.83187704226126|73210&4&30.83187704226126|73211&4&30.83187704226126|73212&4&228.12362731048074|73213&4&30.83187704226126|73214&4&30.83187704226126|73215&4&30.83187704226126|73216&4&30.83187704226126|73217&4&30.83187704226126|73218&4&30.83187704226126|73219&4&36.08405592515646|73220&4&139.54560361139644|73221&4&171.01548664077225|73222&4&101.01588911921061|73223&4&114.87162292307912|73224&4&135.04309981079888|73225&4&115.02273702811947|73226&4&119.04228344225677|73227&4&147.42459360269817|73228&4&120.95524078819567|73229&4&7.304542769640175|73230&4&7.304542769640175|73231&4&7.304542769640175|73232&4&7.304542769640175|73233&4&7.304542769640175|73234&4&7.304542769640175|73235&4&7.304542769640175|73236&4&7.304542769640175|73237&4&7.304542769640175|73238&4&7.304542769640175|73239&4&9.812435787216632|73240&4&9.812435787216632|73241&4&34.429540464063145|73242&4&9.812435787216632|73243&4&9.812435787216632|73244&4&9.812435787216632|73245&4&9.812435787216632|73246&4&9.812435787216632|73247&4&9.812435787216632|73248&4&9.812435787216632|73249&4&12.357536319525948|73250&4&12.357536319525948|73251&4&151.5558751844566|73252&4&12.357536319525948|73253&4&12.357536319525948|73254&4&12.357536319525948|73255&4&12.357536319525948|73256&4&12.357536319525948|73257&4&12.357536319525948|73258&4&12.357536319525948|73259&4&14.940261410306888|73260&4&14.940261410306888|73261&4&14.940261410306888|73262&4&14.940261410306888|73263&4&123.49135462800609|73264&4&14.940261410306888|73265&4&14.940261410306888|73266&4&14.940261410306888|73267&4&14.940261410306888|73268&4&14.940261410306888|73269&4&17.561032266031553|73270&4&17.561032266031553|73271&4&64.73826458556042|73272&4&69.74282307136968|73273&4&17.561032266031553|73274&4&17.561032266031553|73275&4&17.561032266031553|73276&4&17.561032266031553|73277&4&17.561032266031553|73278&4&17.561032266031553|73279&4&20.22027429488776|73280&4&20.22027429488776|73281&4&20.22027429488776|73282&4&20.22027429488776|73283&4&20.22027429488776|73284&4&20.22027429488776|73285&4&20.22027429488776|73286&4&20.22027429488776|73287&4&20.22027429488776|73288&4&20.22027429488776|73289&4&2.8497857209351967|73290&4&2.8497857209351967|73291&4&3.190176793158012|73292&4&3.190176793158012|73293&4&3.83378321393248|73294&4&17.120531833641905|73295&4&15.27269860461408|73296&4&15.636247575395856|73297&4&0.90828182200238|73298&4&0.90828182200238|73299&4&1.2201252475565285|73300&4&1.2201252475565285|73301&4&1.5365952336415027|73302&4&1.5365952336415027|73303&4&1.8577436374725784|73304&4&1.8577436374725784|73305&4&2.1836228338792276|73306&4&2.1836228338792276,2|73189&4&20.22027429488776|73190&4&20.22027429488776|73191&4&20.22027429488776|73192&4&146.09701983109153|73193&4&20.22027429488776|73194&4&20.22027429488776|73195&4&72.68904762610295|73196&4&20.22027429488776|73197&4&20.22027429488776|73198&4&92.96097368968339|73199&4&22.91841714611183|73200&4&22.91841714611183|73201&4&22.91841714611183|73202&4&22.91841714611183|73203&4&22.91841714611183|73204&4&22.91841714611183|73205&4&30.358431958834945|73206&4&22.91841714611183|73207&4&22.91841714611183|73208&4&22.91841714611183|73209&4&25.655894749675205|73210&4&100.0735878378157|73211&4&25.655894749675205|73212&4&25.655894749675205|73213&4&25.655894749675205|73214&4&25.655894749675205|73215&4&25.655894749675205|73216&4&25.655894749675205|73217&4&25.655894749675205|73218&4&25.655894749675205|73219&4&136.57728348787677|73220&4&30.83187704226126|73221&4&30.83187704226126|73222&4&58.30850205446058|73223&4&87.15403348725317|73224&4&30.83187704226126|73225&4&30.83187704226126|73226&4&72.84472913705585|73227&4&30.83187704226126|73228&4&30.83187704226126|73229&4&119.22293483234937|73230&4&165.05360376739833|73231&4&140.33413000927735|73232&4&165.21751075275702|73233&4&114.99634412288114|73234&4&111.49443169290521|73235&4&144.08451990260517|73236&4&119.72828552379579|73237&4&115.31612625801299|73238&4&179.8134381159543|73239&4&7.304542769640175|73240&4&7.304542769640175|73241&4&7.304542769640175|73242&4&63.15360763744211|73243&4&7.304542769640175|73244&4&7.304542769640175|73245&4&7.304542769640175|73246&4&7.304542769640175|73247&4&7.304542769640175|73248&4&7.304542769640175|73249&4&57.20587834835598|73250&4&9.812435787216632|73251&4&9.812435787216632|73252&4&9.812435787216632|73253&4&9.812435787216632|73254&4&115.92029458259347|73255&4&9.812435787216632|73256&4&9.812435787216632|73257&4&9.812435787216632|73258&4&9.812435787216632|73259&4&152.8841139595247|73260&4&12.357536319525948|73261&4&12.357536319525948|73262&4&12.357536319525948|73263&4&12.357536319525948|73264&4&12.357536319525948|73265&4&12.357536319525948|73266&4&12.357536319525948|73267&4&12.357536319525948|73268&4&209.83731445764263|73269&4&14.940261410306888|73270&4&83.39775829001447|73271&4&14.940261410306888|73272&4&14.940261410306888|73273&4&14.940261410306888|73274&4&37.841196327689474|73275&4&14.940261410306888|73276&4&14.940261410306888|73277&4&14.940261410306888|73278&4&14.940261410306888|73279&4&17.561032266031553|73280&4&17.561032266031553|73281&4&17.561032266031553|73282&4&17.561032266031553|73283&4&105.50879583772729|73284&4&17.561032266031553|73285&4&17.561032266031553|73286&4&17.561032266031553|73287&4&17.561032266031553|73288&4&17.561032266031553|73289&4&2.514285720152369|73290&4&2.514285720152369|73291&4&2.8497857209351967|73292&4&2.8497857209351967|73293&4&3.190176793158012|73294&4&3.190176793158012|73295&4&3.83378321393248|73296&4&3.83378321393248|73297&4&18.16540482351423|73298&4&16.81068369872407|73299&4&0.90828182200238|73300&4&0.90828182200238|73301&4&1.2201252475565285|73302&4&1.2201252475565285|73303&4&1.5365952336415027|73304&4&1.5365952336415027|73305&4&1.8577436374725784|73306&4&1.8577436374725784,2|73189&4&98.63431694571696|73190&4&17.561032266031553|73191&4&17.561032266031553|73192&4&17.561032266031553|73193&4&17.561032266031553|73194&4&17.561032266031553|73195&4&17.561032266031553|73196&4&17.561032266031553|73197&4&17.561032266031553|73198&4&42.4310668728236|73199&4&111.76595038725208|73200&4&20.22027429488776|73201&4&65.65873780868243|73202&4&20.22027429488776|73203&4&20.22027429488776|73204&4&20.22027429488776|73205&4&20.22027429488776|73206&4&20.22027429488776|73207&4&20.22027429488776|73208&4&20.22027429488776|73209&4&22.91841714611183|73210&4&22.91841714611183|73211&4&22.91841714611183|73212&4&22.91841714611183|73213&4&22.91841714611183|73214&4&22.91841714611183|73215&4&22.91841714611183|73216&4&22.91841714611183|73217&4&22.91841714611183|73218&4&22.91841714611183|73219&4&25.655894749675205|73220&4&25.655894749675205|73221&4&25.655894749675205|73222&4&25.655894749675205|73223&4&136.06045372016578|73224&4&25.655894749675205|73225&4&25.655894749675205|73226&4&25.655894749675205|73227&4&25.655894749675205|73228&4&148.7969606812199|73229&4&30.83187704226126|73230&4&30.83187704226126|73231&4&30.83187704226126|73232&4&30.83187704226126|73233&4&30.83187704226126|73234&4&30.83187704226126|73235&4&30.83187704226126|73236&4&30.83187704226126|73237&4&44.65967867732187|73238&4&30.83187704226126|73239&4&220.8323156357194|73240&4&223.980102123376|73241&4&68.21518354463188|73242&4&111.41800755084738|73243&4&142.7649597529715|73244&4&133.96044681890498|73245&4&136.71248666598973|73246&4&164.9015146461861|73247&4&140.46358496391113|73248&4&164.95675671358578|73249&4&80.8675387280379|73250&4&7.304542769640175|73251&4&78.33779228702319|73252&4&7.304542769640175|73253&4&7.304542769640175|73254&4&7.304542769640175|73255&4&7.304542769640175|73256&4&103.19182917016012|73257&4&7.304542769640175|73258&4&7.304542769640175|73259&4&9.812435787216632|73260&4&9.812435787216632|73261&4&9.812435787216632|73262&4&9.812435787216632|73263&4&9.812435787216632|73264&4&223.73651442786706|73265&4&135.23316955169335|73266&4&9.812435787216632|73267&4&9.812435787216632|73268&4&9.812435787216632|73269&4&12.357536319525948|73270&4&12.357536319525948|73271&4&12.357536319525948|73272&4&19.426385940891308|73273&4&12.357536319525948|73274&4&12.357536319525948|73275&4&12.357536319525948|73276&4&12.357536319525948|73277&4&12.357536319525948|73278&4&12.357536319525948|73279&4&14.940261410306888|73280&4&14.940261410306888|73281&4&14.940261410306888|73282&4&14.940261410306888|73283&4&14.940261410306888|73284&4&14.940261410306888|73285&4&14.940261410306888|73286&4&128.16923883532226|73287&4&14.940261410306888|73288&4&14.940261410306888|73289&4&2.1836228338792276|73290&4&2.1836228338792276|73291&4&2.514285720152369|73292&4&2.514285720152369|73293&4&2.8497857209351967|73294&4&2.8497857209351967|73295&4&3.190176793158012|73296&4&3.190176793158012|73297&4&3.83378321393248|73298&4&3.83378321393248|73299&4&10.855412647890287|73300&4&31.582533835500314|73301&4&0.90828182200238|73302&4&0.90828182200238|73303&4&1.2201252475565285|73304&4&7.379223990237965|73305&4&1.5365952336415027|73306&4&1.5365952336415027,2|73189&4&14.940261410306888|73190&4&14.940261410306888|73191&4&14.940261410306888|73192&4&14.940261410306888|73193&4&14.940261410306888|73194&4&14.940261410306888|73195&4&14.940261410306888|73196&4&14.940261410306888|73197&4&14.940261410306888|73198&4&14.940261410306888|73199&4&17.561032266031553|73200&4&17.561032266031553|73201&4&17.561032266031553|73202&4&17.561032266031553|73203&4&17.561032266031553|73204&4&17.561032266031553|73205&4&17.561032266031553|73206&4&17.561032266031553|73207&4&17.561032266031553|73208&4&17.561032266031553|73209&4&34.68784406240066|73210&4&20.22027429488776|73211&4&20.22027429488776|73212&4&20.22027429488776|73213&4&20.22027429488776|73214&4&20.22027429488776|73215&4&20.22027429488776|73216&4&20.22027429488776|73217&4&20.22027429488776|73218&4&20.22027429488776|73219&4&22.91841714611183|73220&4&22.91841714611183|73221&4&22.91841714611183|73222&4&22.91841714611183|73223&4&22.91841714611183|73224&4&126.74596206331876|73225&4&22.91841714611183|73226&4&22.91841714611183|73227&4&22.91841714611183|73228&4&22.91841714611183|73229&4&25.655894749675205|73230&4&25.655894749675205|73231&4&25.655894749675205|73232&4&25.655894749675205|73233&4&67.77119808553056|73234&4&25.655894749675205|73235&4&35.97348957788947|73236&4&157.1262866683012|73237&4&25.655894749675205|73238&4&25.655894749675205|73239&4&30.83187704226126|73240&4&85.14032745355024|73241&4&30.83187704226126|73242&4&30.83187704226126|73243&4&49.004171332799|73244&4&30.83187704226126|73245&4&30.83187704226126|73246&4&30.83187704226126|73247&4&30.83187704226126|73248&4&81.28498287693648|73249&4&128.60172264783006|73250&4&123.24577534543363|73251&4&68.21004673096955|73252&4&90.9469944388591|73253&4&145.05363771742256|73254&4&237.21323327996555|73255&4&174.20971377930593|73256&4&102.10674711166766|73257&4&276.99436924081573|73258&4&220.84405228945118|73259&4&7.304542769640175|73260&4&7.304542769640175|73261&4&7.304542769640175|73262&4&7.304542769640175|73263&4&7.304542769640175|73264&4&7.304542769640175|73265&4&7.304542769640175|73266&4&165.87546621399338|73267&4&7.304542769640175|73268&4&7.304542769640175|73269&4&9.812435787216632|73270&4&9.812435787216632|73271&4&9.812435787216632|73272&4&9.812435787216632|73273&4&9.812435787216632|73274&4&109.95097312139902|73275&4&9.812435787216632|73276&4&19.087649728801754|73277&4&10.09041262127791|73278&4&135.89320269390961|73279&4&12.357536319525948|73280&4&12.357536319525948|73281&4&12.357536319525948|73282&4&12.357536319525948|73283&4&12.357536319525948|73284&4&12.357536319525948|73285&4&12.357536319525948|73286&4&12.357536319525948|73287&4&12.357536319525948|73288&4&12.357536319525948|73289&4&1.8577436374725784|73290&4&1.8577436374725784|73291&4&2.1836228338792276|73292&4&2.1836228338792276|73293&4&2.514285720152369|73294&4&2.514285720152369|73295&4&2.8497857209351967|73296&4&2.8497857209351967|73297&4&3.190176793158012|73298&4&3.190176793158012|73299&4&3.83378321393248|73300&4&3.83378321393248|73301&4&26.42046016459874|73302&4&6.998722443116775|73303&4&0.90828182200238|73304&4&0.90828182200238|73305&4&1.2201252475565285|73306&4&1.2201252475565285,2|73189&4&12.357536319525948|73190&4&12.357536319525948|73191&4&12.357536319525948|73192&4&12.357536319525948|73193&4&12.357536319525948|73194&4&12.357536319525948|73195&4&12.357536319525948|73196&4&12.357536319525948|73197&4&12.357536319525948|73198&4&12.357536319525948|73199&4&14.940261410306888|73200&4&14.940261410306888|73201&4&14.940261410306888|73202&4&133.44116263053365|73203&4&14.940261410306888|73204&4&14.940261410306888|73205&4&14.940261410306888|73206&4&14.940261410306888|73207&4&14.940261410306888|73208&4&14.940261410306888|73209&4&17.561032266031553|73210&4&17.561032266031553|73211&4&70.68420524941887|73212&4&17.561032266031553|73213&4&17.561032266031553|73214&4&17.561032266031553|73215&4&17.561032266031553|73216&4&17.561032266031553|73217&4&17.561032266031553|73218&4&17.561032266031553|73219&4&20.22027429488776|73220&4&20.22027429488776|73221&4&20.22027429488776|73222&4&20.22027429488776|73223&4&20.22027429488776|73224&4&20.22027429488776|73225&4&20.22027429488776|73226&4&20.22027429488776|73227&4&20.22027429488776|73228&4&20.22027429488776|73229&4&22.91841714611183|73230&4&22.91841714611183|73231&4&22.91841714611183|73232&4&22.91841714611183|73233&4&22.91841714611183|73234&4&22.91841714611183|73235&4&22.91841714611183|73236&4&22.91841714611183|73237&4&22.91841714611183|73238&4&22.91841714611183|73239&4&25.655894749675205|73240&4&25.655894749675205|73241&4&25.655894749675205|73242&4&76.86340771715379|73243&4&25.655894749675205|73244&4&25.655894749675205|73245&4&25.655894749675205|73246&4&25.655894749675205|73247&4&25.655894749675205|73248&4&25.655894749675205|73249&4&30.83187704226126|73250&4&30.83187704226126|73251&4&30.83187704226126|73252&4&30.83187704226126|73253&4&30.83187704226126|73254&4&30.83187704226126|73255&4&30.83187704226126|73256&4&30.83187704226126|73257&4&30.83187704226126|73258&4&30.83187704226126|73259&4&107.29590283700367|73260&4&140.59028354455555|73261&4&175.9308096115592|73262&4&196.83629277580718|73263&4&123.58232445743292|73264&4&117.27570450280298|73265&4&127.9440556194108|73266&4&118.63949658203951|73267&4&161.67380807101026|73268&4&107.52818276117203|73269&4&7.304542769640175|73270&4&7.304542769640175|73271&4&7.304542769640175|73272&4&7.304542769640175|73273&4&7.304542769640175|73274&4&7.304542769640175|73275&4&7.304542769640175|73276&4&7.304542769640175|73277&4&7.304542769640175|73278&4&7.304542769640175|73279&4&9.812435787216632|73280&4&9.812435787216632|73281&4&9.812435787216632|73282&4&9.812435787216632|73283&4&9.812435787216632|73284&4&9.812435787216632|73285&4&143.31950637532458|73286&4&9.812435787216632|73287&4&9.812435787216632|73288&4&9.812435787216632|73289&4&1.5365952336415027|73290&4&1.5365952336415027|73291&4&1.8577436374725784|73292&4&1.8577436374725784|73293&4&2.1836228338792276|73294&4&2.1836228338792276|73295&4&2.514285720152369|73296&4&2.514285720152369|73297&4&2.8497857209351967|73298&4&2.8497857209351967|73299&4&3.190176793158012|73300&4&3.190176793158012|73301&4&3.83378321393248|73302&4&3.83378321393248|73303&4&18.061943043668247|73304&4&4.486864283573945|73305&4&0.90828182200238|73306&4&0.90828182200238,2|73189&4&9.812435787216632|73190&4&9.812435787216632|73191&4&123.57971834464163|73192&4&9.812435787216632|73193&4&48.77817946115235|73194&4&38.327221365218406|73195&4&9.812435787216632|73196&4&9.812435787216632|73197&4&48.6842785827384|73198&4&9.812435787216632|73199&4&12.357536319525948|73200&4&12.357536319525948|73201&4&12.357536319525948|73202&4&12.357536319525948|73203&4&12.357536319525948|73204&4&12.357536319525948|73205&4&12.357536319525948|73206&4&12.357536319525948|73207&4&90.36571161110389|73208&4&12.357536319525948|73209&4&14.940261410306888|73210&4&14.940261410306888|73211&4&14.940261410306888|73212&4&14.940261410306888|73213&4&14.940261410306888|73214&4&14.940261410306888|73215&4&14.940261410306888|73216&4&14.940261410306888|73217&4&14.940261410306888|73218&4&14.940261410306888|73219&4&17.561032266031553|73220&4&17.561032266031553|73221&4&26.414683918704377|73222&4&17.561032266031553|73223&4&17.561032266031553|73224&4&17.561032266031553|73225&4&61.823299410039716|73226&4&17.561032266031553|73227&4&17.561032266031553|73228&4&17.561032266031553|73229&4&20.22027429488776|73230&4&20.22027429488776|73231&4&160.86039705808304|73232&4&20.22027429488776|73233&4&20.22027429488776|73234&4&20.22027429488776|73235&4&20.22027429488776|73236&4&20.22027429488776|73237&4&40.38938663087873|73238&4&20.22027429488776|73239&4&22.91841714611183|73240&4&22.91841714611183|73241&4&22.91841714611183|73242&4&22.91841714611183|73243&4&22.91841714611183|73244&4&22.91841714611183|73245&4&22.91841714611183|73246&4&22.91841714611183|73247&4&61.18768117822108|73248&4&22.91841714611183|73249&4&25.655894749675205|73250&4&25.655894749675205|73251&4&25.655894749675205|73252&4&25.655894749675205|73253&4&25.655894749675205|73254&4&25.655894749675205|73255&4&25.655894749675205|73256&4&25.655894749675205|73257&4&25.655894749675205|73258&4&25.655894749675205|73259&4&30.83187704226126|73260&4&30.83187704226126|73261&4&33.41186122150604|73262&4&30.83187704226126|73263&4&30.83187704226126|73264&4&30.83187704226126|73265&4&30.83187704226126|73266&4&30.83187704226126|73267&4&30.83187704226126|73268&4&30.83187704226126|73269&4&240.7770201945463|73270&4&189.7847860150724|73271&4&176.99506887167377|73272&4&114.53231714877819|73273&4&106.64229188986552|73274&4&128.68664016396286|73275&4&68.21610117072449|73276&4&107.48518287662759|73277&4&158.01192794815168|73278&4&68.21518354463188|73279&4&7.304542769640175|73280&4&7.304542769640175|73281&4&136.03274170590623|73282&4&7.304542769640175|73283&4&7.304542769640175|73284&4&7.304542769640175|73285&4&7.304542769640175|73286&4&75.71676528033355|73287&4&116.82565667815818|73288&4&92.87728524474278|73289&4&1.2201252475565285|73290&4&1.2201252475565285|73291&4&1.5365952336415027|73292&4&1.5365952336415027|73293&4&1.8577436374725784|73294&4&1.8577436374725784|73295&4&2.1836228338792276|73296&4&2.1836228338792276|73297&4&2.514285720152369|73298&4&2.514285720152369|73299&4&2.8497857209351967|73300&4&2.8497857209351967|73301&4&3.190176793158012|73302&4&3.190176793158012|73303&4&3.83378321393248|73304&4&11.233587956173633|73305&4&18.213681918103013|73306&4&31.528321982283366,2|73189&4&7.304542769640175|73190&4&7.304542769640175|73191&4&42.64369268992881|73192&4&7.304542769640175|73193&4&7.304542769640175|73194&4&7.304542769640175|73195&4&7.304542769640175|73196&4&76.28307223684656|73197&4&7.304542769640175|73198&4&7.304542769640175|73199&4&9.812435787216632|73200&4&9.812435787216632|73201&4&9.812435787216632|73202&4&9.812435787216632|73203&4&9.812435787216632|73204&4&9.812435787216632|73205&4&9.812435787216632|73206&4&9.812435787216632|73207&4&56.500099704435684|73208&4&9.812435787216632|73209&4&12.357536319525948|73210&4&40.011555463261224|73211&4&12.357536319525948|73212&4&12.357536319525948|73213&4&12.357536319525948|73214&4&12.357536319525948|73215&4&12.357536319525948|73216&4&12.357536319525948|73217&4&12.357536319525948|73218&4&12.357536319525948|73219&4&14.940261410306888|73220&4&14.940261410306888|73221&4&14.940261410306888|73222&4&14.940261410306888|73223&4&14.940261410306888|73224&4&14.940261410306888|73225&4&14.940261410306888|73226&4&14.940261410306888|73227&4&14.940261410306888|73228&4&14.940261410306888|73229&4&17.561032266031553|73230&4&17.561032266031553|73231&4&17.561032266031553|73232&4&17.561032266031553|73233&4&17.561032266031553|73234&4&17.561032266031553|73235&4&17.561032266031553|73236&4&17.561032266031553|73237&4&17.561032266031553|73238&4&17.561032266031553|73239&4&20.22027429488776|73240&4&20.22027429488776|73241&4&20.22027429488776|73242&4&28.61646496040109|73243&4&20.22027429488776|73244&4&20.22027429488776|73245&4&20.22027429488776|73246&4&20.22027429488776|73247&4&20.22027429488776|73248&4&20.22027429488776|73249&4&22.91841714611183|73250&4&22.91841714611183|73251&4&22.91841714611183|73252&4&22.91841714611183|73253&4&22.91841714611183|73254&4&22.91841714611183|73255&4&22.91841714611183|73256&4&22.91841714611183|73257&4&22.91841714611183|73258&4&22.91841714611183|73259&4&25.655894749675205|73260&4&25.655894749675205|73261&4&25.655894749675205|73262&4&25.655894749675205|73263&4&25.655894749675205|73264&4&25.655894749675205|73265&4&25.655894749675205|73266&4&25.655894749675205|73267&4&25.655894749675205|73268&4&25.655894749675205|73269&4&30.83187704226126|73270&4&30.83187704226126|73271&4&30.83187704226126|73272&4&30.83187704226126|73273&4&30.83187704226126|73274&4&30.83187704226126|73275&4&30.83187704226126|73276&4&68.24127250935598|73277&4&30.83187704226126|73278&4&127.47136696239244|73279&4&185.72223785089255|73280&4&172.85679899531584|73281&4&166.43078693042767|73282&4&149.88107760395928|73283&4&130.9213270459165|73284&4&182.80245445424464|73285&4&143.68173297666476|73286&4&36.08405592515646|73287&4&111.61531098626219|73288&4&130.90783845653883|73289&4&0.90828182200238|73290&4&0.90828182200238|73291&4&1.2201252475565285|73292&4&1.2201252475565285|73293&4&1.5365952336415027|73294&4&1.5365952336415027|73295&4&1.8577436374725784|73296&4&1.8577436374725784|73297&4&2.1836228338792276|73298&4&2.1836228338792276|73299&4&2.514285720152369|73300&4&2.514285720152369|73301&4&2.8497857209351967|73302&4&2.8497857209351967|73303&4&3.190176793158012|73304&4&3.190176793158012|73305&4&3.83378321393248|73306&4&3.83378321393248
9|4,130,1,1,1,1,1,1,1,1,1,1,1,1,1,1,1,1,1,1,1,1,1,1,1,1,1,1,1,1,1,1,1,1,1,1,1,1,1,1,1,1,1,1,1,1,1,1,1,1,1,1,1,1,1,1,1,1,1,1,1,1,1,1,1,1,1,1,1,1,1,1,1,1,1,1,1,1,1,1,1,1,1,1,1,1,1,1,1,1,1,1,1,1,1,1,1,1,1,1,1,1,0,0,0,0,0,0,0,0,0,0,0,0,0,0,0,0,0,0,0,0,2|73189&4&97.08960878464956|73190&4&108.16594989495742|73191&4&107.52725436898012|73192&4&115.75338338194742|73193&4&119.41531616440108|73194&4&117.66021444754587|73195&4&117.39793100054374|73196&4&214.8713988814603|73197&4&249.3731824765212|73198&4&112.27236616591821|73199&4&4.869695179760116|73200&4&4.869695179760116|73201&4&4.869695179760116|73202&4&4.869695179760116|73203&4&4.869695179760116|73204&4&4.869695179760116|73205&4&4.869695179760116|73206&4&4.869695179760116|73207&4&176.96556488025922|73208&4&4.869695179760116|73209&4&7.359326840412472|73210&4&113.94269807689724|73211&4&137.85151145992927|73212&4&7.359326840412472|73213&4&138.62275958269458|73214&4&7.359326840412472|73215&4&7.359326840412472|73216&4&7.359326840412472|73217&4&7.359326840412472|73218&4&7.359326840412472|73219&4&124.73940124930745|73220&4&98.37289121737861|73221&4&9.886029055620757|73222&4&143.608808083135|73223&4&9.886029055620757|73224&4&9.886029055620757|73225&4&123.0747414035363|73226&4&9.886029055620757|73227&4&9.886029055620757|73228&4&9.886029055620757|73229&4&12.45021784192241|73230&4&87.02952840599798|73231&4&12.45021784192241|73232&4&12.45021784192241|73233&4&12.45021784192241|73234&4&161.67747711856208|73235&4&12.45021784192241|73236&4&12.45021784192241|73237&4&12.45021784192241|73238&4&12.45021784192241|73239&4&15.052313370884189|73240&4&15.052313370884189|73241&4&72.85974620533398|73242&4&15.052313370884189|73243&4&69.37358851476297|73244&4&15.052313370884189|73245&4&15.052313370884189|73246&4&15.052313370884189|73247&4&15.052313370884189|73248&4&15.052313370884189|73249&4&17.69274000802679|73250&4&17.69274000802679|73251&4&17.69274000802679|73252&4&17.69274000802679|73253&4&17.69274000802679|73254&4&17.69274000802679|73255&4&211.2532313504601|73256&4&79.40622819959881|73257&4&17.69274000802679|73258&4&17.69274000802679|73259&4&121.92578288805342|73260&4&20.3719263520994|73261&4&20.3719263520994|73262&4&104.74794796537651|73263&4&20.3719263520994|73264&4&20.3719263520994|73265&4&20.3719263520994|73266&4&20.3719263520994|73267&4&20.3719263520994|73268&4&77.89149002432939|73269&4&23.09030527470769|73270&4&23.09030527470769|73271&4&23.09030527470769|73272&4&23.09030527470769|73273&4&23.09030527470769|73274&4&23.09030527470769|73275&4&61.25744348441005|73276&4&23.09030527470769|73277&4&23.09030527470769|73278&4&23.09030527470769|73279&4&101.26231638510072|73280&4&135.01301728579477|73281&4&25.848313960297766|73282&4&25.848313960297766|73283&4&25.848313960297766|73284&4&85.78116849012339|73285&4&25.848313960297766|73286&4&25.848313960297766|73287&4&25.848313960297766|73288&4&25.848313960297766|73289&4&19.103796866730903|73290&4&15.217522664281182|73291&4&0.6055212146682536|73292&4&0.6055212146682536|73293&4&0.9150939356673962|73294&4&0.9150939356673962|73295&4&1.2292761869132018|73296&4&1.2292761869132018|73297&4&1.5481196978938154|73298&4&1.5481196978938154|73299&4&1.8716767147536237|73300&4&1.8716767147536237|73301&4&2.2000000051333233|73302&4&2.2000000051333233|73303&4&2.533142863053508|73304&4&2.533142863053508|73305&4&2.871159113842211|73306&4&2.871159113842211,2|73189&4&29.91485415271643|73190&4&25.848313960297766|73191&4&25.848313960297766|73192&4&25.848313960297766|73193&4&25.848313960297766|73194&4&25.848313960297766|73195&4&25.848313960297766|73196&4&25.848313960297766|73197&4&44.216318171819516|73198&4&25.848313960297766|73199&4&118.78447770755875|73200&4&200.6336470218048|73201&4&97.50168102494538|73202&4&128.95202103317212|73203&4&212.60847448412667|73204&4&134.56099899649539|73205&4&137.42316953750245|73206&4&161.78632081647874|73207&4&60.72335005617766|73208&4&306.3485982753922|73209&4&4.869695179760116|73210&4&4.869695179760116|73211&4&4.869695179760116|73212&4&4.869695179760116|73213&4&4.869695179760116|73214&4&148.95247668245722|73215&4&4.869695179760116|73216&4&4.869695179760116|73217&4&4.869695179760116|73218&4&104.32951480130926|73219&4&7.359326840412472|73220&4&7.359326840412472|73221&4&7.359326840412472|73222&4&7.359326840412472|73223&4&7.359326840412472|73224&4&7.359326840412472|73225&4&7.359326840412472|73226&4&46.42551119104092|73227&4&75.1018657226078|73228&4&7.359326840412472|73229&4&44.773148053432706|73230&4&9.886029055620757|73231&4&9.886029055620757|73232&4&9.886029055620757|73233&4&96.79827861539445|73234&4&62.09931724743541|73235&4&9.886029055620757|73236&4&9.886029055620757|73237&4&9.886029055620757|73238&4&9.886029055620757|73239&4&26.110941281225006|73240&4&12.45021784192241|73241&4&12.45021784192241|73242&4&12.45021784192241|73243&4&12.45021784192241|73244&4&105.71360759849043|73245&4&12.45021784192241|73246&4&12.45021784192241|73247&4&12.45021784192241|73248&4&12.45021784192241|73249&4&15.052313370884189|73250&4&221.46672996339964|73251&4&15.052313370884189|73252&4&237.68096883004804|73253&4&167.13517255630913|73254&4&15.052313370884189|73255&4&15.052313370884189|73256&4&15.052313370884189|73257&4&15.052313370884189|73258&4&44.30573717771007|73259&4&17.69274000802679|73260&4&180.4664130262486|73261&4&17.69274000802679|73262&4&17.69274000802679|73263&4&111.16935902531822|73264&4&17.69274000802679|73265&4&118.59251537283888|73266&4&17.69274000802679|73267&4&17.69274000802679|73268&4&17.69274000802679|73269&4&20.3719263520994|73270&4&20.3719263520994|73271&4&79.27287074484647|73272&4&20.3719263520994|73273&4&20.3719263520994|73274&4&20.3719263520994|73275&4&27.742213633820647|73276&4&20.3719263520994|73277&4&20.3719263520994|73278&4&49.179478914629925|73279&4&23.09030527470769|73280&4&23.09030527470769|73281&4&23.09030527470769|73282&4&137.1435466709397|73283&4&23.09030527470769|73284&4&23.09030527470769|73285&4&23.09030527470769|73286&4&54.45178076671266|73287&4&23.09030527470769|73288&4&23.09030527470769|73289&4&3.2141031191066993|73290&4&3.2141031191066993|73291&4&17.853322753772353|73292&4&17.150602098205603|73293&4&0.6055212146682536|73294&4&0.6055212146682536|73295&4&0.9150939356673962|73296&4&0.9150939356673962|73297&4&1.2292761869132018|73298&4&1.2292761869132018|73299&4&1.5481196978938154|73300&4&1.5481196978938154|73301&4&1.8716767147536237|73302&4&2.086042922070137|73303&4&2.2000000051333233|73304&4&2.2000000051333233|73305&4&2.533142863053508|73306&4&2.533142863053508,2|73189&4&23.09030527470769|73190&4&23.09030527470769|73191&4&23.09030527470769|73192&4&23.09030527470769|73193&4&23.09030527470769|73194&4&23.09030527470769|73195&4&23.09030527470769|73196&4&23.09030527470769|73197&4&23.09030527470769|73198&4&23.09030527470769|73199&4&25.848313960297766|73200&4&25.848313960297766|73201&4&25.848313960297766|73202&4&25.848313960297766|73203&4&25.848313960297766|73204&4&25.848313960297766|73205&4&25.848313960297766|73206&4&25.848313960297766|73207&4&25.848313960297766|73208&4&25.848313960297766|73209&4&123.04173391505876|73210&4&105.25556221899474|73211&4&31.063116120078238|73212&4&88.21549514829935|73213&4&283.69566442782195|73214&4&108.01444561573706|73215&4&198.37951825737596|73216&4&210.58497947342497|73217&4&365.40152405343866|73218&4&150.74856015464275|73219&4&4.869695179760116|73220&4&4.869695179760116|73221&4&4.869695179760116|73222&4&4.869695179760116|73223&4&57.80805412508294|73224&4&4.869695179760116|73225&4&4.869695179760116|73226&4&4.869695179760116|73227&4&4.869695179760116|73228&4&4.869695179760116|73229&4&7.359326840412472|73230&4&7.359326840412472|73231&4&7.359326840412472|73232&4&7.359326840412472|73233&4&7.359326840412472|73234&4&7.359326840412472|73235&4&7.359326840412472|73236&4&7.359326840412472|73237&4&7.359326840412472|73238&4&7.359326840412472|73239&4&9.886029055620757|73240&4&9.886029055620757|73241&4&9.886029055620757|73242&4&9.886029055620757|73243&4&9.886029055620757|73244&4&9.886029055620757|73245&4&9.886029055620757|73246&4&9.886029055620757|73247&4&9.886029055620757|73248&4&9.886029055620757|73249&4&12.45021784192241|73250&4&12.45021784192241|73251&4&12.45021784192241|73252&4&12.45021784192241|73253&4&12.45021784192241|73254&4&12.45021784192241|73255&4&12.45021784192241|73256&4&12.45021784192241|73257&4&12.45021784192241|73258&4&12.45021784192241|73259&4&15.052313370884189|73260&4&15.052313370884189|73261&4&15.052313370884189|73262&4&15.052313370884189|73263&4&15.052313370884189|73264&4&15.052313370884189|73265&4&72.65166435672661|73266&4&15.052313370884189|73267&4&15.052313370884189|73268&4&15.052313370884189|73269&4&17.69274000802679|73270&4&17.69274000802679|73271&4&17.69274000802679|73272&4&17.69274000802679|73273&4&17.69274000802679|73274&4&17.69274000802679|73275&4&104.75173685967144|73276&4&17.69274000802679|73277&4&17.69274000802679|73278&4&17.69274000802679|73279&4&20.3719263520994|73280&4&20.3719263520994|73281&4&20.3719263520994|73282&4&20.3719263520994|73283&4&20.3719263520994|73284&4&20.3719263520994|73285&4&20.3719263520994|73286&4&20.3719263520994|73287&4&20.3719263520994|73288&4&20.3719263520994|73289&4&2.871159113842211|73290&4&2.871159113842211|73291&4&3.2141031191066993|73292&4&3.2141031191066993|73293&4&16.53049068941303|73294&4&16.51393198016496|73295&4&0.6055212146682536|73296&4&0.6055212146682536|73297&4&0.9150939356673962|73298&4&0.9150939356673962|73299&4&1.2292761869132018|73300&4&1.2292761869132018|73301&4&1.5481196978938154|73302&4&4.907740534373276|73303&4&1.8716767147536237|73304&4&1.8716767147536237|73305&4&2.2000000051333233|73306&4&2.2000000051333233,2|73189&4&20.3719263520994|73190&4&20.3719263520994|73191&4&20.3719263520994|73192&4&20.3719263520994|73193&4&20.3719263520994|73194&4&20.3719263520994|73195&4&20.3719263520994|73196&4&20.3719263520994|73197&4&20.3719263520994|73198&4&20.3719263520994|73199&4&23.09030527470769|73200&4&171.13724069579268|73201&4&23.09030527470769|73202&4&23.09030527470769|73203&4&23.09030527470769|73204&4&23.09030527470769|73205&4&23.09030527470769|73206&4&23.09030527470769|73207&4&23.09030527470769|73208&4&23.09030527470769|73209&4&25.848313960297766|73210&4&25.848313960297766|73211&4&25.848313960297766|73212&4&261.89248913165744|73213&4&25.848313960297766|73214&4&25.848313960297766|73215&4&25.848313960297766|73216&4&25.848313960297766|73217&4&25.848313960297766|73218&4&25.848313960297766|73219&4&31.063116120078238|73220&4&127.129111890107|73221&4&156.56352013510656|73222&4&91.18044657309963|73223&4&104.10112953636198|73224&4&122.96613581782674|73225&4&104.22363631388008|73226&4&107.97929575698569|73227&4&134.48828049166445|73228&4&109.75921014793182|73229&4&4.869695179760116|73230&4&4.869695179760116|73231&4&4.869695179760116|73232&4&4.869695179760116|73233&4&4.869695179760116|73234&4&4.869695179760116|73235&4&4.869695179760116|73236&4&4.869695179760116|73237&4&4.869695179760116|73238&4&4.869695179760116|73239&4&7.359326840412472|73240&4&7.359326840412472|73241&4&30.33529120546922|73242&4&7.359326840412472|73243&4&7.359326840412472|73244&4&7.359326840412472|73245&4&7.359326840412472|73246&4&7.359326840412472|73247&4&7.359326840412472|73248&4&7.359326840412472|73249&4&9.886029055620757|73250&4&9.886029055620757|73251&4&139.99884343901311|73252&4&9.886029055620757|73253&4&9.886029055620757|73254&4&9.886029055620757|73255&4&9.886029055620757|73256&4&9.886029055620757|73257&4&9.886029055620757|73258&4&9.886029055620757|73259&4&12.45021784192241|73260&4&12.45021784192241|73261&4&12.45021784192241|73262&4&12.45021784192241|73263&4&128.42742730121307|73264&4&12.45021784192241|73265&4&12.45021784192241|73266&4&12.45021784192241|73267&4&12.45021784192241|73268&4&12.45021784192241|73269&4&15.052313370884189|73270&4&15.052313370884189|73271&4&58.899059586412676|73272&4&64.33511579814798|73273&4&64.89715262173685|73274&4&15.052313370884189|73275&4&15.052313370884189|73276&4&15.052313370884189|73277&4&15.052313370884189|73278&4&15.052313370884189|73279&4&17.69274000802679|73280&4&17.69274000802679|73281&4&17.69274000802679|73282&4&17.69274000802679|73283&4&17.69274000802679|73284&4&17.69274000802679|73285&4&17.69274000802679|73286&4&17.69274000802679|73287&4&17.69274000802679|73288&4&17.69274000802679|73289&4&2.533142863053508|73290&4&2.533142863053508|73291&4&2.871159113842211|73292&4&2.871159113842211|73293&4&3.2141031191066993|73294&4&15.670429950084284|73295&4&13.886337090875625|73296&4&14.22574103485023|73297&4&0.6055212146682536|73298&4&0.6055212146682536|73299&4&0.9150939356673962|73300&4&0.9150939356673962|73301&4&1.2292761869132018|73302&4&1.2292761869132018|73303&4&1.5481196978938154|73304&4&1.5481196978938154|73305&4&1.8716767147536237|73306&4&1.8716767147536237,2|73189&4&17.69274000802679|73190&4&17.69274000802679|73191&4&17.69274000802679|73192&4&181.72301431543352|73193&4&64.4845277565239|73194&4&17.69274000802679|73195&4&67.2465814875078|73196&4&17.69274000802679|73197&4&17.69274000802679|73198&4&86.39228943644488|73199&4&20.3719263520994|73200&4&20.3719263520994|73201&4&20.3719263520994|73202&4&20.3719263520994|73203&4&20.3719263520994|73204&4&20.3719263520994|73205&4&84.9007960340062|73206&4&20.3719263520994|73207&4&20.3719263520994|73208&4&20.3719263520994|73209&4&23.09030527470769|73210&4&93.3736820801737|73211&4&23.09030527470769|73212&4&23.09030527470769|73213&4&23.09030527470769|73214&4&23.09030527470769|73215&4&23.09030527470769|73216&4&23.09030527470769|73217&4&23.09030527470769|73218&4&23.09030527470769|73219&4&124.02725008457386|73220&4&25.848313960297766|73221&4&25.848313960297766|73222&4&51.79845980515268|73223&4&79.04146171390123|73224&4&25.848313960297766|73225&4&25.848313960297766|73226&4&65.52711871649265|73227&4&25.848313960297766|73228&4&25.848313960297766|73229&4&108.1235694704747|73230&4&150.93483627834325|73231&4&127.87192700239626|73232&4&200.57779422549063|73233&4&104.16214842080097|73234&4&100.91035529402195|73235&4&131.3641367406731|73236&4&108.64017827028034|73237&4&104.4967673686627|73238&4&190.36218689262404|73239&4&4.869695179760116|73240&4&4.869695179760116|73241&4&4.869695179760116|73242&4&57.616034221573045|73243&4&4.869695179760116|73244&4&4.869695179760116|73245&4&4.869695179760116|73246&4&4.869695179760116|73247&4&4.869695179760116|73248&4&4.869695179760116|73249&4&52.050442262648446|73250&4&7.359326840412472|73251&4&7.359326840412472|73252&4&7.359326840412472|73253&4&7.359326840412472|73254&4&107.57230459160172|73255&4&7.359326840412472|73256&4&7.359326840412472|73257&4&7.359326840412472|73258&4&7.359326840412472|73259&4&142.53370468288736|73260&4&9.886029055620757|73261&4&9.886029055620757|73262&4&9.886029055620757|73263&4&9.886029055620757|73264&4&9.886029055620757|73265&4&9.886029055620757|73266&4&9.886029055620757|73267&4&9.886029055620757|73268&4&196.551237257587|73269&4&12.45021784192241|73270&4&77.10452045053512|73271&4&12.45021784192241|73272&4&12.45021784192241|73273&4&12.45021784192241|73274&4&34.07887859722818|73275&4&12.45021784192241|73276&4&12.45021784192241|73277&4&12.45021784192241|73278&4&12.45021784192241|73279&4&15.052313370884189|73280&4&15.052313370884189|73281&4&15.052313370884189|73282&4&15.052313370884189|73283&4&124.72313160565633|73284&4&15.052313370884189|73285&4&15.052313370884189|73286&4&15.052313370884189|73287&4&15.052313370884189|73288&4&15.052313370884189|73289&4&2.2000000051333233|73290&4&2.2000000051333233|73291&4&2.533142863053508|73292&4&2.533142863053508|73293&4&2.871159113842211|73294&4&2.871159113842211|73295&4&3.2141031191066993|73296&4&3.2141031191066993|73297&4&16.586241098416764|73298&4&15.32152174310763|73299&4&0.6055212146682536|73300&4&0.6055212146682536|73301&4&0.9150939356673962|73302&4&0.9150939356673962|73303&4&1.2292761869132018|73304&4&1.2292761869132018|73305&4&1.5481196978938154|73306&4&1.5481196978938154,2|73189&4&167.49421947096874|73190&4&15.052313370884189|73191&4&15.052313370884189|73192&4&15.052313370884189|73193&4&15.052313370884189|73194&4&15.052313370884189|73195&4&15.052313370884189|73196&4&15.052313370884189|73197&4&15.052313370884189|73198&4&72.54434616618238|73199&4&154.21513136973448|73200&4&17.69274000802679|73201&4&98.81086915984625|73202&4&17.69274000802679|73203&4&17.69274000802679|73204&4&17.69274000802679|73205&4&17.69274000802679|73206&4&17.69274000802679|73207&4&17.69274000802679|73208&4&17.69274000802679|73209&4&20.3719263520994|73210&4&20.3719263520994|73211&4&20.3719263520994|73212&4&20.3719263520994|73213&4&20.3719263520994|73214&4&20.3719263520994|73215&4&20.3719263520994|73216&4&20.3719263520994|73217&4&20.3719263520994|73218&4&20.3719263520994|73219&4&23.09030527470769|73220&4&23.09030527470769|73221&4&23.09030527470769|73222&4&23.09030527470769|73223&4&127.97463629667372|73224&4&23.09030527470769|73225&4&23.09030527470769|73226&4&23.09030527470769|73227&4&23.09030527470769|73228&4&194.4946112259217|73229&4&25.848313960297766|73230&4&25.848313960297766|73231&4&25.848313960297766|73232&4&25.848313960297766|73233&4&25.848313960297766|73234&4&25.848313960297766|73235&4&25.848313960297766|73236&4&25.848313960297766|73237&4&38.98472551360534|73238&4&25.848313960297766|73239&4&251.860194391563|73240&4&207.75637136328925|73241&4&60.72261853805554|73242&4&100.83952654382708|73243&4&130.1322065953162|73244&4&121.89751510415496|73245&4&124.48607043036829|73246&4&238.50248265503316|73247&4&127.98578064628218|73248&4&150.8435749639601|73249&4&74.75454134023795|73250&4&4.869695179760116|73251&4&72.35128222127398|73252&4&4.869695179760116|73253&4&4.869695179760116|73254&4&4.869695179760116|73255&4&4.869695179760116|73256&4&95.4299101135845|73257&4&4.869695179760116|73258&4&4.869695179760116|73259&4&7.359326840412472|73260&4&7.359326840412472|73261&4&7.359326840412472|73262&4&7.359326840412472|73263&4&7.359326840412472|73264&4&273.2141607036672|73265&4&126.50902391666537|73266&4&7.359326840412472|73267&4&7.359326840412472|73268&4&7.359326840412472|73269&4&9.886029055620757|73270&4&9.886029055620757|73271&4&9.886029055620757|73272&4&167.32177507243458|73273&4&9.886029055620757|73274&4&9.886029055620757|73275&4&9.886029055620757|73276&4&9.886029055620757|73277&4&9.886029055620757|73278&4&9.886029055620757|73279&4&12.45021784192241|73280&4&12.45021784192241|73281&4&12.45021784192241|73282&4&12.45021784192241|73283&4&12.45021784192241|73284&4&12.45021784192241|73285&4&12.45021784192241|73286&4&117.59724632929971|73287&4&12.45021784192241|73288&4&12.45021784192241|73289&4&1.8716767147536237|73290&4&1.8716767147536237|73291&4&2.2000000051333233|73292&4&2.2000000051333233|73293&4&2.533142863053508|73294&4&2.533142863053508|73295&4&2.871159113842211|73296&4&2.871159113842211|73297&4&3.2141031191066993|73298&4&3.2141031191066993|73299&4&9.763588800082669|73300&4&29.175459970646955|73301&4&0.6055212146682536|73302&4&0.6055212146682536|73303&4&0.9150939356673962|73304&4&6.62045563541256|73305&4&1.2292761869132018|73306&4&1.2292761869132018,2|73189&4&12.45021784192241|73190&4&12.45021784192241|73191&4&12.45021784192241|73192&4&12.45021784192241|73193&4&12.45021784192241|73194&4&12.45021784192241|73195&4&12.45021784192241|73196&4&12.45021784192241|73197&4&12.45021784192241|73198&4&12.45021784192241|73199&4&15.052313370884189|73200&4&15.052313370884189|73201&4&15.052313370884189|73202&4&15.052313370884189|73203&4&15.052313370884189|73204&4&15.052313370884189|73205&4&15.052313370884189|73206&4&15.052313370884189|73207&4&15.052313370884189|73208&4&15.052313370884189|73209&4&31.436931287164043|73210&4&17.69274000802679|73211&4&17.69274000802679|73212&4&17.69274000802679|73213&4&17.69274000802679|73214&4&17.69274000802679|73215&4&17.69274000802679|73216&4&17.69274000802679|73217&4&17.69274000802679|73218&4&17.69274000802679|73219&4&20.3719263520994|73220&4&20.3719263520994|73221&4&20.3719263520994|73222&4&20.3719263520994|73223&4&20.3719263520994|73224&4&123.799771937979|73225&4&20.3719263520994|73226&4&20.3719263520994|73227&4&20.3719263520994|73228&4&20.3719263520994|73229&4&23.09030527470769|73230&4&23.09030527470769|73231&4&23.09030527470769|73232&4&23.09030527470769|73233&4&106.34742693764|73234&4&23.09030527470769|73235&4&32.834700390243384|73236&4&197.07544021183918|73237&4&23.09030527470769|73238&4&23.09030527470769|73239&4&25.848313960297766|73240&4&77.13962823762624|73241&4&25.848313960297766|73242&4&25.848313960297766|73243&4&43.01103634580563|73244&4&25.848313960297766|73245&4&25.848313960297766|73246&4&25.848313960297766|73247&4&25.848313960297766|73248&4&112.84116009605862|73249&4&116.92025820578259|73250&4&111.90541100523933|73251&4&60.7178768639057|73252&4&81.83078924056566|73253&4&132.25146014078192|73254&4&280.09012306357283|73255&4&159.5784514093247|73256&4&92.19321961144422|73257&4&265.4158365809112|73258&4&261.60425431020485|73259&4&4.869695179760116|73260&4&4.869695179760116|73261&4&4.869695179760116|73262&4&4.869695179760116|73263&4&4.869695179760116|73264&4&4.869695179760116|73265&4&4.869695179760116|73266&4&155.31295536567217|73267&4&4.869695179760116|73268&4&4.869695179760116|73269&4&7.359326840412472|73270&4&7.359326840412472|73271&4&7.359326840412472|73272&4&7.359326840412472|73273&4&7.359326840412472|73274&4&153.55840072289197|73275&4&7.359326840412472|73276&4&113.1970880659501|73277&4&107.60582727325891|73278&4&198.0777329382621|73279&4&9.886029055620757|73280&4&9.886029055620757|73281&4&9.886029055620757|73282&4&9.886029055620757|73283&4&9.886029055620757|73284&4&9.886029055620757|73285&4&9.886029055620757|73286&4&9.886029055620757|73287&4&9.886029055620757|73288&4&9.886029055620757|73289&4&1.5481196978938154|73290&4&1.5481196978938154|73291&4&1.8716767147536237|73292&4&1.8716767147536237|73293&4&2.2000000051333233|73294&4&2.2000000051333233|73295&4&2.533142863053508|73296&4&2.533142863053508|73297&4&2.871159113842211|73298&4&2.871159113842211|73299&4&3.2141031191066993|73300&4&3.2141031191066993|73301&4&31.910317741216538|73302&4&6.18117488915343|73303&4&0.6055212146682536|73304&4&0.6055212146682536|73305&4&0.9150939356673962|73306&4&0.9150939356673962,2|73189&4&9.886029055620757|73190&4&54.20632135980182|73191&4&9.886029055620757|73192&4&9.886029055620757|73193&4&9.886029055620757|73194&4&9.886029055620757|73195&4&9.886029055620757|73196&4&9.886029055620757|73197&4&9.886029055620757|73198&4&9.886029055620757|73199&4&12.45021784192241|73200&4&12.45021784192241|73201&4&12.45021784192241|73202&4&155.64246739210466|73203&4&12.45021784192241|73204&4&12.45021784192241|73205&4&12.45021784192241|73206&4&12.45021784192241|73207&4&12.45021784192241|73208&4&12.45021784192241|73209&4&15.052313370884189|73210&4&15.052313370884189|73211&4&73.63185700036061|73212&4&15.052313370884189|73213&4&15.052313370884189|73214&4&15.052313370884189|73215&4&15.052313370884189|73216&4&15.052313370884189|73217&4&15.052313370884189|73218&4&15.052313370884189|73219&4&17.69274000802679|73220&4&17.69274000802679|73221&4&17.69274000802679|73222&4&17.69274000802679|73223&4&17.69274000802679|73224&4&17.69274000802679|73225&4&17.69274000802679|73226&4&17.69274000802679|73227&4&17.69274000802679|73228&4&17.69274000802679|73229&4&20.3719263520994|73230&4&20.3719263520994|73231&4&20.3719263520994|73232&4&20.3719263520994|73233&4&20.3719263520994|73234&4&20.3719263520994|73235&4&20.3719263520994|73236&4&20.3719263520994|73237&4&20.3719263520994|73238&4&20.3719263520994|73239&4&23.09030527470769|73240&4&23.09030527470769|73241&4&23.09030527470769|73242&4&108.80184519645579|73243&4&23.09030527470769|73244&4&23.09030527470769|73245&4&23.09030527470769|73246&4&23.09030527470769|73247&4&23.09030527470769|73248&4&23.09030527470769|73249&4&25.848313960297766|73250&4&25.848313960297766|73251&4&25.848313960297766|73252&4&25.848313960297766|73253&4&25.848313960297766|73254&4&25.848313960297766|73255&4&25.848313960297766|73256&4&25.848313960297766|73257&4&25.848313960297766|73258&4&25.848313960297766|73259&4&97.011865704167|73260&4&128.06876033519026|73261&4&161.32814288544418|73262&4&180.85089876078632|73263&4&112.27971236528268|73264&4&106.32921670383183|73265&4&116.28320966296215|73266&4&107.59888910101665|73267&4&226.5527416653583|73268&4&97.22754920595304|73269&4&4.869695179760116|73270&4&4.869695179760116|73271&4&4.869695179760116|73272&4&4.869695179760116|73273&4&4.869695179760116|73274&4&4.869695179760116|73275&4&4.869695179760116|73276&4&4.869695179760116|73277&4&4.869695179760116|73278&4&4.869695179760116|73279&4&7.359326840412472|73280&4&7.359326840412472|73281&4&7.359326840412472|73282&4&7.359326840412472|73283&4&7.359326840412472|73284&4&7.359326840412472|73285&4&157.65641867036635|73286&4&7.359326840412472|73287&4&7.359326840412472|73288&4&7.359326840412472|73289&4&1.2292761869132018|73290&4&1.2292761869132018|73291&4&1.5481196978938154|73292&4&1.5481196978938154|73293&4&1.8716767147536237|73294&4&1.8716767147536237|73295&4&2.2000000051333233|73296&4&2.2000000051333233|73297&4&2.533142863053508|73298&4&2.533142863053508|73299&4&2.871159113842211|73300&4&2.871159113842211|73301&4&3.2141031191066993|73302&4&3.2141031191066993|73303&4&16.489429789045083|73304&4&3.862536588036972|73305&4&0.6055212146682536|73306&4&0.6055212146682536,2|73189&4&7.359326840412472|73190&4&7.359326840412472|73191&4&159.36233725812292|73192&4&7.359326840412472|73193&4&44.160306976907314|73194&4&34.44837313951416|73195&4&7.359326840412472|73196&4&7.359326840412472|73197&4&44.071622813960815|73198&4&7.359326840412472|73199&4&9.886029055620757|73200&4&9.886029055620757|73201&4&9.886029055620757|73202&4&9.886029055620757|73203&4&9.886029055620757|73204&4&118.01476439837288|73205&4&9.886029055620757|73206&4&9.886029055620757|73207&4&83.56041683099991|73208&4&9.886029055620757|73209&4&12.45021784192241|73210&4&12.45021784192241|73211&4&12.45021784192241|73212&4&12.45021784192241|73213&4&12.45021784192241|73214&4&12.45021784192241|73215&4&143.1627515047996|73216&4&12.45021784192241|73217&4&12.45021784192241|73218&4&12.45021784192241|73219&4&15.052313370884189|73220&4&15.052313370884189|73221&4&110.18814982988795|73222&4&15.052313370884189|73223&4&15.052313370884189|73224&4&15.052313370884189|73225&4&56.85556567355856|73226&4&15.052313370884189|73227&4&15.052313370884189|73228&4&15.052313370884189|73229&4&68.1498738350991|73230&4&17.69274000802679|73231&4&178.39256415934187|73232&4&17.69274000802679|73233&4&17.69274000802679|73234&4&17.69274000802679|73235&4&122.87482329401837|73236&4&17.69274000802679|73237&4&36.74134610312937|73238&4&17.69274000802679|73239&4&20.3719263520994|73240&4&20.3719263520994|73241&4&20.3719263520994|73242&4&20.3719263520994|73243&4&20.3719263520994|73244&4&20.3719263520994|73245&4&20.3719263520994|73246&4&20.3719263520994|73247&4&84.82135485490133|73248&4&20.3719263520994|73249&4&154.88465355098486|73250&4&23.09030527470769|73251&4&79.17266049756265|73252&4&23.09030527470769|73253&4&23.09030527470769|73254&4&23.09030527470769|73255&4&23.09030527470769|73256&4&23.09030527470769|73257&4&23.09030527470769|73258&4&23.09030527470769|73259&4&25.848313960297766|73260&4&25.848313960297766|73261&4&64.66943042558785|73262&4&25.848313960297766|73263&4&25.848313960297766|73264&4&25.848313960297766|73265&4&25.848313960297766|73266&4&25.848313960297766|73267&4&25.848313960297766|73268&4&25.848313960297766|73269&4&269.4896356755646|73270&4&201.173849760336|73271&4&233.29778636703176|73272&4&103.73137040228967|73273&4&96.40485632947826|73274&4&116.97614702407944|73275&4&60.723465577525644|73276&4&97.1875976707536|73277&4&144.362982863912|73278&4&60.72261853805554|73279&4&4.869695179760116|73280&4&4.869695179760116|73281&4&129.61775878245425|73282&4&4.869695179760116|73283&4&4.869695179760116|73284&4&4.869695179760116|73285&4&4.869695179760116|73286&4&149.0882875115904|73287&4&152.35668188461008|73288&4&126.08827332093188|73289&4&0.9150939356673962|73290&4&0.9150939356673962|73291&4&1.2292761869132018|73292&4&1.2292761869132018|73293&4&1.5481196978938154|73294&4&1.5481196978938154|73295&4&1.8716767147536237|73296&4&1.8716767147536237|73297&4&2.2000000051333233|73298&4&2.2000000051333233|73299&4&2.533142863053508|73300&4&2.533142863053508|73301&4&2.871159113842211|73302&4&2.871159113842211|73303&4&3.2141031191066993|73304&4&10.12058754519844|73305&4&16.631542709073436|73306&4&29.119352321528403,2|73189&4&4.869695179760116|73190&4&4.869695179760116|73191&4&38.245558993366046|73192&4&4.869695179760116|73193&4&4.869695179760116|73194&4&4.869695179760116|73195&4&4.869695179760116|73196&4&70.01608412101059|73197&4&4.869695179760116|73198&4&4.869695179760116|73199&4&7.359326840412472|73200&4&7.359326840412472|73201&4&7.359326840412472|73202&4&7.359326840412472|73203&4&7.359326840412472|73204&4&7.359326840412472|73205&4&7.359326840412472|73206&4&7.359326840412472|73207&4&50.77662981896893|73208&4&7.359326840412472|73209&4&9.886029055620757|73210&4&35.811672002872584|73211&4&9.886029055620757|73212&4&9.886029055620757|73213&4&9.886029055620757|73214&4&9.886029055620757|73215&4&9.886029055620757|73216&4&9.886029055620757|73217&4&9.886029055620757|73218&4&9.886029055620757|73219&4&12.45021784192241|73220&4&12.45021784192241|73221&4&12.45021784192241|73222&4&12.45021784192241|73223&4&12.45021784192241|73224&4&12.45021784192241|73225&4&12.45021784192241|73226&4&12.45021784192241|73227&4&12.45021784192241|73228&4&12.45021784192241|73229&4&15.052313370884189|73230&4&15.052313370884189|73231&4&15.052313370884189|73232&4&15.052313370884189|73233&4&15.052313370884189|73234&4&15.052313370884189|73235&4&15.052313370884189|73236&4&15.052313370884189|73237&4&15.052313370884189|73238&4&15.052313370884189|73239&4&17.69274000802679|73240&4&17.69274000802679|73241&4&17.69274000802679|73242&4&25.529184629172562|73243&4&17.69274000802679|73244&4&17.69274000802679|73245&4&17.69274000802679|73246&4&17.69274000802679|73247&4&17.69274000802679|73248&4&17.69274000802679|73249&4&20.3719263520994|73250&4&20.3719263520994|73251&4&20.3719263520994|73252&4&20.3719263520994|73253&4&20.3719263520994|73254&4&20.3719263520994|73255&4&20.3719263520994|73256&4&20.3719263520994|73257&4&20.3719263520994|73258&4&20.3719263520994|73259&4&23.09030527470769|73260&4&23.09030527470769|73261&4&23.09030527470769|73262&4&23.09030527470769|73263&4&23.09030527470769|73264&4&23.09030527470769|73265&4&23.09030527470769|73266&4&23.09030527470769|73267&4&23.09030527470769|73268&4&23.09030527470769|73269&4&25.848313960297766|73270&4&25.848313960297766|73271&4&25.848313960297766|73272&4&25.848313960297766|73273&4&25.848313960297766|73274&4&25.848313960297766|73275&4&25.848313960297766|73276&4&60.76374972958618|73277&4&25.848313960297766|73278&4&115.87431097688798|73279&4&170.3880326779019|73280&4&158.20008899025578|73281&4&152.24002622677665|73282&4&136.78792010200334|73283&4&119.0842400607335|73284&4&167.6993334950923|73285&4&130.98943211531207|73286&4&31.063116120078238|73287&4&101.04249128787906|73288&4&119.07435445732396|73289&4&0.6055212146682536|73290&4&0.6055212146682536|73291&4&0.9150939356673962|73292&4&0.9150939356673962|73293&4&1.2292761869132018|73294&4&1.2292761869132018|73295&4&1.5481196978938154|73296&4&1.5481196978938154|73297&4&1.8716767147536237|73298&4&1.8716767147536237|73299&4&2.2000000051333233|73300&4&2.2000000051333233|73301&4&2.533142863053508|73302&4&2.533142863053508|73303&4&2.871159113842211|73304&4&2.871159113842211|73305&4&3.2141031191066993|73306&4&3.2141031191066993
10|4,130,1,1,1,1,1,1,1,1,1,1,1,1,1,1,1,1,1,1,1,1,1,1,1,1,1,1,1,1,1,1,1,1,1,1,1,1,1,1,1,1,1,1,1,1,1,1,1,1,1,1,1,1,1,1,1,1,1,1,1,1,1,1,1,1,1,1,1,1,1,1,1,1,1,1,1,1,1,1,1,1,1,1,1,1,1,1,1,1,1,1,1,1,1,1,1,1,1,1,1,1,0,0,0,0,0,0,0,0,0,0,0,0,0,0,0,0,0,0,0,0,2|73189&4&86.79943596341035|73190&4&97.08485954157902|73191&4&96.47349746897142|73192&4&104.12936250989466|73193&4&107.54979429966679|73194&4&105.9180935868867|73195&4&105.65865862100961|73196&4&254.1713608553675|73197&4&289.5022322735686|73198&4&100.89675329955372|73199&4&2.434847589880057|73200&4&2.434847589880057|73201&4&2.434847589880057|73202&4&2.434847589880057|73203&4&2.434847589880057|73204&4&2.434847589880057|73205&4&2.434847589880057|73206&4&2.434847589880057|73207&4&230.6956067512075|73208&4&2.434847589880057|73209&4&4.9062178936083125|73210&4&105.87993801238336|73211&4&125.5051732623441|73212&4&4.9062178936083125|73213&4&129.2610489126124|73214&4&4.9062178936083125|73215&4&4.9062178936083125|73216&4&4.9062178936083125|73217&4&4.9062178936083125|73218&4&4.9062178936083125|73219&4&146.86702871662362|73220&4&91.24418068180196|73221&4&7.414521791715566|73222&4&176.06002195457364|73223&4&7.414521791715566|73224&4&7.414521791715566|73225&4&114.64593348974083|73226&4&7.414521791715566|73227&4&7.414521791715566|73228&4&7.414521791715566|73229&4&9.96017427353793|73230&4&138.02828397141192|73231&4&9.96017427353793|73232&4&9.96017427353793|73233&4&9.96017427353793|73234&4&151.45505828827046|73235&4&9.96017427353793|73236&4&9.96017427353793|73237&4&9.96017427353793|73238&4&9.96017427353793|73239&4&12.543594475736825|73240&4&12.543594475736825|73241&4&67.30853084521557|73242&4&12.543594475736825|73243&4&64.00585513835883|73244&4&12.543594475736825|73245&4&12.543594475736825|73246&4&12.543594475736825|73247&4&12.543594475736825|73248&4&12.543594475736825|73249&4&15.165205721165819|73250&4&15.165205721165819|73251&4&15.165205721165819|73252&4&15.165205721165819|73253&4&15.165205721165819|73254&4&15.165205721165819|73255&4&227.91313577518548|73256&4&73.76208746460539|73257&4&15.165205721165819|73258&4&15.165205721165819|73259&4&114.03435227635921|73260&4&17.825435558086973|73261&4&17.825435558086973|73262&4&137.96589550166416|73263&4&17.825435558086973|73264&4&17.825435558086973|73265&4&17.825435558086973|73266&4&17.825435558086973|73267&4&17.825435558086973|73268&4&95.68201853170815|73269&4&20.524715799740168|73270&4&20.524715799740168|73271&4&20.524715799740168|73272&4&20.524715799740168|73273&4&20.524715799740168|73274&4&20.524715799740168|73275&4&56.68305726156345|73276&4&20.524715799740168|73277&4&20.524715799740168|73278&4&20.524715799740168|73279&4&143.85733712583658|73280&4&148.8572152651588|73281&4&23.26348256426798|73282&4&23.26348256426798|73283&4&23.26348256426798|73284&4&121.04640351732576|73285&4&23.26348256426798|73286&4&23.26348256426798|73287&4&23.26348256426798|73288&4&23.26348256426798|73289&4&17.34517863223676|73290&4&13.735842533543071|73291&4&0.30276060733412724|73292&4&0.30276060733412724|73293&4&0.6100626237782638|73294&4&0.6100626237782638|73295&4&0.921957140184901|73296&4&0.921957140184901|73297&4&1.2384957583150524|73298&4&1.2384957583150524|73299&4&1.5597305956280199|73300&4&1.5597305956280199|73301&4&1.8857142901142774|73302&4&1.8857142901142774|73303&4&2.2165000051718193|73304&4&2.2165000051718193|73305&4&2.5521414345264093|73306&4&2.5521414345264093,2|73189&4&27.090814510073784|73190&4&23.26348256426798|73191&4&23.26348256426798|73192&4&23.26348256426798|73193&4&23.26348256426798|73194&4&23.26348256426798|73195&4&23.26348256426798|73196&4&23.26348256426798|73197&4&40.31948647496675|73198&4&23.26348256426798|73199&4&106.97008923268115|73200&4&183.41919110199805|73201&4&87.21015934119312|73202&4&116.38582225241419|73203&4&195.76053514721974|73204&4&121.59342720093193|73205&4&124.27731763392241|73206&4&148.30219993740675|73207&4&53.230724089757814|73208&4&323.1137602083677|73209&4&2.434847589880057|73210&4&2.434847589880057|73211&4&2.434847589880057|73212&4&2.434847589880057|73213&4&2.434847589880057|73214&4&194.931038027642|73215&4&2.434847589880057|73216&4&2.434847589880057|73217&4&2.434847589880057|73218&4&96.53418506752882|73219&4&4.9062178936083125|73220&4&4.9062178936083125|73221&4&4.9062178936083125|73222&4&4.9062178936083125|73223&4&4.9062178936083125|73224&4&4.9062178936083125|73225&4&4.9062178936083125|73226&4&108.53856463562269|73227&4&117.51638715536814|73228&4&4.9062178936083125|73229&4&40.24945731906799|73230&4&7.414521791715566|73231&4&7.414521791715566|73232&4&7.414521791715566|73233&4&89.2142860832673|73234&4&56.55644008989406|73235&4&7.414521791715566|73236&4&7.414521791715566|73237&4&7.414521791715566|73238&4&7.414521791715566|73239&4&22.81732574582273|73240&4&9.96017427353793|73241&4&9.96017427353793|73242&4&9.96017427353793|73243&4&9.96017427353793|73244&4&134.5345929781882|73245&4&9.96017427353793|73246&4&9.96017427353793|73247&4&9.96017427353793|73248&4&9.96017427353793|73249&4&12.543594475736825|73250&4&280.2637142263002|73251&4&12.543594475736825|73252&4&265.63157658050636|73253&4&184.88148823775714|73254&4&12.543594475736825|73255&4&12.543594475736825|73256&4&12.543594475736825|73257&4&12.543594475736825|73258&4&40.076228646867065|73259&4&15.165205721165819|73260&4&185.69769707890134|73261&4&15.165205721165819|73262&4&15.165205721165819|73263&4&103.14320009038127|73264&4&15.165205721165819|73265&4&110.09839084627023|73266&4&15.165205721165819|73267&4&15.165205721165819|73268&4&15.165205721165819|73269&4&17.825435558086973|73270&4&17.825435558086973|73271&4&73.26161851596657|73272&4&17.825435558086973|73273&4&17.825435558086973|73274&4&17.825435558086973|73275&4&24.762176529118733|73276&4&17.825435558086973|73277&4&17.825435558086973|73278&4&44.93842620517452|73279&4&20.524715799740168|73280&4&20.524715799740168|73281&4&20.524715799740168|73282&4&128.5605872783814|73283&4&20.524715799740168|73284&4&20.524715799740168|73285&4&20.524715799740168|73286&4&50.04139861574485|73287&4&20.524715799740168|73288&4&20.524715799740168|73289&4&2.8926928071960294|73290&4&2.8926928071960294|73291&4&16.1837822907851|73292&4&15.564720614339588|73293&4&0.30276060733412724|73294&4&0.30276060733412724|73295&4&0.6100626237782638|73296&4&0.6100626237782638|73297&4&0.921957140184901|73298&4&0.921957140184901|73299&4&1.2384957583150524|73300&4&1.2384957583150524|73301&4&1.5597305956280199|73302&4&1.7587849309933536|73303&4&1.8857142901142774|73304&4&1.8857142901142774|73305&4&2.2165000051718193|73306&4&2.2165000051718193,2|73189&4&20.524715799740168|73190&4&20.524715799740168|73191&4&20.524715799740168|73192&4&20.524715799740168|73193&4&75.19419739586102|73194&4&20.524715799740168|73195&4&20.524715799740168|73196&4&20.524715799740168|73197&4&20.524715799740168|73198&4&20.524715799740168|73199&4&23.26348256426798|73200&4&23.26348256426798|73201&4&23.26348256426798|73202&4&23.26348256426798|73203&4&23.26348256426798|73204&4&23.26348256426798|73205&4&23.26348256426798|73206&4&23.26348256426798|73207&4&23.26348256426798|73208&4&23.26348256426798|73209&4&110.89706953913509|73210&4&142.28108808489023|73211&4&26.042176315000017|73212&4&78.6296303604312|73213&4&335.79944749300387|73214&4&96.94703996753671|73215&4&181.4034230073088|73216&4&193.18277553527363|73217&4&396.827695562809|73218&4&220.20629172364696|73219&4&2.434847589880057|73220&4&2.434847589880057|73221&4&2.434847589880057|73222&4&2.434847589880057|73223&4&96.93732156650609|73224&4&2.434847589880057|73225&4&2.434847589880057|73226&4&2.434847589880057|73227&4&2.434847589880057|73228&4&2.434847589880057|73229&4&4.9062178936083125|73230&4&4.9062178936083125|73231&4&4.9062178936083125|73232&4&4.9062178936083125|73233&4&4.9062178936083125|73234&4&4.9062178936083125|73235&4&4.9062178936083125|73236&4&4.9062178936083125|73237&4&4.9062178936083125|73238&4&4.9062178936083125|73239&4&7.414521791715566|73240&4&7.414521791715566|73241&4&7.414521791715566|73242&4&7.414521791715566|73243&4&7.414521791715566|73244&4&7.414521791715566|73245&4&99.63542006922015|73246&4&7.414521791715566|73247&4&7.414521791715566|73248&4&7.414521791715566|73249&4&9.96017427353793|73250&4&9.96017427353793|73251&4&9.96017427353793|73252&4&9.96017427353793|73253&4&9.96017427353793|73254&4&9.96017427353793|73255&4&9.96017427353793|73256&4&72.5116751118451|73257&4&9.96017427353793|73258&4&9.96017427353793|73259&4&12.543594475736825|73260&4&12.543594475736825|73261&4&12.543594475736825|73262&4&12.543594475736825|73263&4&12.543594475736825|73264&4&12.543594475736825|73265&4&136.23828546003196|73266&4&12.543594475736825|73267&4&12.543594475736825|73268&4&12.543594475736825|73269&4&15.165205721165819|73270&4&15.165205721165819|73271&4&15.165205721165819|73272&4&15.165205721165819|73273&4&54.47644113789918|73274&4&15.165205721165819|73275&4&95.8234944474455|73276&4&15.165205721165819|73277&4&15.165205721165819|73278&4&15.165205721165819|73279&4&17.825435558086973|73280&4&17.825435558086973|73281&4&17.825435558086973|73282&4&17.825435558086973|73283&4&17.825435558086973|73284&4&17.825435558086973|73285&4&17.825435558086973|73286&4&17.825435558086973|73287&4&17.825435558086973|73288&4&17.825435558086973|73289&4&2.5521414345264093|73290&4&2.5521414345264093|73291&4&2.8926928071960294|73292&4&2.8926928071960294|73293&4&14.955470215803635|73294&4&14.939870322920939|73295&4&0.30276060733412724|73296&4&0.30276060733412724|73297&4&0.6100626237782638|73298&4&0.6100626237782638|73299&4&0.921957140184901|73300&4&0.921957140184901|73301&4&1.2384957583150524|73302&4&4.339684222757631|73303&4&1.5597305956280199|73304&4&1.5597305956280199|73305&4&1.8857142901142774|73306&4&1.8857142901142774,2|73189&4&17.825435558086973|73190&4&17.825435558086973|73191&4&17.825435558086973|73192&4&17.825435558086973|73193&4&17.825435558086973|73194&4&17.825435558086973|73195&4&139.34286098579776|73196&4&17.825435558086973|73197&4&17.825435558086973|73198&4&17.825435558086973|73199&4&20.524715799740168|73200&4&230.00188419988615|73201&4&20.524715799740168|73202&4&20.524715799740168|73203&4&117.67286859401997|73204&4&20.524715799740168|73205&4&20.524715799740168|73206&4&20.524715799740168|73207&4&20.524715799740168|73208&4&20.524715799740168|73209&4&23.26348256426798|73210&4&23.26348256426798|73211&4&23.26348256426798|73212&4&290.0194307955861|73213&4&23.26348256426798|73214&4&23.26348256426798|73215&4&23.26348256426798|73216&4&23.26348256426798|73217&4&23.26348256426798|73218&4&23.26348256426798|73219&4&26.042176315000017|73220&4&114.71262016881757|73221&4&142.11155362944086|73222&4&81.34500402698866|73223&4&93.33063614964485|73224&4&110.8891718248546|73225&4&93.42453559964069|73226&4&96.91630807171457|73227&4&121.55196738063077|73228&4&98.56317950766801|73229&4&2.434847589880057|73230&4&2.434847589880057|73231&4&2.434847589880057|73232&4&2.434847589880057|73233&4&2.434847589880057|73234&4&2.434847589880057|73235&4&2.434847589880057|73236&4&2.434847589880057|73237&4&15.046536399894812|73238&4&2.434847589880057|73239&4&4.9062178936083125|73240&4&4.9062178936083125|73241&4&26.241041946875292|73242&4&4.9062178936083125|73243&4&90.49537538714195|73244&4&4.9062178936083125|73245&4&4.9062178936083125|73246&4&4.9062178936083125|73247&4&4.9062178936083125|73248&4&4.9062178936083125|73249&4&7.414521791715566|73250&4&7.414521791715566|73251&4&128.4418116935696|73252&4&7.414521791715566|73253&4&7.414521791715566|73254&4&7.414521791715566|73255&4&7.414521791715566|73256&4&7.414521791715566|73257&4&7.414521791715566|73258&4&7.414521791715566|73259&4&120.93519374950547|73260&4&9.96017427353793|73261&4&9.96017427353793|73262&4&9.96017427353793|73263&4&124.67591072558614|73264&4&9.96017427353793|73265&4&9.96017427353793|73266&4&9.96017427353793|73267&4&9.96017427353793|73268&4&9.96017427353793|73269&4&12.543594475736825|73270&4&12.543594475736825|73271&4&53.05985458726493|73272&4&58.92740852492628|73273&4&59.89619176404685|73274&4&12.543594475736825|73275&4&12.543594475736825|73276&4&12.543594475736825|73277&4&12.543594475736825|73278&4&12.543594475736825|73279&4&15.165205721165819|73280&4&15.165205721165819|73281&4&15.165205721165819|73282&4&15.165205721165819|73283&4&15.165205721165819|73284&4&15.165205721165819|73285&4&15.165205721165819|73286&4&15.165205721165819|73287&4&15.165205721165819|73288&4&15.165205721165819|73289&4&2.2165000051718193|73290&4&2.2165000051718193|73291&4&2.5521414345264093|73292&4&2.5521414345264093|73293&4&2.8926928071960294|73294&4&14.518597849441774|73295&4&12.499975577137167|73296&4&12.815234494304601|73297&4&0.30276060733412724|73298&4&0.30276060733412724|73299&4&0.6100626237782638|73300&4&0.6100626237782638|73301&4&0.921957140184901|73302&4&0.921957140184901|73303&4&1.2384957583150524|73304&4&1.2384957583150524|73305&4&1.5597305956280199|73306&4&1.5597305956280199,2|73189&4&15.165205721165819|73190&4&15.165205721165819|73191&4&15.165205721165819|73192&4&170.4779270655772|73193&4&59.617404082238075|73194&4&15.165205721165819|73195&4&61.80411534891266|73196&4&15.165205721165819|73197&4&15.165205721165819|73198&4&79.82360518320638|73199&4&17.825435558086973|73200&4&17.825435558086973|73201&4&17.825435558086973|73202&4&17.825435558086973|73203&4&17.825435558086973|73204&4&17.825435558086973|73205&4&144.82695445459746|73206&4&17.825435558086973|73207&4&17.825435558086973|73208&4&17.825435558086973|73209&4&20.524715799740168|73210&4&86.6737763225317|73211&4&20.524715799740168|73212&4&20.524715799740168|73213&4&20.524715799740168|73214&4&20.524715799740168|73215&4&20.524715799740168|73216&4&20.524715799740168|73217&4&20.524715799740168|73218&4&20.524715799740168|73219&4&113.8759483672047|73220&4&23.26348256426798|73221&4&23.26348256426798|73222&4&47.68714924177849|73223&4&73.327621626483|73224&4&23.26348256426798|73225&4&75.09696449287625|73226&4&60.60823998186317|73227&4&23.26348256426798|73228&4&23.26348256426798|73229&4&97.02420410860006|73230&4&136.8160687892882|73231&4&115.40972399551518|73232&4&216.67106347626145|73233&4&93.3279527187208|73234&4&90.32627889513871|73235&4&118.64375357874107|73236&4&97.55207101676488|73237&4&93.6774084793124|73238&4&213.44099257449574|73239&4&2.434847589880057|73240&4&2.434847589880057|73241&4&2.434847589880057|73242&4&52.07846080570399|73243&4&2.434847589880057|73244&4&2.434847589880057|73245&4&2.434847589880057|73246&4&2.434847589880057|73247&4&2.434847589880057|73248&4&2.434847589880057|73249&4&46.89500617694091|73250&4&4.9062178936083125|73251&4&4.9062178936083125|73252&4&4.9062178936083125|73253&4&4.9062178936083125|73254&4&99.22431460060996|73255&4&4.9062178936083125|73256&4&4.9062178936083125|73257&4&4.9062178936083125|73258&4&4.9062178936083125|73259&4&132.18329540625|73260&4&7.414521791715566|73261&4&7.414521791715566|73262&4&7.414521791715566|73263&4&7.414521791715566|73264&4&7.414521791715566|73265&4&7.414521791715566|73266&4&7.414521791715566|73267&4&7.414521791715566|73268&4&183.26516005753138|73269&4&9.96017427353793|73270&4&70.81128261105577|73271&4&9.96017427353793|73272&4&9.96017427353793|73273&4&9.96017427353793|73274&4&30.316560866766892|73275&4&9.96017427353793|73276&4&9.96017427353793|73277&4&9.96017427353793|73278&4&9.96017427353793|73279&4&12.543594475736825|73280&4&12.543594475736825|73281&4&12.543594475736825|73282&4&12.543594475736825|73283&4&205.45196684817614|73284&4&12.543594475736825|73285&4&12.543594475736825|73286&4&12.543594475736825|73287&4&12.543594475736825|73288&4&12.543594475736825|73289&4&1.8857142901142774|73290&4&1.8857142901142774|73291&4&2.2165000051718193|73292&4&2.2165000051718193|73293&4&2.5521414345264093|73294&4&2.5521414345264093|73295&4&2.8926928071960294|73296&4&2.8926928071960294|73297&4&15.007077373319301|73298&4&13.832359787491185|73299&4&0.30276060733412724|73300&4&0.30276060733412724|73301&4&0.6100626237782638|73302&4&0.6100626237782638|73303&4&0.921957140184901|73304&4&0.921957140184901|73305&4&1.2384957583150524|73306&4&1.2384957583150524,2|73189&4&199.93489271577954|73190&4&12.543594475736825|73191&4&12.543594475736825|73192&4&12.543594475736825|73193&4&12.543594475736825|73194&4&12.543594475736825|73195&4&12.543594475736825|73196&4&12.543594475736825|73197&4&12.543594475736825|73198&4&152.0504728597203|73199&4&144.6326133245572|73200&4&15.165205721165819|73201&4&160.09521748420332|73202&4&15.165205721165819|73203&4&15.165205721165819|73204&4&15.165205721165819|73205&4&15.165205721165819|73206&4&15.165205721165819|73207&4&15.165205721165819|73208&4&15.165205721165819|73209&4&17.825435558086973|73210&4&17.825435558086973|73211&4&17.825435558086973|73212&4&17.825435558086973|73213&4&17.825435558086973|73214&4&17.825435558086973|73215&4&17.825435558086973|73216&4&17.825435558086973|73217&4&17.825435558086973|73218&4&17.825435558086973|73219&4&20.524715799740168|73220&4&20.524715799740168|73221&4&20.524715799740168|73222&4&20.524715799740168|73223&4&119.88881887318166|73224&4&20.524715799740168|73225&4&20.524715799740168|73226&4&20.524715799740168|73227&4&20.524715799740168|73228&4&182.63948187214373|73229&4&23.26348256426798|73230&4&23.26348256426798|73231&4&23.26348256426798|73232&4&23.26348256426798|73233&4&23.26348256426798|73234&4&23.26348256426798|73235&4&23.26348256426798|73236&4&23.26348256426798|73237&4&35.70850403582253|73238&4&23.26348256426798|73239&4&277.52967546519204|73240&4&191.53264060320254|73241&4&53.230053531479214|73242&4&90.26104553680678|73243&4&117.4994534376609|73244&4&109.83458338940497|73245&4&112.25965419474684|73246&4&220.00801403058085|73247&4&115.50797632865323|73248&4&136.7303932143344|73249&4&68.641543952438|73250&4&2.434847589880057|73251&4&66.36477215552476|73252&4&2.434847589880057|73253&4&2.434847589880057|73254&4&2.434847589880057|73255&4&2.434847589880057|73256&4&87.66799105700888|73257&4&2.434847589880057|73258&4&2.434847589880057|73259&4&4.9062178936083125|73260&4&4.9062178936083125|73261&4&4.9062178936083125|73262&4&4.9062178936083125|73263&4&4.9062178936083125|73264&4&308.8735724309711|73265&4&117.78487828163738|73266&4&4.9062178936083125|73267&4&4.9062178936083125|73268&4&4.9062178936083125|73269&4&7.414521791715566|73270&4&7.414521791715566|73271&4&7.414521791715566|73272&4&209.59106109572994|73273&4&7.414521791715566|73274&4&7.414521791715566|73275&4&7.414521791715566|73276&4&7.414521791715566|73277&4&7.414521791715566|73278&4&7.414521791715566|73279&4&9.96017427353793|73280&4&9.96017427353793|73281&4&9.96017427353793|73282&4&9.96017427353793|73283&4&9.96017427353793|73284&4&9.96017427353793|73285&4&9.96017427353793|73286&4&107.02525382327718|73287&4&9.96017427353793|73288&4&9.96017427353793|73289&4&1.5597305956280199|73290&4&1.5597305956280199|73291&4&1.8857142901142774|73292&4&1.8857142901142774|73293&4&2.2165000051718193|73294&4&2.2165000051718193|73295&4&2.5521414345264093|73296&4&2.5521414345264093|73297&4&2.8926928071960294|73298&4&2.8926928071960294|73299&4&8.67176495227505|73300&4&26.768386105793596|73301&4&0.30276060733412724|73302&4&0.30276060733412724|73303&4&0.6100626237782638|73304&4&5.861687280587155|73305&4&0.921957140184901|73306&4&0.921957140184901,2|73189&4&9.96017427353793|73190&4&9.96017427353793|73191&4&9.96017427353793|73192&4&9.96017427353793|73193&4&9.96017427353793|73194&4&94.9436391706208|73195&4&9.96017427353793|73196&4&9.96017427353793|73197&4&9.96017427353793|73198&4&9.96017427353793|73199&4&12.543594475736825|73200&4&12.543594475736825|73201&4&12.543594475736825|73202&4&12.543594475736825|73203&4&12.543594475736825|73204&4&12.543594475736825|73205&4&12.543594475736825|73206&4&12.543594475736825|73207&4&12.543594475736825|73208&4&12.543594475736825|73209&4&160.97561187550173|73210&4&15.165205721165819|73211&4&15.165205721165819|73212&4&15.165205721165819|73213&4&15.165205721165819|73214&4&15.165205721165819|73215&4&15.165205721165819|73216&4&15.165205721165819|73217&4&15.165205721165819|73218&4&15.165205721165819|73219&4&17.825435558086973|73220&4&17.825435558086973|73221&4&17.825435558086973|73222&4&17.825435558086973|73223&4&17.825435558086973|73224&4&188.207772659164|73225&4&17.825435558086973|73226&4&17.825435558086973|73227&4&17.825435558086973|73228&4&17.825435558086973|73229&4&20.524715799740168|73230&4&20.524715799740168|73231&4&20.524715799740168|73232&4&20.524715799740168|73233&4&145.1882957483984|73234&4&20.524715799740168|73235&4&29.69591120259729|73236&4&226.78507647972808|73237&4&20.524715799740168|73238&4&20.524715799740168|73239&4&23.26348256426798|73240&4&71.53766070763595|73241&4&23.26348256426798|73242&4&23.26348256426798|73243&4&39.41663304474597|73244&4&23.26348256426798|73245&4&23.26348256426798|73246&4&23.26348256426798|73247&4&23.26348256426798|73248&4&149.55509617917357|73249&4&105.23879376373515|73250&4&100.56504666504503|73251&4&53.225706996841865|73252&4&72.71458404227222|73253&4&119.44928256414127|73254&4&313.49286487702625|73255&4&144.94718903934347|73256&4&82.27969211122081|73257&4&280.183535522845|73258&4&287.854996155851|73259&4&2.434847589880057|73260&4&2.434847589880057|73261&4&2.434847589880057|73262&4&2.434847589880057|73263&4&2.434847589880057|73264&4&2.434847589880057|73265&4&2.434847589880057|73266&4&194.98476409688595|73267&4&2.434847589880057|73268&4&2.434847589880057|73269&4&4.9062178936083125|73270&4&4.9062178936083125|73271&4&4.9062178936083125|73272&4&4.9062178936083125|73273&4&4.9062178936083125|73274&4&192.37976014677764|73275&4&4.9062178936083125|73276&4&181.74978650153108|73277&4&115.32529727104864|73278&4&248.646472621959|73279&4&7.414521791715566|73280&4&7.414521791715566|73281&4&7.414521791715566|73282&4&7.414521791715566|73283&4&7.414521791715566|73284&4&7.414521791715566|73285&4&7.414521791715566|73286&4&7.414521791715566|73287&4&7.414521791715566|73288&4&7.414521791715566|73289&4&1.2384957583150524|73290&4&1.2384957583150524|73291&4&1.5597305956280199|73292&4&1.5597305956280199|73293&4&1.8857142901142774|73294&4&1.8857142901142774|73295&4&2.2165000051718193|73296&4&2.2165000051718193|73297&4&2.5521414345264093|73298&4&2.5521414345264093|73299&4&2.8926928071960294|73300&4&2.8926928071960294|73301&4&36.41838688883923|73302&4&5.363627335190085|73303&4&0.30276060733412724|73304&4&0.30276060733412724|73305&4&0.6100626237782638|73306&4&0.6100626237782638,2|73189&4&7.414521791715566|73190&4&152.76913516583983|73191&4&7.414521791715566|73192&4&7.414521791715566|73193&4&7.414521791715566|73194&4&7.414521791715566|73195&4&7.414521791715566|73196&4&7.414521791715566|73197&4&7.414521791715566|73198&4&7.414521791715566|73199&4&9.96017427353793|73200&4&9.96017427353793|73201&4&9.96017427353793|73202&4&145.65112112929313|73203&4&9.96017427353793|73204&4&9.96017427353793|73205&4&9.96017427353793|73206&4&76.49760846683141|73207&4&9.96017427353793|73208&4&9.96017427353793|73209&4&12.543594475736825|73210&4&12.543594475736825|73211&4&161.26095655461484|73212&4&12.543594475736825|73213&4&12.543594475736825|73214&4&12.543594475736825|73215&4&12.543594475736825|73216&4&45.80280217987644|73217&4&12.543594475736825|73218&4&12.543594475736825|73219&4&15.165205721165819|73220&4&15.165205721165819|73221&4&15.165205721165819|73222&4&15.165205721165819|73223&4&15.165205721165819|73224&4&15.165205721165819|73225&4&15.165205721165819|73226&4&15.165205721165819|73227&4&15.165205721165819|73228&4&15.165205721165819|73229&4&17.825435558086973|73230&4&17.825435558086973|73231&4&17.825435558086973|73232&4&17.825435558086973|73233&4&17.825435558086973|73234&4&17.825435558086973|73235&4&17.825435558086973|73236&4&17.825435558086973|73237&4&17.825435558086973|73238&4&17.825435558086973|73239&4&20.524715799740168|73240&4&20.524715799740168|73241&4&20.524715799740168|73242&4&155.36584962273713|73243&4&20.524715799740168|73244&4&20.524715799740168|73245&4&20.524715799740168|73246&4&20.524715799740168|73247&4&20.524715799740168|73248&4&20.524715799740168|73249&4&23.26348256426798|73250&4&23.26348256426798|73251&4&23.26348256426798|73252&4&23.26348256426798|73253&4&23.26348256426798|73254&4&23.26348256426798|73255&4&23.26348256426798|73256&4&23.26348256426798|73257&4&23.26348256426798|73258&4&23.26348256426798|73259&4&86.72782857133032|73260&4&115.54723712582498|73261&4&146.72547615932916|73262&4&164.86550474576546|73263&4&100.97710027313246|73264&4&95.38272890486067|73265&4&104.62236370651351|73266&4&96.55828161999378|73267&4&308.0564455568631|73268&4&86.92691565073403|73269&4&2.434847589880057|73270&4&26.391287450782265|73271&4&2.434847589880057|73272&4&2.434847589880057|73273&4&2.434847589880057|73274&4&2.434847589880057|73275&4&63.025124136691566|73276&4&2.434847589880057|73277&4&2.434847589880057|73278&4&2.434847589880057|73279&4&4.9062178936083125|73280&4&4.9062178936083125|73281&4&4.9062178936083125|73282&4&51.693825051553134|73283&4&4.9062178936083125|73284&4&4.9062178936083125|73285&4&186.89011419444222|73286&4&4.9062178936083125|73287&4&4.9062178936083125|73288&4&4.9062178936083125|73289&4&0.921957140184901|73290&4&0.921957140184901|73291&4&1.2384957583150524|73292&4&1.2384957583150524|73293&4&1.5597305956280199|73294&4&1.5597305956280199|73295&4&1.8857142901142774|73296&4&1.8857142901142774|73297&4&2.2165000051718193|73298&4&2.2165000051718193|73299&4&2.5521414345264093|73300&4&2.5521414345264093|73301&4&2.8926928071960294|73302&4&2.8926928071960294|73303&4&14.91691653442192|73304&4&3.238208892499998|73305&4&0.30276060733412724|73306&4&0.30276060733412724,2|73189&4&4.9062178936083125|73190&4&4.9062178936083125|73191&4&185.30751043207684|73192&4&4.9062178936083125|73193&4&39.54243449266228|73194&4&30.569524913809914|73195&4&4.9062178936083125|73196&4&4.9062178936083125|73197&4&39.45896704518323|73198&4&4.9062178936083125|73199&4&7.414521791715566|73200&4&7.414521791715566|73201&4&7.414521791715566|73202&4&7.414521791715566|73203&4&7.414521791715566|73204&4&122.22248755638454|73205&4&7.414521791715566|73206&4&7.414521791715566|73207&4&76.75512205089595|73208&4&7.414521791715566|73209&4&9.96017427353793|73210&4&9.96017427353793|73211&4&9.96017427353793|73212&4&9.96017427353793|73213&4&9.96017427353793|73214&4&9.96017427353793|73215&4&200.95929698907676|73216&4&9.96017427353793|73217&4&9.96017427353793|73218&4&9.96017427353793|73219&4&12.543594475736825|73220&4&12.543594475736825|73221&4&153.26996632410948|73222&4&12.543594475736825|73223&4&12.543594475736825|73224&4&12.543594475736825|73225&4&51.88783193707741|73226&4&12.543594475736825|73227&4&12.543594475736825|73228&4&12.543594475736825|73229&4&161.46623688348123|73230&4&15.165205721165819|73231&4&167.28385628333876|73232&4&15.165205721165819|73233&4&15.165205721165819|73234&4&15.165205721165819|73235&4&173.47755901966636|73236&4&15.165205721165819|73237&4&33.093305575380015|73238&4&15.165205721165819|73239&4&17.825435558086973|73240&4&17.825435558086973|73241&4&17.825435558086973|73242&4&17.825435558086973|73243&4&17.825435558086973|73244&4&17.825435558086973|73245&4&17.825435558086973|73246&4&17.825435558086973|73247&4&165.3503051295803|73248&4&17.825435558086973|73249&4&202.89923381146562|73250&4&20.524715799740168|73251&4&126.35956759331661|73252&4&20.524715799740168|73253&4&20.524715799740168|73254&4&20.524715799740168|73255&4&20.524715799740168|73256&4&20.524715799740168|73257&4&20.524715799740168|73258&4&20.524715799740168|73259&4&23.26348256426798|73260&4&23.26348256426798|73261&4&155.53196489125165|73262&4&23.26348256426798|73263&4&23.26348256426798|73264&4&23.26348256426798|73265&4&23.26348256426798|73266&4&23.26348256426798|73267&4&23.26348256426798|73268&4&23.26348256426798|73269&4&292.6640994263429|73270&4&184.99907090412364|73271&4&278.97790136763376|73272&4&92.93042365580116|73273&4&86.16742076909102|73274&4&105.26565388419604|73275&4&53.2308299843268|73276&4&86.8900124648796|73277&4&130.71403777967237|73278&4&53.230053531479214|73279&4&2.434847589880057|73280&4&2.434847589880057|73281&4&197.21989568198373|73282&4&2.434847589880057|73283&4&2.434847589880057|73284&4&2.434847589880057|73285&4&2.434847589880057|73286&4&202.55941057758218|73287&4&182.1598069368115|73288&4&121.7635174057704|73289&4&0.6100626237782638|73290&4&0.6100626237782638|73291&4&0.921957140184901|73292&4&0.921957140184901|73293&4&7.278313640863523|73294&4&1.2384957583150524|73295&4&1.5597305956280199|73296&4&1.5597305956280199|73297&4&1.8857142901142774|73298&4&1.8857142901142774|73299&4&2.2165000051718193|73300&4&2.2165000051718193|73301&4&2.5521414345264093|73302&4&2.5521414345264093|73303&4&2.8926928071960294|73304&4&9.30585691713836|73305&4&15.049403500043855|73306&4&26.71038266077344,2|73189&4&2.434847589880057|73190&4&2.434847589880057|73191&4&33.84742529680329|73192&4&49.79273485413168|73193&4&2.434847589880057|73194&4&2.434847589880057|73195&4&2.434847589880057|73196&4&63.74909600517463|73197&4&2.434847589880057|73198&4&2.434847589880057|73199&4&4.9062178936083125|73200&4&4.9062178936083125|73201&4&4.9062178936083125|73202&4&4.9062178936083125|73203&4&4.9062178936083125|73204&4&4.9062178936083125|73205&4&4.9062178936083125|73206&4&4.9062178936083125|73207&4&45.05315993350217|73208&4&4.9062178936083125|73209&4&7.414521791715566|73210&4&31.611788542483936|73211&4&7.414521791715566|73212&4&7.414521791715566|73213&4&7.414521791715566|73214&4&7.414521791715566|73215&4&7.414521791715566|73216&4&7.414521791715566|73217&4&7.414521791715566|73218&4&7.414521791715566|73219&4&9.96017427353793|73220&4&9.96017427353793|73221&4&9.96017427353793|73222&4&9.96017427353793|73223&4&9.96017427353793|73224&4&9.96017427353793|73225&4&9.96017427353793|73226&4&9.96017427353793|73227&4&9.96017427353793|73228&4&9.96017427353793|73229&4&12.543594475736825|73230&4&12.543594475736825|73231&4&12.543594475736825|73232&4&12.543594475736825|73233&4&12.543594475736825|73234&4&12.543594475736825|73235&4&12.543594475736825|73236&4&12.543594475736825|73237&4&12.543594475736825|73238&4&12.543594475736825|73239&4&15.165205721165819|73240&4&15.165205721165819|73241&4&15.165205721165819|73242&4&22.441904297944035|73243&4&15.165205721165819|73244&4&15.165205721165819|73245&4&15.165205721165819|73246&4&15.165205721165819|73247&4&15.165205721165819|73248&4&15.165205721165819|73249&4&17.825435558086973|73250&4&17.825435558086973|73251&4&17.825435558086973|73252&4&17.825435558086973|73253&4&17.825435558086973|73254&4&17.825435558086973|73255&4&17.825435558086973|73256&4&17.825435558086973|73257&4&17.825435558086973|73258&4&17.825435558086973|73259&4&20.524715799740168|73260&4&20.524715799740168|73261&4&20.524715799740168|73262&4&20.524715799740168|73263&4&20.524715799740168|73264&4&20.524715799740168|73265&4&20.524715799740168|73266&4&20.524715799740168|73267&4&20.524715799740168|73268&4&20.524715799740168|73269&4&23.26348256426798|73270&4&23.26348256426798|73271&4&23.26348256426798|73272&4&23.26348256426798|73273&4&23.26348256426798|73274&4&23.26348256426798|73275&4&23.26348256426798|73276&4&55.684958635750085|73277&4&23.26348256426798|73278&4&106.67598667731725|73279&4&155.05382750491125|73280&4&143.54337898519572|73281&4&138.0492655231256|73282&4&123.69476260004735|73283&4&107.24715307555051|73284&4&152.59621253593997|73285&4&118.29713125395938|73286&4&26.042176315000017|73287&4&90.46967158949595|73288&4&107.24087045810913|73289&4&0.30276060733412724|73290&4&0.30276060733412724|73291&4&0.6100626237782638|73292&4&0.6100626237782638|73293&4&0.921957140184901|73294&4&0.921957140184901|73295&4&1.2384957583150524|73296&4&1.2384957583150524|73297&4&1.5597305956280199|73298&4&1.5597305956280199|73299&4&1.8857142901142774|73300&4&1.8857142901142774|73301&4&2.2165000051718193|73302&4&2.2165000051718193|73303&4&2.5521414345264093|73304&4&2.5521414345264093|73305&4&2.8926928071960294|73306&4&2.8926928071960294
11|4,130,1,1,1,1,1,1,1,1,1,1,1,1,1,1,1,1,1,1,1,1,1,1,1,1,1,1,1,1,1,1,1,1,1,1,1,1,1,1,1,1,1,1,1,1,1,1,1,1,1,1,1,1,1,1,1,1,1,1,1,1,1,1,1,1,1,1,1,1,1,1,1,1,1,1,1,1,1,1,1,1,1,1,1,1,1,1,1,1,1,1,1,1,1,1,1,1,1,1,1,1,0,0,0,0,0,0,0,0,0,0,0,0,0,0,0,0,0,0,0,0,2|73189&4&78.92598531574936|73190&4&88.42049136177883|73191&4&87.83646274254092|73192&4&94.92206381142013|73193&4&98.10099460851069|73194&4&96.59269489980575|73195&4&96.33610841505366|73196&4&286.2021597726732|73197&4&324.3406297123542|73198&4&91.93786260676745|73199&4&-2.6645352591003757E-15|73200&4&-2.6645352591003757E-15|73201&4&-2.6645352591003757E-15|73202&4&-2.6645352591003757E-15|73203&4&-2.6645352591003757E-15|73204&4&-2.6645352591003757E-15|73205&4&-2.6645352591003757E-15|73206&4&-2.6645352591003757E-15|73207&4&240.61549580609818|73208&4&-2.6645352591003757E-15|73209&4&2.4531089468041527|73210&4&97.81717794786948|73211&4&113.15883506475893|73212&4&2.4531089468041527|73213&4&119.89933824253023|73214&4&2.4531089468041527|73215&4&2.4531089468041527|73216&4&2.4531089468041527|73217&4&2.4531089468041527|73218&4&2.4531089468041527|73219&4&137.13576267598881|73220&4&84.1154701462253|73221&4&4.943014527810375|73222&4&166.52484747153952|73223&4&4.943014527810375|73224&4&4.943014527810375|73225&4&106.21712557594535|73226&4&4.943014527810375|73227&4&4.943014527810375|73228&4&4.943014527810375|73229&4&7.4701307051534505|73230&4&186.90525743515963|73231&4&7.4701307051534505|73232&4&7.4701307051534505|73233&4&7.4701307051534505|73234&4&141.23263945797885|73235&4&7.4701307051534505|73236&4&7.4701307051534505|73237&4&7.4701307051534505|73238&4&7.4701307051534505|73239&4&10.03487558058946|73240&4&10.03487558058946|73241&4&61.757315485097166|73242&4&10.03487558058946|73243&4&58.63812176195468|73244&4&10.03487558058946|73245&4&10.03487558058946|73246&4&10.03487558058946|73247&4&10.03487558058946|73248&4&10.03487558058946|73249&4&12.637671434304849|73250&4&12.637671434304849|73251&4&12.637671434304849|73252&4&12.637671434304849|73253&4&12.637671434304849|73254&4&12.637671434304849|73255&4&263.6826740065586|73256&4&68.11794672961196|73257&4&12.637671434304849|73258&4&12.637671434304849|73259&4&106.14292166466498|73260&4&15.278944764074545|73261&4&15.278944764074545|73262&4&191.57019541709008|73263&4&15.278944764074545|73264&4&15.278944764074545|73265&4&15.278944764074545|73266&4&15.278944764074545|73267&4&15.278944764074545|73268&4&121.28038273903147|73269&4&17.959126324772647|73270&4&17.959126324772647|73271&4&17.959126324772647|73272&4&17.959126324772647|73273&4&17.959126324772647|73274&4&17.959126324772647|73275&4&52.10867103871686|73276&4&17.959126324772647|73277&4&17.959126324772647|73278&4&17.959126324772647|73279&4&193.32535669373493|73280&4&139.57081435265252|73281&4&20.678651168238204|73282&4&20.678651168238204|73283&4&20.678651168238204|73284&4&113.35384294460246|73285&4&20.678651168238204|73286&4&20.678651168238204|73287&4&20.678651168238204|73288&4&20.678651168238204|73289&4&15.887067204029588|73290&4&12.554669209091934|73291&4&8.881784197001252E-16|73292&4&8.881784197001252E-16|73293&4&0.3050313118891315|73294&4&0.3050313118891315|73295&4&0.6146380934566003|73296&4&0.6146380934566003|73297&4&0.9288718187362893|73298&4&0.9288718187362893|73299&4&1.247784476502416|73300&4&1.247784476502416|73301&4&1.5714285750952315|73302&4&1.5714285750952315|73303&4&1.8998571472901307|73304&4&1.8998571472901307|73305&4&2.233123755210608|73306&4&2.233123755210608,2|73189&4&24.266774867431145|73190&4&20.678651168238204|73191&4&20.678651168238204|73192&4&20.678651168238204|73193&4&20.678651168238204|73194&4&20.678651168238204|73195&4&20.678651168238204|73196&4&20.678651168238204|73197&4&36.422654778113994|73198&4&20.678651168238204|73199&4&97.57242293138174|73200&4&168.6214573557695|73201&4&79.33535983101909|73202&4&106.23634564523446|73203&4&181.329317983891|73204&4&111.04257757894669|73205&4&113.54818790392058|73206&4&137.23480123191305|73207&4&48.1548202969162|73208&4&352.8798475430641|73209&4&-2.6645352591003757E-15|73210&4&-2.6645352591003757E-15|73211&4&-2.6645352591003757E-15|73212&4&-2.6645352591003757E-15|73213&4&-2.6645352591003757E-15|73214&4&242.37667703341017|73215&4&-2.6645352591003757E-15|73216&4&-2.6645352591003757E-15|73217&4&-2.6645352591003757E-15|73218&4&88.7388553337484|73219&4&2.4531089468041527|73220&4&2.4531089468041527|73221&4&2.4531089468041527|73222&4&2.4531089468041527|73223&4&2.4531089468041527|73224&4&2.4531089468041527|73225&4&2.4531089468041527|73226&4&157.2816465913874|73227&4&109.19728618066893|73228&4&2.4531089468041527|73229&4&35.72576658470328|73230&4&4.943014527810375|73231&4&4.943014527810375|73232&4&4.943014527810375|73233&4&81.63029355114013|73234&4&51.01356293235272|73235&4&4.943014527810375|73236&4&4.943014527810375|73237&4&4.943014527810375|73238&4&4.943014527810375|73239&4&19.52371021042045|73240&4&7.4701307051534505|73241&4&7.4701307051534505|73242&4&7.4701307051534505|73243&4&7.4701307051534505|73244&4&162.92966745806405|73245&4&7.4701307051534505|73246&4&7.4701307051534505|73247&4&7.4701307051534505|73248&4&7.4701307051534505|73249&4&10.03487558058946|73250&4&262.7768175840382|73251&4&10.03487558058946|73252&4&295.51426468628625|73253&4&188.99813275638394|73254&4&10.03487558058946|73255&4&10.03487558058946|73256&4&10.03487558058946|73257&4&10.03487558058946|73258&4&35.84672011602406|73259&4&12.637671434304849|73260&4&209.12027036496627|73261&4&12.637671434304849|73262&4&12.637671434304849|73263&4&95.11704115544433|73264&4&12.637671434304849|73265&4&101.6042663197016|73266&4&12.637671434304849|73267&4&12.637671434304849|73268&4&12.637671434304849|73269&4&15.278944764074545|73270&4&15.278944764074545|73271&4&67.25036628708668|73272&4&15.278944764074545|73273&4&15.278944764074545|73274&4&15.278944764074545|73275&4&21.78213942441682|73276&4&15.278944764074545|73277&4&15.278944764074545|73278&4&40.69737349571913|73279&4&17.959126324772647|73280&4&17.959126324772647|73281&4&17.959126324772647|73282&4&119.9776278858231|73283&4&17.959126324772647|73284&4&17.959126324772647|73285&4&17.959126324772647|73286&4&45.63101646477703|73287&4&17.959126324772647|73288&4&17.959126324772647|73289&4&2.5712824952853595|73290&4&2.5712824952853595|73291&4&14.81474863408482|73292&4&14.279345936760544|73293&4&8.881784197001252E-16|73294&4&8.881784197001252E-16|73295&4&0.3050313118891315|73296&4&0.3050313118891315|73297&4&0.6146380934566003|73298&4&0.6146380934566003|73299&4&0.9288718187362893|73300&4&0.9288718187362893|73301&4&1.247784476502416|73302&4&1.4315269399165702|73303&4&6.3561597259780935|73304&4&1.5714285750952315|73305&4&1.8998571472901307|73306&4&1.8998571472901307,2|73189&4&17.959126324772647|73190&4&17.959126324772647|73191&4&17.959126324772647|73192&4&67.75676950952317|73193&4&127.22500060079298|73194&4&17.959126324772647|73195&4&17.959126324772647|73196&4&17.959126324772647|73197&4&17.959126324772647|73198&4&17.959126324772647|73199&4&20.678651168238204|73200&4&20.678651168238204|73201&4&20.678651168238204|73202&4&20.678651168238204|73203&4&20.678651168238204|73204&4&20.678651168238204|73205&4&20.678651168238204|73206&4&20.678651168238204|73207&4&20.678651168238204|73208&4&20.678651168238204|73209&4&101.16912733678967|73210&4&150.16732078929292|73211&4&23.437958683500014|73212&4&71.46048774614127|73213&4&381.3497565895803|73214&4&88.29635649291458|73215&4&166.8440499308198|73216&4&178.19729377070055|73217&4&370.7931977246732|73218&4&271.72482727869635|73219&4&-2.6645352591003757E-15|73220&4&-2.6645352591003757E-15|73221&4&-2.6645352591003757E-15|73222&4&-2.6645352591003757E-15|73223&4&137.71577067627385|73224&4&-2.6645352591003757E-15|73225&4&-2.6645352591003757E-15|73226&4&-2.6645352591003757E-15|73227&4&-2.6645352591003757E-15|73228&4&-2.6645352591003757E-15|73229&4&2.4531089468041527|73230&4&2.4531089468041527|73231&4&2.4531089468041527|73232&4&2.4531089468041527|73233&4&2.4531089468041527|73234&4&2.4531089468041527|73235&4&2.4531089468041527|73236&4&2.4531089468041527|73237&4&2.4531089468041527|73238&4&2.4531089468041527|73239&4&4.943014527810375|73240&4&4.943014527810375|73241&4&4.943014527810375|73242&4&4.943014527810375|73243&4&4.943014527810375|73244&4&4.943014527810375|73245&4&120.27517824402179|73246&4&4.943014527810375|73247&4&4.943014527810375|73248&4&4.943014527810375|73249&4&7.4701307051534505|73250&4&7.4701307051534505|73251&4&7.4701307051534505|73252&4&7.4701307051534505|73253&4&7.4701307051534505|73254&4&7.4701307051534505|73255&4&7.4701307051534505|73256&4&136.71201169039506|73257&4&7.4701307051534505|73258&4&7.4701307051534505|73259&4&10.03487558058946|73260&4&10.03487558058946|73261&4&10.03487558058946|73262&4&10.03487558058946|73263&4&10.03487558058946|73264&4&10.03487558058946|73265&4&189.71450409957203|73266&4&10.03487558058946|73267&4&10.03487558058946|73268&4&10.03487558058946|73269&4&12.637671434304849|73270&4&12.637671434304849|73271&4&12.637671434304849|73272&4&12.637671434304849|73273&4&96.01140628137199|73274&4&12.637671434304849|73275&4&86.89525203521956|73276&4&12.637671434304849|73277&4&12.637671434304849|73278&4&12.637671434304849|73279&4&15.278944764074545|73280&4&15.278944764074545|73281&4&15.278944764074545|73282&4&15.278944764074545|73283&4&15.278944764074545|73284&4&15.278944764074545|73285&4&15.278944764074545|73286&4&15.278944764074545|73287&4&15.278944764074545|73288&4&15.278944764074545|73289&4&2.233123755210608|73290&4&2.233123755210608|73291&4&2.5712824952853595|73292&4&2.5712824952853595|73293&4&13.680956548481213|73294&4&13.666315471963895|73295&4&8.881784197001252E-16|73296&4&8.881784197001252E-16|73297&4&0.3050313118891315|73298&4&0.3050313118891315|73299&4&0.6146380934566003|73300&4&0.6146380934566003|73301&4&0.9288718187362893|73302&4&3.7716279111419873|73303&4&1.247784476502416|73304&4&1.247784476502416|73305&4&1.5714285750952315|73306&4&1.5714285750952315,2|73189&4&15.278944764074545|73190&4&15.278944764074545|73191&4&15.278944764074545|73192&4&15.278944764074545|73193&4&15.278944764074545|73194&4&15.278944764074545|73195&4&168.67149754390238|73196&4&15.278944764074545|73197&4&15.278944764074545|73198&4&15.278944764074545|73199&4&69.17820625862177|73200&4&272.6435076546221|73201&4&17.959126324772647|73202&4&17.959126324772647|73203&4&168.72592129456604|73204&4&17.959126324772647|73205&4&17.959126324772647|73206&4&17.959126324772647|73207&4&17.959126324772647|73208&4&17.959126324772647|73209&4&20.678651168238204|73210&4&20.678651168238204|73211&4&20.678651168238204|73212&4&319.7002068609581|73213&4&20.678651168238204|73214&4&20.678651168238204|73215&4&20.678651168238204|73216&4&20.678651168238204|73217&4&20.678651168238204|73218&4&20.678651168238204|73219&4&23.437958683500014|73220&4&104.71285062110636|73221&4&130.07630929735342|73222&4&73.92628365445591|73223&4&84.97686493650593|73224&4&101.22893000546068|73225&4&85.04215705897953|73226&4&88.2700425600217|73227&4&111.03237644317528|73228&4&89.7838710409824|73229&4&-2.6645352591003757E-15|73230&4&-2.6645352591003757E-15|73231&4&94.31154584951301|73232&4&-2.6645352591003757E-15|73233&4&-2.6645352591003757E-15|73234&4&-2.6645352591003757E-15|73235&4&-2.6645352591003757E-15|73236&4&-2.6645352591003757E-15|73237&4&54.64604824476418|73238&4&-2.6645352591003757E-15|73239&4&2.4531089468041527|73240&4&2.4531089468041527|73241&4&22.14679268828137|73242&4&2.4531089468041527|73243&4&135.12723042919137|73244&4&2.4531089468041527|73245&4&2.4531089468041527|73246&4&2.4531089468041527|73247&4&2.4531089468041527|73248&4&2.4531089468041527|73249&4&4.943014527810375|73250&4&4.943014527810375|73251&4&116.88477994812612|73252&4&4.943014527810375|73253&4&4.943014527810375|73254&4&4.943014527810375|73255&4&4.943014527810375|73256&4&4.943014527810375|73257&4&4.943014527810375|73258&4&4.943014527810375|73259&4&142.30926826106756|73260&4&7.4701307051534505|73261&4&7.4701307051534505|73262&4&7.4701307051534505|73263&4&170.97695308977086|73264&4&7.4701307051534505|73265&4&7.4701307051534505|73266&4&7.4701307051534505|73267&4&7.4701307051534505|73268&4&7.4701307051534505|73269&4&10.03487558058946|73270&4&10.03487558058946|73271&4&47.22064958811718|73272&4&53.519701251704575|73273&4&54.89523090635684|73274&4&10.03487558058946|73275&4&10.03487558058946|73276&4&10.03487558058946|73277&4&10.03487558058946|73278&4&10.03487558058946|73279&4&12.637671434304849|73280&4&12.637671434304849|73281&4&12.637671434304849|73282&4&12.637671434304849|73283&4&12.637671434304849|73284&4&12.637671434304849|73285&4&12.637671434304849|73286&4&12.637671434304849|73287&4&12.637671434304849|73288&4&12.637671434304849|73289&4&1.8998571472901307|73290&4&1.8998571472901307|73291&4&2.233123755210608|73292&4&2.233123755210608|73293&4&2.5712824952853595|73294&4&13.366765748799263|73295&4&11.414120869685682|73296&4&11.705234760045945|73297&4&8.881784197001252E-16|73298&4&8.881784197001252E-16|73299&4&0.3050313118891315|73300&4&0.3050313118891315|73301&4&0.6146380934566003|73302&4&0.6146380934566003|73303&4&0.9288718187362893|73304&4&0.9288718187362893|73305&4&1.247784476502416|73306&4&1.247784476502416,2|73189&4&12.637671434304849|73190&4&12.637671434304849|73191&4&12.637671434304849|73192&4&159.23283981572092|73193&4&54.750280407952246|73194&4&12.637671434304849|73195&4&56.361649210317516|73196&4&12.637671434304849|73197&4&12.637671434304849|73198&4&73.25492092996788|73199&4&15.278944764074545|73200&4&15.278944764074545|73201&4&15.278944764074545|73202&4&15.278944764074545|73203&4&15.278944764074545|73204&4&15.278944764074545|73205&4&200.9976603579733|73206&4&15.278944764074545|73207&4&15.278944764074545|73208&4&15.278944764074545|73209&4&17.959126324772647|73210&4&79.97387056488971|73211&4&17.959126324772647|73212&4&17.959126324772647|73213&4&17.959126324772647|73214&4&17.959126324772647|73215&4&17.959126324772647|73216&4&17.959126324772647|73217&4&17.959126324772647|73218&4&17.959126324772647|73219&4&103.7246466498355|73220&4&20.678651168238204|73221&4&20.678651168238204|73222&4&43.57583867840431|73223&4&67.61378153906477|73224&4&20.678651168238204|73225&4&69.92045900041606|73226&4&55.68936124723369|73227&4&20.678651168238204|73228&4&20.678651168238204|73229&4&88.34156092030362|73230&4&125.11402347381136|73231&4&105.36424316221233|73232&4&233.06367039564623|73233&4&84.91047919021884|73234&4&82.1589246698337|73235&4&108.34009259038723|73236&4&88.88068593682763|73237&4&85.27477176354034|73238&4&245.1608573519811|73239&4&-2.6645352591003757E-15|73240&4&-2.6645352591003757E-15|73241&4&-2.6645352591003757E-15|73242&4&46.540887389834936|73243&4&-2.6645352591003757E-15|73244&4&-2.6645352591003757E-15|73245&4&-2.6645352591003757E-15|73246&4&-2.6645352591003757E-15|73247&4&-2.6645352591003757E-15|73248&4&-2.6645352591003757E-15|73249&4&41.73957009123337|73250&4&2.4531089468041527|73251&4&2.4531089468041527|73252&4&2.4531089468041527|73253&4&2.4531089468041527|73254&4&90.8763246096182|73255&4&2.4531089468041527|73256&4&2.4531089468041527|73257&4&2.4531089468041527|73258&4&2.4531089468041527|73259&4&121.83288612961269|73260&4&4.943014527810375|73261&4&4.943014527810375|73262&4&4.943014527810375|73263&4&4.943014527810375|73264&4&4.943014527810375|73265&4&4.943014527810375|73266&4&4.943014527810375|73267&4&4.943014527810375|73268&4&169.9790828574757|73269&4&7.4701307051534505|73270&4&64.51804477157643|73271&4&7.4701307051534505|73272&4&7.4701307051534505|73273&4&7.4701307051534505|73274&4&26.5542431363056|73275&4&7.4701307051534505|73276&4&7.4701307051534505|73277&4&7.4701307051534505|73278&4&7.4701307051534505|73279&4&10.03487558058946|73280&4&10.03487558058946|73281&4&10.03487558058946|73282&4&10.03487558058946|73283&4&216.08362127123854|73284&4&10.03487558058946|73285&4&10.03487558058946|73286&4&10.03487558058946|73287&4&10.03487558058946|73288&4&10.03487558058946|73289&4&1.5714285750952315|73290&4&1.5714285750952315|73291&4&1.8998571472901307|73292&4&1.8998571472901307|73293&4&2.233123755210608|73294&4&2.233123755210608|73295&4&2.5712824952853595|73296&4&2.5712824952853595|73297&4&13.728420454508813|73298&4&12.643704638161715|73299&4&8.881784197001252E-16|73300&4&8.881784197001252E-16|73301&4&0.3050313118891315|73302&4&0.3050313118891315|73303&4&0.6146380934566003|73304&4&0.6146380934566003|73305&4&0.9288718187362893|73306&4&0.9288718187362893,2|73189&4&230.7563280177249|73190&4&10.03487558058946|73191&4&10.03487558058946|73192&4&10.03487558058946|73193&4&10.03487558058946|73194&4&10.03487558058946|73195&4&10.03487558058946|73196&4&10.03487558058946|73197&4&10.03487558058946|73198&4&179.85010703684506|73199&4&135.05009527937995|73200&4&12.637671434304849|73201&4&152.61439357196247|73202&4&12.637671434304849|73203&4&12.637671434304849|73204&4&12.637671434304849|73205&4&12.637671434304849|73206&4&12.637671434304849|73207&4&12.637671434304849|73208&4&12.637671434304849|73209&4&15.278944764074545|73210&4&15.278944764074545|73211&4&15.278944764074545|73212&4&15.278944764074545|73213&4&15.278944764074545|73214&4&15.278944764074545|73215&4&15.278944764074545|73216&4&15.278944764074545|73217&4&15.278944764074545|73218&4&15.278944764074545|73219&4&17.959126324772647|73220&4&17.959126324772647|73221&4&17.959126324772647|73222&4&17.959126324772647|73223&4&111.80300144968962|73224&4&17.959126324772647|73225&4&17.959126324772647|73226&4&17.959126324772647|73227&4&17.959126324772647|73228&4&170.78435251836584|73229&4&20.678651168238204|73230&4&20.678651168238204|73231&4&20.678651168238204|73232&4&20.678651168238204|73233&4&20.678651168238204|73234&4&20.678651168238204|73235&4&20.678651168238204|73236&4&20.678651168238204|73237&4&32.43228255803972|73238&4&20.678651168238204|73239&4&306.7332240383458|73240&4&217.91433140888103|73241&4&48.15421069848111|73242&4&82.0992867033647|73243&4&107.28342245358384|73244&4&100.18837384823321|73245&4&102.44996013270362|73246&4&250.87248462196473|73247&4&105.44689418460248|73248&4&125.03393363828695|73249&4&62.52854656463806|73250&4&-2.6645352591003757E-15|73251&4&60.37826208977556|73252&4&-2.6645352591003757E-15|73253&4&-2.6645352591003757E-15|73254&4&-2.6645352591003757E-15|73255&4&-2.6645352591003757E-15|73256&4&79.90607200043327|73257&4&-2.6645352591003757E-15|73258&4&-2.6645352591003757E-15|73259&4&2.4531089468041527|73260&4&2.4531089468041527|73261&4&2.4531089468041527|73262&4&2.4531089468041527|73263&4&2.4531089468041527|73264&4&289.2689944951864|73265&4&109.06073264660938|73266&4&2.4531089468041527|73267&4&2.4531089468041527|73268&4&2.4531089468041527|73269&4&4.943014527810375|73270&4&4.943014527810375|73271&4&4.943014527810375|73272&4&240.45577969170077|73273&4&4.943014527810375|73274&4&4.943014527810375|73275&4&4.943014527810375|73276&4&4.943014527810375|73277&4&4.943014527810375|73278&4&4.943014527810375|73279&4&7.4701307051534505|73280&4&7.4701307051534505|73281&4&7.4701307051534505|73282&4&7.4701307051534505|73283&4&7.4701307051534505|73284&4&7.4701307051534505|73285&4&7.4701307051534505|73286&4&96.45326131725463|73287&4&7.4701307051534505|73288&4&7.4701307051534505|73289&4&1.247784476502416|73290&4&1.247784476502416|73291&4&1.5714285750952315|73292&4&1.5714285750952315|73293&4&1.8998571472901307|73294&4&1.8998571472901307|73295&4&2.233123755210608|73296&4&2.233123755210608|73297&4&2.5712824952853595|73298&4&2.5712824952853595|73299&4&7.880447910754403|73300&4&24.66181904722721|73301&4&8.881784197001252E-16|73302&4&8.881784197001252E-16|73303&4&0.3050313118891315|73304&4&5.102918925761751|73305&4&0.6146380934566003|73306&4&0.6146380934566003,2|73189&4&7.4701307051534505|73190&4&7.4701307051534505|73191&4&7.4701307051534505|73192&4&7.4701307051534505|73193&4&7.4701307051534505|73194&4&138.44472806126507|73195&4&7.4701307051534505|73196&4&7.4701307051534505|73197&4&7.4701307051534505|73198&4&7.4701307051534505|73199&4&10.03487558058946|73200&4&10.03487558058946|73201&4&10.03487558058946|73202&4&10.03487558058946|73203&4&10.03487558058946|73204&4&10.03487558058946|73205&4&10.03487558058946|73206&4&10.03487558058946|73207&4&10.03487558058946|73208&4&10.03487558058946|73209&4&216.9247109558837|73210&4&12.637671434304849|73211&4&12.637671434304849|73212&4&12.637671434304849|73213&4&12.637671434304849|73214&4&12.637671434304849|73215&4&12.637671434304849|73216&4&12.637671434304849|73217&4&12.637671434304849|73218&4&12.637671434304849|73219&4&15.278944764074545|73220&4&15.278944764074545|73221&4&15.278944764074545|73222&4&15.278944764074545|73223&4&15.278944764074545|73224&4&213.46240498563338|73225&4&15.278944764074545|73226&4&15.278944764074545|73227&4&15.278944764074545|73228&4&15.278944764074545|73229&4&17.959126324772647|73230&4&17.959126324772647|73231&4&17.959126324772647|73232&4&17.959126324772647|73233&4&164.4523188253921|73234&4&17.959126324772647|73235&4&26.5571220149512|73236&4&228.7080865369361|73237&4&17.959126324772647|73238&4&17.959126324772647|73239&4&20.678651168238204|73240&4&65.93569317764567|73241&4&20.678651168238204|73242&4&20.678651168238204|73243&4&35.82222974368632|73244&4&20.678651168238204|73245&4&20.678651168238204|73246&4&20.678651168238204|73247&4&20.678651168238204|73248&4&209.8157823896492|73249&4&95.97405149526591|73250&4&91.64140449842897|73251&4&48.150259303356236|73252&4&66.01510101755701|73253&4&109.06382716107885|73254&4&345.2990808039503|73255&4&132.73264884294048|73256&4&74.78288678457561|73257&4&261.4182674918882|73258&4&315.6975462103841|73259&4&-2.6645352591003757E-15|73260&4&-2.6645352591003757E-15|73261&4&-2.6645352591003757E-15|73262&4&-2.6645352591003757E-15|73263&4&-2.6645352591003757E-15|73264&4&-2.6645352591003757E-15|73265&4&-2.6645352591003757E-15|73266&4&204.44321054512514|73267&4&-2.6645352591003757E-15|73268&4&-2.6645352591003757E-15|73269&4&2.4531089468041527|73270&4&2.4531089468041527|73271&4&2.4531089468041527|73272&4&2.4531089468041527|73273&4&2.4531089468041527|73274&4&230.83213239505685|73275&4&2.4531089468041527|73276&4&175.0541687023088|73277&4&107.09988841510095|73278&4&233.19859291036258|73279&4&4.943014527810375|73280&4&4.943014527810375|73281&4&4.943014527810375|73282&4&4.943014527810375|73283&4&4.943014527810375|73284&4&4.943014527810375|73285&4&4.943014527810375|73286&4&4.943014527810375|73287&4&4.943014527810375|73288&4&4.943014527810375|73289&4&0.9288718187362893|73290&4&0.9288718187362893|73291&4&1.247784476502416|73292&4&1.247784476502416|73293&4&1.5714285750952315|73294&4&1.5714285750952315|73295&4&1.8998571472901307|73296&4&1.8998571472901307|73297&4&2.233123755210608|73298&4&2.233123755210608|73299&4&2.5712824952853595|73300&4&2.5712824952853595|73301&4&41.141868118775605|73302&4&4.846586587513713|73303&4&8.881784197001252E-16|73304&4&8.881784197001252E-16|73305&4&0.3050313118891315|73306&4&0.3050313118891315,2|73189&4&4.943014527810375|73190&4&160.51082525162488|73191&4&4.943014527810375|73192&4&4.943014527810375|73193&4&4.943014527810375|73194&4&4.943014527810375|73195&4&4.943014527810375|73196&4&4.943014527810375|73197&4&4.943014527810375|73198&4&4.943014527810375|73199&4&7.4701307051534505|73200&4&7.4701307051534505|73201&4&7.4701307051534505|73202&4&179.703880246486|73203&4&7.4701307051534505|73204&4&7.4701307051534505|73205&4&7.4701307051534505|73206&4&120.16853551530235|73207&4&7.4701307051534505|73208&4&7.4701307051534505|73209&4&10.03487558058946|73210&4&10.03487558058946|73211&4&213.50145925488025|73212&4&10.03487558058946|73213&4&10.03487558058946|73214&4&10.03487558058946|73215&4&10.03487558058946|73216&4&74.48940051962579|73217&4&10.03487558058946|73218&4&10.03487558058946|73219&4&12.637671434304849|73220&4&153.57015985466447|73221&4&12.637671434304849|73222&4&12.637671434304849|73223&4&12.637671434304849|73224&4&12.637671434304849|73225&4&12.637671434304849|73226&4&12.637671434304849|73227&4&12.637671434304849|73228&4&12.637671434304849|73229&4&15.278944764074545|73230&4&15.278944764074545|73231&4&15.278944764074545|73232&4&15.278944764074545|73233&4&15.278944764074545|73234&4&59.244642618974034|73235&4&15.278944764074545|73236&4&15.278944764074545|73237&4&15.278944764074545|73238&4&15.278944764074545|73239&4&17.959126324772647|73240&4&17.959126324772647|73241&4&17.959126324772647|73242&4&145.70950488527575|73243&4&17.959126324772647|73244&4&17.959126324772647|73245&4&17.959126324772647|73246&4&17.959126324772647|73247&4&17.959126324772647|73248&4&17.959126324772647|73249&4&20.678651168238204|73250&4&20.678651168238204|73251&4&20.678651168238204|73252&4&20.678651168238204|73253&4&20.678651168238204|73254&4&20.678651168238204|73255&4&20.678651168238204|73256&4&20.678651168238204|73257&4&20.678651168238204|73258&4&20.678651168238204|73259&4&78.86051361207187|73260&4&105.44243609003792|73261&4&134.53953160679234|73262&4&151.29683290432286|73263&4&92.09121035456045|73264&4&86.85296327946776|73265&4&95.3782399236431|73266&4&87.93439631254914|73267&4&287.6737897884493|73268&4&79.04300426909325|73269&4&-2.6645352591003757E-15|73270&4&95.00580618571728|73271&4&-2.6645352591003757E-15|73272&4&-2.6645352591003757E-15|73273&4&-2.6645352591003757E-15|73274&4&-2.6645352591003757E-15|73275&4&126.7809487916364|73276&4&-2.6645352591003757E-15|73277&4&-2.6645352591003757E-15|73278&4&-2.6645352591003757E-15|73279&4&2.4531089468041527|73280&4&2.4531089468041527|73281&4&2.4531089468041527|73282&4&50.10565928958114|73283&4&2.4531089468041527|73284&4&2.4531089468041527|73285&4&222.43887359336887|73286&4&2.4531089468041527|73287&4&2.4531089468041527|73288&4&2.4531089468041527|73289&4&0.6146380934566003|73290&4&0.6146380934566003|73291&4&0.9288718187362893|73292&4&0.9288718187362893|73293&4&1.247784476502416|73294&4&1.247784476502416|73295&4&1.5714285750952315|73296&4&1.5714285750952315|73297&4&1.8998571472901307|73298&4&1.8998571472901307|73299&4&2.233123755210608|73300&4&2.233123755210608|73301&4&2.5712824952853595|73302&4&2.5712824952853595|73303&4&13.64491008608573|73304&4&2.9143880032499982|73305&4&8.881784197001252E-16|73306&4&8.881784197001252E-16,2|73189&4&2.4531089468041527|73190&4&2.4531089468041527|73191&4&173.15569021559173|73192&4&2.4531089468041527|73193&4&34.92456200841724|73194&4&26.690676688105665|73195&4&2.4531089468041527|73196&4&2.4531089468041527|73197&4&34.846311276405636|73198&4&2.4531089468041527|73199&4&4.943014527810375|73200&4&4.943014527810375|73201&4&4.943014527810375|73202&4&4.943014527810375|73203&4&4.943014527810375|73204&4&155.17619966291943|73205&4&4.943014527810375|73206&4&4.943014527810375|73207&4&69.94982727079197|73208&4&4.943014527810375|73209&4&7.4701307051534505|73210&4&7.4701307051534505|73211&4&7.4701307051534505|73212&4&7.4701307051534505|73213&4&7.4701307051534505|73214&4&7.4701307051534505|73215&4&215.58015202676413|73216&4&7.4701307051534505|73217&4&7.4701307051534505|73218&4&7.4701307051534505|73219&4&10.03487558058946|73220&4&10.03487558058946|73221&4&193.43850843839937|73222&4&10.03487558058946|73223&4&10.03487558058946|73224&4&10.03487558058946|73225&4&46.92009820059626|73226&4&10.03487558058946|73227&4&10.03487558058946|73228&4&10.03487558058946|73229&4&205.10826491404472|73230&4&12.637671434304849|73231&4&156.17514840733568|73232&4&12.637671434304849|73233&4&12.637671434304849|73234&4&12.637671434304849|73235&4&216.16216655704733|73236&4&12.637671434304849|73237&4&29.445265047630656|73238&4&12.637671434304849|73239&4&15.278944764074545|73240&4&15.278944764074545|73241&4&15.278944764074545|73242&4&15.278944764074545|73243&4&15.278944764074545|73244&4&15.278944764074545|73245&4&15.278944764074545|73246&4&15.278944764074545|73247&4&210.25960392335307|73248&4&15.278944764074545|73249&4&239.76464198367884|73250&4&17.959126324772647|73251&4&185.05346426654475|73252&4&17.959126324772647|73253&4&17.959126324772647|73254&4&17.959126324772647|73255&4&17.959126324772647|73256&4&17.959126324772647|73257&4&17.959126324772647|73258&4&17.959126324772647|73259&4&20.678651168238204|73260&4&20.678651168238204|73261&4&166.9783059554228|73262&4&20.678651168238204|73263&4&20.678651168238204|73264&4&20.678651168238204|73265&4&20.678651168238204|73266&4&20.678651168238204|73267&4&20.678651168238204|73268&4&20.678651168238204|73269&4&283.6829220421687|73270&4&171.24101422148956|73271&4&321.6957187102669|73272&4&84.54619908289087|73273&4&78.346707382282|73274&4&95.97188291789084|73275&4&48.154916564706184|73276&4&79.00914943258383|73277&4&119.48181486901093|73278&4&48.15421069848111|73279&4&-2.6645352591003757E-15|73280&4&-2.6645352591003757E-15|73281&4&190.36360776587887|73282&4&-2.6645352591003757E-15|73283&4&-2.6645352591003757E-15|73284&4&-2.6645352591003757E-15|73285&4&-2.6645352591003757E-15|73286&4&248.6057998770528|73287&4&178.63363439618698|73288&4&164.4911200229214|73289&4&0.3050313118891315|73290&4&0.3050313118891315|73291&4&0.6146380934566003|73292&4&0.6146380934566003|73293&4&13.233504567198498|73294&4&0.9288718187362893|73295&4&1.247784476502416|73296&4&1.247784476502416|73297&4&1.5714285750952315|73298&4&1.5714285750952315|73299&4&1.8998571472901307|73300&4&1.8998571472901307|73301&4&2.233123755210608|73302&4&2.233123755210608|73303&4&2.5712824952853595|73304&4&8.49112628907828|73305&4&13.767771097301246|73306&4&24.601919806305453,2|73189&4&-2.6645352591003757E-15|73190&4&-2.6645352591003757E-15|73191&4&29.449291600240525|73192&4&44.989992901039045|73193&4&-2.6645352591003757E-15|73194&4&-2.6645352591003757E-15|73195&4&-2.6645352591003757E-15|73196&4&57.482107889338664|73197&4&-2.6645352591003757E-15|73198&4&-2.6645352591003757E-15|73199&4&2.4531089468041527|73200&4&2.4531089468041527|73201&4&2.4531089468041527|73202&4&2.4531089468041527|73203&4&2.4531089468041527|73204&4&2.4531089468041527|73205&4&2.4531089468041527|73206&4&2.4531089468041527|73207&4&39.32969004803542|73208&4&2.4531089468041527|73209&4&4.943014527810375|73210&4&27.411905082095295|73211&4&4.943014527810375|73212&4&4.943014527810375|73213&4&4.943014527810375|73214&4&4.943014527810375|73215&4&4.943014527810375|73216&4&4.943014527810375|73217&4&4.943014527810375|73218&4&4.943014527810375|73219&4&7.4701307051534505|73220&4&7.4701307051534505|73221&4&7.4701307051534505|73222&4&7.4701307051534505|73223&4&7.4701307051534505|73224&4&7.4701307051534505|73225&4&7.4701307051534505|73226&4&7.4701307051534505|73227&4&59.182220706970384|73228&4&7.4701307051534505|73229&4&10.03487558058946|73230&4&10.03487558058946|73231&4&10.03487558058946|73232&4&10.03487558058946|73233&4&10.03487558058946|73234&4&10.03487558058946|73235&4&10.03487558058946|73236&4&10.03487558058946|73237&4&10.03487558058946|73238&4&10.03487558058946|73239&4&12.637671434304849|73240&4&12.637671434304849|73241&4&12.637671434304849|73242&4&19.35462396671551|73243&4&12.637671434304849|73244&4&12.637671434304849|73245&4&12.637671434304849|73246&4&12.637671434304849|73247&4&12.637671434304849|73248&4&12.637671434304849|73249&4&15.278944764074545|73250&4&15.278944764074545|73251&4&15.278944764074545|73252&4&15.278944764074545|73253&4&15.278944764074545|73254&4&15.278944764074545|73255&4&15.278944764074545|73256&4&15.278944764074545|73257&4&15.278944764074545|73258&4&15.278944764074545|73259&4&17.959126324772647|73260&4&17.959126324772647|73261&4&17.959126324772647|73262&4&17.959126324772647|73263&4&17.959126324772647|73264&4&17.959126324772647|73265&4&17.959126324772647|73266&4&17.959126324772647|73267&4&17.959126324772647|73268&4&17.959126324772647|73269&4&20.678651168238204|73270&4&20.678651168238204|73271&4&20.678651168238204|73272&4&20.678651168238204|73273&4&20.678651168238204|73274&4&20.678651168238204|73275&4&20.678651168238204|73276&4&50.60616754191399|73277&4&57.31810206231323|73278&4&97.47766237774653|73279&4&142.13634450549887|73280&4&131.3033911537139|73281&4&126.27522699305275|73282&4&113.01832727166962|73283&4&97.82678826394574|73284&4&139.90981375036588|73285&4&108.02155256618491|73286&4&23.437958683500014|73287&4&82.31357406469105|73288&4&97.82410863247249|73289&4&8.881784197001252E-16|73290&4&8.881784197001252E-16|73291&4&0.3050313118891315|73292&4&0.3050313118891315|73293&4&0.6146380934566003|73294&4&0.6146380934566003|73295&4&0.9288718187362893|73296&4&0.9288718187362893|73297&4&1.247784476502416|73298&4&1.247784476502416|73299&4&1.5714285750952315|73300&4&1.5714285750952315|73301&4&1.8998571472901307|73302&4&1.8998571472901307|73303&4&2.233123755210608|73304&4&2.233123755210608|73305&4&2.5712824952853595|73306&4&2.5712824952853595
12|4,130,1,1,1,1,1,1,1,1,1,1,1,1,1,1,1,1,1,1,1,1,1,1,1,1,1,1,1,1,1,1,1,1,1,1,1,1,1,1,1,1,1,1,1,1,1,1,1,1,1,1,1,1,1,1,1,1,1,1,1,1,1,1,1,1,1,1,1,1,1,1,1,1,1,1,1,1,1,1,1,1,1,1,1,1,1,1,1,1,1,1,1,1,1,1,1,1,1,1,1,1,0,0,0,0,0,0,0,0,0,0,0,0,0,0,0,0,0,0,0,0,2|73189&4&71.05253466808836|73190&4&79.75612318197865|73191&4&79.19942801611042|73192&4&85.7147651129456|73193&4&88.6521949173546|73194&4&87.2672962127248|73195&4&87.01355820909774|73196&4&316.5157272360027|73197&4&358.3961584983809|73198&4&82.97897191398118|73207&4&230.09934241541546|73209&4&-7.105427357601002E-15|73210&4&89.75441788335561|73211&4&100.81249686717375|73212&4&-7.105427357601002E-15|73213&4&110.53762757244806|73214&4&-7.105427357601002E-15|73215&4&-7.105427357601002E-15|73216&4&-7.105427357601002E-15|73217&4&-7.105427357601002E-15|73218&4&-7.105427357601002E-15|73219&4&163.74425736865675|73220&4&76.98675961064865|73221&4&2.471507263905184|73222&4&213.23562255911682|73223&4&2.471507263905184|73224&4&2.471507263905184|73225&4&97.78831766214986|73226&4&2.471507263905184|73227&4&2.471507263905184|73228&4&2.471507263905184|73229&4&4.9800871367689705|73230&4&248.19871954345442|73231&4&4.9800871367689705|73232&4&4.9800871367689705|73233&4&4.9800871367689705|73234&4&131.01022062768723|73235&4&4.9800871367689705|73236&4&4.9800871367689705|73237&4&4.9800871367689705|73238&4&4.9800871367689705|73239&4&7.526156685442096|73240&4&7.526156685442096|73241&4&56.206100124978754|73242&4&7.526156685442096|73243&4&53.27038838555054|73244&4&7.526156685442096|73245&4&7.526156685442096|73246&4&7.526156685442096|73247&4&7.526156685442096|73248&4&7.526156685442096|73249&4&10.11013714744388|73250&4&10.11013714744388|73251&4&10.11013714744388|73252&4&10.11013714744388|73253&4&10.11013714744388|73254&4&10.11013714744388|73255&4&253.14115269060972|73256&4&62.473805994618516|73257&4&10.11013714744388|73258&4&10.11013714744388|73259&4&98.25149105297078|73260&4&12.732453970062117|73261&4&12.732453970062117|73262&4&240.01881567788627|73263&4&12.732453970062117|73264&4&12.732453970062117|73265&4&12.732453970062117|73266&4&12.732453970062117|73267&4&12.732453970062117|73268&4&178.59837534814943|73269&4&15.393536849805127|73270&4&15.393536849805127|73271&4&15.393536849805127|73272&4&15.393536849805127|73273&4&15.393536849805127|73274&4&15.393536849805127|73275&4&47.534284815870265|73276&4&15.393536849805127|73277&4&15.393536849805127|73278&4&15.393536849805127|73279&4&188.22793388961077|73280&4&184.0442205622585|73281&4&18.093819772208427|73282&4&18.093819772208427|73283&4&18.093819772208427|73284&4&105.66128237187917|73285&4&18.093819772208427|73286&4&18.093819772208427|73287&4&18.093819772208427|73288&4&18.093819772208427|73289&4&14.42895577582242|73290&4&11.373495884640796|73293&4&-7.771561172376096E-16|73294&4&-7.771561172376096E-16|73295&4&0.30731904672829946|73296&4&0.30731904672829946|73297&4&0.6192478791575262|73298&4&0.6192478791575262|73299&4&0.9358383573768122|73300&4&0.9358383573768122|73301&4&1.2571428600761856|73302&4&1.2571428600761856|73303&4&1.583214289408442|73304&4&1.583214289408442|73305&4&1.9141060758948063|73306&4&1.9141060758948063,2|73189&4&21.442735224788503|73190&4&18.093819772208427|73191&4&18.093819772208427|73192&4&18.093819772208427|73193&4&18.093819772208427|73194&4&18.093819772208427|73195&4&18.093819772208427|73196&4&18.093819772208427|73197&4&32.52582308126124|73198&4&18.093819772208427|73199&4&88.17475663008236|73200&4&153.823723609541|73201&4&71.46056032084505|73202&4&96.08686903805474|73203&4&166.8981008205623|73204&4&100.49172795696147|73205&4&102.81905817391875|73206&4&126.16740252641932|73207&4&43.07891650407458|73208&4&328.4665401653533|73214&4&291.45975230184064|73218&4&83.37837318984805|73219&4&-7.105427357601002E-15|73220&4&-7.105427357601002E-15|73221&4&-7.105427357601002E-15|73222&4&-7.105427357601002E-15|73223&4&-7.105427357601002E-15|73224&4&-7.105427357601002E-15|73225&4&-7.105427357601002E-15|73226&4&174.26107828501642|73227&4&100.87818520596969|73228&4&-7.105427357601002E-15|73229&4&31.202075850338563|73230&4&2.471507263905184|73231&4&2.471507263905184|73232&4&2.471507263905184|73233&4&74.04630101901296|73234&4&45.47068577481137|73235&4&2.471507263905184|73236&4&2.471507263905184|73237&4&2.471507263905184|73238&4&2.471507263905184|73239&4&16.230094675018172|73240&4&4.9800871367689705|73241&4&4.9800871367689705|73242&4&4.9800871367689705|73243&4&4.9800871367689705|73244&4&232.48586546369074|73245&4&4.9800871367689705|73246&4&4.9800871367689705|73247&4&4.9800871367689705|73248&4&4.9800871367689705|73249&4&7.526156685442096|73250&4&245.2899209417762|73251&4&7.526156685442096|73252&4&326.35785972885765|73253&4&176.36430885454558|73254&4&7.526156685442096|73255&4&7.526156685442096|73256&4&7.526156685442096|73257&4&7.526156685442096|73258&4&31.61721158518106|73259&4&10.11013714744388|73260&4&195.50215607852348|73261&4&10.11013714744388|73262&4&10.11013714744388|73263&4&87.09088222050738|73264&4&10.11013714744388|73265&4&93.11014179313295|73266&4&10.11013714744388|73267&4&10.11013714744388|73268&4&10.11013714744388|73269&4&12.732453970062117|73270&4&12.732453970062117|73271&4&61.239114058206766|73272&4&12.732453970062117|73273&4&12.732453970062117|73274&4&12.732453970062117|73275&4&18.80210231971491|73276&4&12.732453970062117|73277&4&12.732453970062117|73278&4&36.45632078626373|73279&4&15.393536849805127|73280&4&15.393536849805127|73281&4&15.393536849805127|73282&4&111.3946684932648|73283&4&15.393536849805127|73284&4&15.393536849805127|73285&4&15.393536849805127|73286&4&41.22063431380923|73287&4&15.393536849805127|73288&4&15.393536849805127|73289&4&2.2498721833746895|73290&4&2.2498721833746895|73291&4&13.44571497738454|73292&4&12.993971259181505|73295&4&-7.771561172376096E-16|73296&4&-7.771561172376096E-16|73297&4&0.30731904672829946|73298&4&0.30731904672829946|73299&4&0.6192478791575262|73300&4&0.6192478791575262|73301&4&0.9358383573768122|73302&4&5.181516098571349|73303&4&12.9689382762093|73304&4&1.2571428600761856|73305&4&1.583214289408442|73306&4&1.583214289408442,2|73189&4&15.393536849805127|73190&4&15.393536849805127|73191&4&15.393536849805127|73192&4&114.89868940102762|73193&4&192.28491845145504|73194&4&15.393536849805127|73195&4&15.393536849805127|73196&4&15.393536849805127|73197&4&15.393536849805127|73198&4&15.393536849805127|73199&4&18.093819772208427|73200&4&18.093819772208427|73201&4&18.093819772208427|73202&4&18.093819772208427|73203&4&18.093819772208427|73204&4&18.093819772208427|73205&4&18.093819772208427|73206&4&18.093819772208427|73207&4&18.093819772208427|73208&4&18.093819772208427|73209&4&91.44118513444425|73210&4&146.06737201353792|73211&4&20.833741052000015|73212&4&64.29134513185132|73213&4&434.5382042304215|73214&4&79.64567301829247|73215&4&152.28467685433088|73216&4&163.2118120061275|73217&4&344.7586998865373|73218&4&273.15994619102526|73223&4&181.6384299279378|73229&4&-7.105427357601002E-15|73230&4&-7.105427357601002E-15|73231&4&-7.105427357601002E-15|73232&4&-7.105427357601002E-15|73233&4&-7.105427357601002E-15|73234&4&-7.105427357601002E-15|73235&4&-7.105427357601002E-15|73236&4&-7.105427357601002E-15|73237&4&-7.105427357601002E-15|73238&4&-7.105427357601002E-15|73239&4&2.471507263905184|73240&4&2.471507263905184|73241&4&51.85947024901061|73242&4&2.471507263905184|73243&4&2.471507263905184|73244&4&2.471507263905184|73245&4&142.10228166685582|73246&4&2.471507263905184|73247&4&2.471507263905184|73248&4&2.471507263905184|73249&4&4.9800871367689705|73250&4&4.9800871367689705|73251&4&4.9800871367689705|73252&4&4.9800871367689705|73253&4&4.9800871367689705|73254&4&4.9800871367689705|73255&4&4.9800871367689705|73256&4&193.77621008506293|73257&4&4.9800871367689705|73258&4&4.9800871367689705|73259&4&7.526156685442096|73260&4&7.526156685442096|73261&4&7.526156685442096|73262&4&7.526156685442096|73263&4&7.526156685442096|73264&4&7.526156685442096|73265&4&185.50019116564053|73266&4&7.526156685442096|73267&4&7.526156685442096|73268&4&7.526156685442096|73269&4&10.11013714744388|73270&4&10.11013714744388|73271&4&10.11013714744388|73272&4&10.11013714744388|73273&4&142.26824112848414|73274&4&10.11013714744388|73275&4&77.96700962299361|73276&4&10.11013714744388|73277&4&10.11013714744388|73278&4&10.11013714744388|73279&4&12.732453970062117|73280&4&12.732453970062117|73281&4&12.732453970062117|73282&4&12.732453970062117|73283&4&12.732453970062117|73284&4&12.732453970062117|73285&4&12.732453970062117|73286&4&12.732453970062117|73287&4&12.732453970062117|73288&4&12.732453970062117|73289&4&1.9141060758948063|73290&4&1.9141060758948063|73291&4&2.2498721833746895|73292&4&2.2498721833746895|73293&4&12.406442881158789|73294&4&12.39276062100685|73297&4&-7.771561172376096E-16|73298&4&-7.771561172376096E-16|73299&4&0.30731904672829946|73300&4&0.30731904672829946|73301&4&0.6192478791575262|73302&4&3.2035715995263425|73303&4&0.9358383573768122|73304&4&0.9358383573768122|73305&4&1.2571428600761856|73306&4&1.2571428600761856,2|73189&4&12.732453970062117|73190&4&12.732453970062117|73191&4&12.732453970062117|73192&4&12.732453970062117|73193&4&12.732453970062117|73194&4&12.732453970062117|73195&4&158.1515855473293|73196&4&12.732453970062117|73197&4&12.732453970062117|73198&4&12.732453970062117|73199&4&70.46890567753081|73200&4&310.88041814045545|73201&4&15.393536849805127|73202&4&15.393536849805127|73203&4&212.0385028876011|73204&4&15.393536849805127|73205&4&15.393536849805127|73206&4&15.393536849805127|73207&4&15.393536849805127|73208&4&15.393536849805127|73209&4&18.093819772208427|73210&4&18.093819772208427|73211&4&18.093819772208427|73212&4&350.91068782986747|73213&4&18.093819772208427|73214&4&18.093819772208427|73215&4&18.093819772208427|73216&4&18.093819772208427|73217&4&94.69862795417353|73218&4&18.093819772208427|73219&4&20.833741052000015|73220&4&94.71308107339514|73221&4&118.04106496526593|73222&4&66.50756328192317|73223&4&76.62309372336702|73224&4&91.56868818606677|73225&4&76.65977851831838|73226&4&79.6237770483288|73227&4&100.51278550571982|73228&4&81.0045625742968|73231&4&89.59596855703737|73237&4&101.89126479296485|73239&4&-7.105427357601002E-15|73240&4&-7.105427357601002E-15|73241&4&18.052543429687443|73242&4&-7.105427357601002E-15|73243&4&174.89039617387073|73244&4&-7.105427357601002E-15|73245&4&-7.105427357601002E-15|73246&4&-7.105427357601002E-15|73247&4&-7.105427357601002E-15|73248&4&-7.105427357601002E-15|73249&4&2.471507263905184|73250&4&2.471507263905184|73251&4&105.32774820268261|73252&4&2.471507263905184|73253&4&2.471507263905184|73254&4&69.87274767287855|73255&4&2.471507263905184|73256&4&2.471507263905184|73257&4&2.471507263905184|73258&4&2.471507263905184|73259&4&191.6839262031105|73260&4&4.9800871367689705|73261&4&4.9800871367689705|73262&4&4.9800871367689705|73263&4&234.95744316550207|73264&4&4.9800871367689705|73265&4&4.9800871367689705|73266&4&4.9800871367689705|73267&4&4.9800871367689705|73268&4&4.9800871367689705|73269&4&7.526156685442096|73270&4&7.526156685442096|73271&4&41.381444588969444|73272&4&48.111993978482865|73273&4&49.89427004866685|73274&4&7.526156685442096|73275&4&7.526156685442096|73276&4&7.526156685442096|73277&4&7.526156685442096|73278&4&7.526156685442096|73279&4&10.11013714744388|73280&4&10.11013714744388|73281&4&10.11013714744388|73282&4&10.11013714744388|73283&4&10.11013714744388|73284&4&10.11013714744388|73285&4&10.11013714744388|73286&4&10.11013714744388|73287&4&10.11013714744388|73288&4&10.11013714744388|73289&4&1.583214289408442|73290&4&1.583214289408442|73291&4&1.9141060758948063|73292&4&1.9141060758948063|73293&4&2.2498721833746895|73294&4&12.214933648156753|73295&4&10.3282661622342|73296&4&10.595235025787291|73299&4&-7.771561172376096E-16|73300&4&-7.771561172376096E-16|73301&4&0.30731904672829946|73302&4&0.30731904672829946|73303&4&0.6192478791575262|73304&4&0.6192478791575262|73305&4&0.9358383573768122|73306&4&0.9358383573768122,2|73189&4&10.11013714744388|73190&4&10.11013714744388|73191&4&10.11013714744388|73192&4&147.98775256586464|73193&4&49.88315673366642|73194&4&10.11013714744388|73195&4&50.91918307172237|73196&4&10.11013714744388|73197&4&10.11013714744388|73198&4&66.68623667672938|73199&4&12.732453970062117|73200&4&12.732453970062117|73201&4&12.732453970062117|73202&4&12.732453970062117|73203&4&12.732453970062117|73204&4&12.732453970062117|73205&4&241.9661197303481|73206&4&12.732453970062117|73207&4&12.732453970062117|73208&4&12.732453970062117|73209&4&15.393536849805127|73210&4&73.27396480724772|73211&4&15.393536849805127|73212&4&15.393536849805127|73213&4&15.393536849805127|73214&4&15.393536849805127|73215&4&15.393536849805127|73216&4&15.393536849805127|73217&4&15.393536849805127|73218&4&15.393536849805127|73219&4&93.57334493246634|73220&4&18.093819772208427|73221&4&18.093819772208427|73222&4&39.46452811503013|73223&4&61.89994145164656|73224&4&18.093819772208427|73225&4&64.74395350795587|73226&4&50.77048251260421|73227&4&18.093819772208427|73228&4&18.093819772208427|73229&4&79.6589177320072|73230&4&113.41197815833453|73231&4&95.31876232890949|73232&4&243.03206511382135|73233&4&76.4930056617169|73234&4&73.99157044452868|73235&4&98.03643160203342|73236&4&80.20930085689041|73237&4&76.8721350477683|73238&4&281.96415184858915|73242&4&43.43816156384594|73249&4&36.584134005525826|73250&4&-7.105427357601002E-15|73251&4&-7.105427357601002E-15|73252&4&-7.105427357601002E-15|73253&4&-7.105427357601002E-15|73254&4&82.52833461862645|73255&4&-7.105427357601002E-15|73256&4&-7.105427357601002E-15|73257&4&-7.105427357601002E-15|73258&4&-7.105427357601002E-15|73259&4&111.48247685297535|73260&4&2.471507263905184|73261&4&2.471507263905184|73262&4&2.471507263905184|73263&4&2.471507263905184|73264&4&2.471507263905184|73265&4&2.471507263905184|73266&4&2.471507263905184|73267&4&2.471507263905184|73268&4&156.69300565742006|73269&4&4.9800871367689705|73270&4&58.22480693209708|73271&4&4.9800871367689705|73272&4&4.9800871367689705|73273&4&4.9800871367689705|73274&4&22.79192540584431|73275&4&4.9800871367689705|73276&4&4.9800871367689705|73277&4&4.9800871367689705|73278&4&4.9800871367689705|73279&4&7.526156685442096|73280&4&7.526156685442096|73281&4&7.526156685442096|73282&4&7.526156685442096|73283&4&239.86994364570478|73284&4&7.526156685442096|73285&4&7.526156685442096|73286&4&7.526156685442096|73287&4&7.526156685442096|73288&4&7.526156685442096|73289&4&1.2571428600761856|73290&4&1.2571428600761856|73291&4&1.583214289408442|73292&4&1.583214289408442|73293&4&1.9141060758948063|73294&4&1.9141060758948063|73295&4&2.2498721833746895|73296&4&2.2498721833746895|73297&4&12.449763535698324|73298&4&11.455049488832248|73301&4&-7.771561172376096E-16|73302&4&-7.771561172376096E-16|73303&4&0.30731904672829946|73304&4&0.30731904672829946|73305&4&0.6192478791575262|73306&4&0.6192478791575262,2|73189&4&234.62260885031682|73190&4&7.526156685442096|73191&4&7.526156685442096|73192&4&7.526156685442096|73193&4&7.526156685442096|73194&4&7.526156685442096|73195&4&7.526156685442096|73196&4&7.526156685442096|73197&4&7.526156685442096|73198&4&264.7283045172313|73199&4&125.46757723420268|73200&4&10.11013714744388|73201&4&202.2552812190317|73202&4&10.11013714744388|73203&4&10.11013714744388|73204&4&10.11013714744388|73205&4&10.11013714744388|73206&4&10.11013714744388|73207&4&10.11013714744388|73208&4&10.11013714744388|73209&4&12.732453970062117|73210&4&12.732453970062117|73211&4&12.732453970062117|73212&4&12.732453970062117|73213&4&12.732453970062117|73214&4&12.732453970062117|73215&4&12.732453970062117|73216&4&12.732453970062117|73217&4&12.732453970062117|73218&4&12.732453970062117|73219&4&15.393536849805127|73220&4&15.393536849805127|73221&4&15.393536849805127|73222&4&15.393536849805127|73223&4&103.71718402619756|73224&4&15.393536849805127|73225&4&15.393536849805127|73226&4&15.393536849805127|73227&4&15.393536849805127|73228&4&176.7652088382544|73229&4&18.093819772208427|73230&4&18.093819772208427|73231&4&18.093819772208427|73232&4&18.093819772208427|73233&4&18.093819772208427|73234&4&18.093819772208427|73235&4&18.093819772208427|73236&4&18.093819772208427|73237&4&29.15606108025691|73238&4&18.093819772208427|73239&4&335.4718070586009|73240&4&202.94026746497275|73241&4&43.078367865483|73242&4&73.93752786992263|73243&4&97.06739146950676|73244&4&90.54216430706144|73245&4&92.6402660706604|73246&4&286.85736431033695|73247&4&95.38581204055177|73248&4&113.3374740622395|73249&4&58.85039676671818|73251&4&56.82659961390641|73256&4&74.57900053373771|73259&4&-7.105427357601002E-15|73260&4&-7.105427357601002E-15|73261&4&-7.105427357601002E-15|73262&4&-7.105427357601002E-15|73263&4&-7.105427357601002E-15|73264&4&269.6644165594018|73265&4&100.3365870115814|73266&4&-7.105427357601002E-15|73267&4&-7.105427357601002E-15|73268&4&-7.105427357601002E-15|73269&4&2.471507263905184|73270&4&2.471507263905184|73271&4&2.471507263905184|73272&4&258.5714355950968|73273&4&2.471507263905184|73274&4&2.471507263905184|73275&4&2.471507263905184|73276&4&2.471507263905184|73277&4&2.471507263905184|73278&4&2.471507263905184|73279&4&4.9800871367689705|73280&4&4.9800871367689705|73281&4&4.9800871367689705|73282&4&4.9800871367689705|73283&4&4.9800871367689705|73284&4&4.9800871367689705|73285&4&4.9800871367689705|73286&4&85.88126881123208|73287&4&4.9800871367689705|73288&4&4.9800871367689705|73289&4&0.9358383573768122|73290&4&0.9358383573768122|73291&4&1.2571428600761856|73292&4&1.2571428600761856|73293&4&1.583214289408442|73294&4&1.583214289408442|73295&4&1.9141060758948063|73296&4&1.9141060758948063|73297&4&2.2498721833746895|73298&4&2.2498721833746895|73299&4&7.089130869233758|73300&4&22.55525198866082|73303&4&-7.771561172376096E-16|73304&4&4.344150570936346|73305&4&0.30731904672829946|73306&4&0.30731904672829946,2|73189&4&4.9800871367689705|73190&4&4.9800871367689705|73191&4&4.9800871367689705|73192&4&4.9800871367689705|73193&4&4.9800871367689705|73194&4&180.8759286453625|73195&4&4.9800871367689705|73196&4&4.9800871367689705|73197&4&4.9800871367689705|73198&4&4.9800871367689705|73199&4&7.526156685442096|73200&4&7.526156685442096|73201&4&7.526156685442096|73202&4&7.526156685442096|73203&4&7.526156685442096|73204&4&7.526156685442096|73205&4&7.526156685442096|73206&4&7.526156685442096|73207&4&7.526156685442096|73208&4&7.526156685442096|73209&4&232.95916922052436|73210&4&10.11013714744388|73211&4&10.11013714744388|73212&4&10.11013714744388|73213&4&10.11013714744388|73214&4&10.11013714744388|73215&4&10.11013714744388|73216&4&10.11013714744388|73217&4&10.11013714744388|73218&4&10.11013714744388|73219&4&12.732453970062117|73220&4&12.732453970062117|73221&4&12.732453970062117|73222&4&12.732453970062117|73223&4&12.732453970062117|73224&4&202.4176518977929|73225&4&12.732453970062117|73226&4&12.732453970062117|73227&4&12.732453970062117|73228&4&12.732453970062117|73229&4&15.393536849805127|73230&4&15.393536849805127|73231&4&15.393536849805127|73232&4&15.393536849805127|73233&4&214.75933145213327|73234&4&15.393536849805127|73235&4&23.41833282730511|73236&4&219.0030014727563|73237&4&15.393536849805127|73238&4&15.393536849805127|73239&4&18.093819772208427|73240&4&60.333725647655406|73241&4&18.093819772208427|73242&4&18.093819772208427|73243&4&32.227826442626665|73244&4&18.093819772208427|73245&4&18.093819772208427|73246&4&18.093819772208427|73247&4&18.093819772208427|73248&4&197.09094780444843|73249&4&86.70930922679668|73250&4&82.71776233181289|73251&4&43.074811609870615|73252&4&59.315617992841794|73253&4&98.67837175801643|73254&4&322.35494100707547|73255&4&120.51810864653747|73256&4&67.28608145793041|73257&4&242.65299946093137|73258&4&311.90914225461745|73266&4&239.0161873387619|73269&4&-7.105427357601002E-15|73270&4&-7.105427357601002E-15|73271&4&-7.105427357601002E-15|73272&4&-7.105427357601002E-15|73273&4&-7.105427357601002E-15|73274&4&267.6816147067081|73275&4&-7.105427357601002E-15|73276&4&163.22550891456606|73277&4&98.87447955915326|73278&4&217.75071319876622|73279&4&2.471507263905184|73280&4&2.471507263905184|73281&4&2.471507263905184|73282&4&2.471507263905184|73283&4&2.471507263905184|73284&4&2.471507263905184|73285&4&2.471507263905184|73286&4&2.471507263905184|73287&4&2.471507263905184|73288&4&2.471507263905184|73289&4&0.6192478791575262|73290&4&0.6192478791575262|73291&4&0.9358383573768122|73292&4&0.9358383573768122|73293&4&1.2571428600761856|73294&4&1.2571428600761856|73295&4&1.583214289408442|73296&4&1.583214289408442|73297&4&1.9141060758948063|73298&4&1.9141060758948063|73299&4&2.2498721833746895|73300&4&2.2498721833746895|73301&4&45.96072066982295|73302&4&4.329545839837341|73305&4&-7.771561172376096E-16|73306&4&-7.771561172376096E-16,2|73189&4&2.471507263905184|73190&4&187.3566635384614|73191&4&2.471507263905184|73192&4&2.471507263905184|73193&4&2.471507263905184|73194&4&2.471507263905184|73195&4&2.471507263905184|73196&4&2.471507263905184|73197&4&2.471507263905184|73198&4&2.471507263905184|73199&4&4.9800871367689705|73200&4&4.9800871367689705|73201&4&4.9800871367689705|73202&4&218.16080668491787|73203&4&4.9800871367689705|73204&4&4.9800871367689705|73205&4&4.9800871367689705|73206&4&163.02195710606094|73207&4&4.9800871367689705|73208&4&4.9800871367689705|73209&4&7.526156685442096|73210&4&7.526156685442096|73211&4&259.1226235424485|73212&4&7.526156685442096|73213&4&7.526156685442096|73214&4&7.526156685442096|73215&4&7.526156685442096|73216&4&121.02284523479187|73217&4&7.526156685442096|73218&4&7.526156685442096|73219&4&10.11013714744388|73220&4&200.4999700290137|73221&4&10.11013714744388|73222&4&10.11013714744388|73223&4&10.11013714744388|73224&4&10.11013714744388|73225&4&10.11013714744388|73226&4&10.11013714744388|73227&4&10.11013714744388|73228&4&10.11013714744388|73229&4&12.732453970062117|73230&4&12.732453970062117|73231&4&12.732453970062117|73232&4&12.732453970062117|73233&4&12.732453970062117|73234&4&107.28825534874848|73235&4&12.732453970062117|73236&4&12.732453970062117|73237&4&12.732453970062117|73238&4&12.732453970062117|73239&4&15.393536849805127|73240&4&15.393536849805127|73241&4&15.393536849805127|73242&4&151.1654825869503|73243&4&15.393536849805127|73244&4&15.393536849805127|73245&4&15.393536849805127|73246&4&15.393536849805127|73247&4&15.393536849805127|73248&4&15.393536849805127|73249&4&18.093819772208427|73250&4&47.01532353175704|73251&4&18.093819772208427|73252&4&18.093819772208427|73253&4&18.093819772208427|73254&4&18.093819772208427|73255&4&18.093819772208427|73256&4&18.093819772208427|73257&4&18.093819772208427|73258&4&18.093819772208427|73259&4&70.99319865281342|73260&4&95.33763505425088|73261&4&122.35358705425554|73262&4&137.7281610628802|73263&4&83.20532043598845|73264&4&78.32319765407482|73265&4&86.13411614077269|73266&4&79.3105110051045|73267&4&267.29113402003554|73268&4&71.15909288745249|73270&4&90.19562477677916|73275&4&186.82155648231793|73279&4&-7.105427357601002E-15|73280&4&-7.105427357601002E-15|73281&4&-7.105427357601002E-15|73282&4&103.72078236148016|73283&4&-7.105427357601002E-15|73284&4&-7.105427357601002E-15|73285&4&222.82357859155724|73286&4&-7.105427357601002E-15|73287&4&-7.105427357601002E-15|73288&4&-7.105427357601002E-15|73289&4&0.30731904672829946|73290&4&0.30731904672829946|73291&4&0.6192478791575262|73292&4&0.6192478791575262|73293&4&0.9358383573768122|73294&4&0.9358383573768122|73295&4&1.2571428600761856|73296&4&1.2571428600761856|73297&4&1.583214289408442|73298&4&1.583214289408442|73299&4&1.9141060758948063|73300&4&1.9141060758948063|73301&4&2.2498721833746895|73302&4&2.2498721833746895|73303&4&12.372903637749541|73304&4&2.5905671139999984,2|73189&4&-7.105427357601002E-15|73190&4&-7.105427357601002E-15|73191&4&161.00386999910663|73192&4&-7.105427357601002E-15|73193&4&30.30668952417221|73194&4&22.811828462401415|73195&4&-7.105427357601002E-15|73196&4&-7.105427357601002E-15|73197&4&30.233655507628047|73198&4&-7.105427357601002E-15|73199&4&2.471507263905184|73200&4&2.471507263905184|73201&4&2.471507263905184|73202&4&2.471507263905184|73203&4&2.471507263905184|73204&4&200.43365860330735|73205&4&2.471507263905184|73206&4&2.471507263905184|73207&4&63.144532490688|73208&4&2.471507263905184|73209&4&4.9800871367689705|73210&4&4.9800871367689705|73211&4&4.9800871367689705|73212&4&4.9800871367689705|73213&4&4.9800871367689705|73214&4&4.9800871367689705|73215&4&256.7500252811585|73216&4&4.9800871367689705|73217&4&4.9800871367689705|73218&4&4.9800871367689705|73219&4&7.526156685442096|73220&4&7.526156685442096|73221&4&233.26152518806538|73222&4&7.526156685442096|73223&4&7.526156685442096|73224&4&7.526156685442096|73225&4&41.9523644641151|73226&4&7.526156685442096|73227&4&7.526156685442096|73228&4&7.526156685442096|73229&4&241.72320689219873|73230&4&10.11013714744388|73231&4&145.0664405313326|73232&4&10.11013714744388|73233&4&10.11013714744388|73234&4&10.11013714744388|73235&4&258.5575420894275|73236&4&10.11013714744388|73237&4&25.797224519881297|73238&4&10.11013714744388|73239&4&12.732453970062117|73240&4&12.732453970062117|73241&4&12.732453970062117|73242&4&12.732453970062117|73243&4&12.732453970062117|73244&4&12.732453970062117|73245&4&12.732453970062117|73246&4&12.732453970062117|73247&4&198.8715127592017|73248&4&12.732453970062117|73249&4&273.9863269204518|73250&4&15.393536849805127|73251&4&237.21217837344503|73252&4&15.393536849805127|73253&4&15.393536849805127|73254&4&15.393536849805127|73255&4&15.393536849805127|73256&4&15.393536849805127|73257&4&15.393536849805127|73258&4&15.393536849805127|73259&4&18.093819772208427|73260&4&18.093819772208427|73261&4&206.0548079208363|73262&4&18.093819772208427|73263&4&18.093819772208427|73264&4&18.093819772208427|73265&4&18.093819772208427|73266&4&18.093819772208427|73267&4&18.093819772208427|73268&4&18.093819772208427|73269&4&313.68176506592727|73270&4&157.48295753885543|73271&4&301.6255678831117|73272&4&76.16197450998058|73273&4&70.52599399547299|73274&4&86.67811195158565|73275&4&43.07900314508557|73276&4&71.12828640028806|73277&4&108.24959195834951|73278&4&43.078367865483|73281&4&285.3005614397133|73286&4&293.1742911701981|73287&4&218.5510226822633|73288&4&216.53232539807874|73289&4&-7.771561172376096E-16|73290&4&-7.771561172376096E-16|73291&4&0.30731904672829946|73292&4&0.30731904672829946|73293&4&19.275644062836026|73294&4&0.6192478791575262|73295&4&0.9358383573768122|73296&4&0.9358383573768122|73297&4&1.2571428600761856|73298&4&1.2571428600761856|73299&4&1.583214289408442|73300&4&1.583214289408442|73301&4&1.9141060758948063|73302&4&1.9141060758948063|73303&4&2.2498721833746895|73304&4&14.64672222015474|73305&4&12.48613869455864|73306&4&22.493456951837466,2|73191&4&27.486005493557826|73192&4&42.62209853782647|73196&4&53.64996736338276|73199&4&-7.105427357601002E-15|73200&4&-7.105427357601002E-15|73201&4&-7.105427357601002E-15|73202&4&-7.105427357601002E-15|73203&4&-7.105427357601002E-15|73204&4&-7.105427357601002E-15|73205&4&-7.105427357601002E-15|73206&4&-7.105427357601002E-15|73207&4&33.606220162568654|73208&4&-7.105427357601002E-15|73209&4&2.471507263905184|73210&4&23.21202162170665|73211&4&2.471507263905184|73212&4&2.471507263905184|73213&4&2.471507263905184|73214&4&2.471507263905184|73215&4&2.471507263905184|73216&4&2.471507263905184|73217&4&2.471507263905184|73218&4&2.471507263905184|73219&4&4.9800871367689705|73220&4&4.9800871367689705|73221&4&4.9800871367689705|73222&4&4.9800871367689705|73223&4&4.9800871367689705|73224&4&4.9800871367689705|73225&4&4.9800871367689705|73226&4&4.9800871367689705|73227&4&68.08829933117411|73228&4&4.9800871367689705|73229&4&7.526156685442096|73230&4&7.526156685442096|73231&4&7.526156685442096|73232&4&7.526156685442096|73233&4&7.526156685442096|73234&4&7.526156685442096|73235&4&7.526156685442096|73236&4&7.526156685442096|73237&4&7.526156685442096|73238&4&7.526156685442096|73239&4&10.11013714744388|73240&4&10.11013714744388|73241&4&10.11013714744388|73242&4&16.267343635486988|73243&4&10.11013714744388|73244&4&10.11013714744388|73245&4&10.11013714744388|73246&4&10.11013714744388|73247&4&10.11013714744388|73248&4&10.11013714744388|73249&4&12.732453970062117|73250&4&12.732453970062117|73251&4&12.732453970062117|73252&4&12.732453970062117|73253&4&12.732453970062117|73254&4&12.732453970062117|73255&4&12.732453970062117|73256&4&12.732453970062117|73257&4&12.732453970062117|73258&4&12.732453970062117|73259&4&15.393536849805127|73260&4&15.393536849805127|73261&4&15.393536849805127|73262&4&15.393536849805127|73263&4&15.393536849805127|73264&4&15.393536849805127|73265&4&15.393536849805127|73266&4&15.393536849805127|73267&4&15.393536849805127|73268&4&15.393536849805127|73269&4&18.093819772208427|73270&4&18.093819772208427|73271&4&18.093819772208427|73272&4&18.093819772208427|73273&4&18.093819772208427|73274&4&18.093819772208427|73275&4&18.093819772208427|73276&4&45.5273764480779|73277&4&98.79998544802274|73278&4&124.24106518508862|73279&4&129.21886150608645|73280&4&119.06340332223209|73281&4&114.50118846297993|73282&4&102.34189194329188|73283&4&88.40642345234099|73284&4&127.2234149647918|73285&4&97.74597387841047|73286&4&20.833741052000015|73287&4&74.15747653988618|73288&4&88.40734680683585|73291&4&-7.771561172376096E-16|73292&4&-7.771561172376096E-16|73293&4&0.30731904672829946|73294&4&0.30731904672829946|73295&4&0.6192478791575262|73296&4&0.6192478791575262|73297&4&0.9358383573768122|73298&4&0.9358383573768122|73299&4&1.2571428600761856|73300&4&1.2571428600761856|73301&4&1.583214289408442|73302&4&1.583214289408442|73303&4&1.9141060758948063|73304&4&1.9141060758948063|73305&4&2.2498721833746895|73306&4&2.2498721833746895
13|4,130,1,1,1,1,1,1,1,1,1,1,1,1,1,1,1,1,1,1,1,1,1,1,1,1,1,1,1,1,1,1,1,1,1,1,1,1,1,1,1,1,1,1,1,1,1,1,1,1,1,1,1,1,1,1,1,1,1,1,1,1,1,1,1,1,1,1,1,1,1,1,1,1,1,1,1,1,1,1,1,1,1,1,1,1,1,1,1,1,1,1,1,1,1,1,1,1,1,1,1,1,0,0,0,0,0,0,0,0,0,0,0,0,0,0,0,0,0,0,0,0,2|73189&4&63.17908402042736|73190&4&71.09175500217847|73191&4&70.56239328967992|73192&4&76.50746641447107|73193&4&79.20339522619852|73194&4&77.94189752564387|73195&4&77.69100800314182|73196&4&314.96680403051784|73197&4&388.7941503437921|73198&4&74.0200812211949|73207&4&273.74589826661696|73210&4&84.1447667656459|73211&4&90.91926761639274|73213&4&103.62902584917006|73219&4&199.12777824329137|73220&4&69.85804907507199|73221&4&-7.105427357601002E-15|73222&4&253.4535567291441|73223&4&-7.105427357601002E-15|73224&4&-7.105427357601002E-15|73225&4&89.35950974835438|73226&4&-7.105427357601002E-15|73227&4&-7.105427357601002E-15|73228&4&-7.105427357601002E-15|73229&4&2.4900435683844906|73230&4&303.6615341594101|73231&4&2.4900435683844906|73232&4&2.4900435683844906|73233&4&2.4900435683844906|73234&4&120.78780179739562|73235&4&2.4900435683844906|73236&4&2.4900435683844906|73237&4&2.4900435683844906|73238&4&2.4900435683844906|73239&4&5.017437790294732|73240&4&5.017437790294732|73241&4&50.65488476486034|73242&4&5.017437790294732|73243&4&47.9026550091464|73244&4&5.017437790294732|73245&4&5.017437790294732|73246&4&5.017437790294732|73247&4&5.017437790294732|73248&4&5.017437790294732|73249&4&7.582602860582909|73250&4&7.582602860582909|73251&4&7.582602860582909|73252&4&7.582602860582909|73253&4&7.582602860582909|73254&4&7.582602860582909|73255&4&236.51974893654742|73256&4&56.82966525962508|73257&4&7.582602860582909|73258&4&7.582602860582909|73259&4&90.36006044127654|73260&4&10.18596317604969|73261&4&10.18596317604969|73262&4&224.94009933634368|73263&4&10.18596317604969|73264&4&10.18596317604969|73265&4&10.18596317604969|73266&4&10.18596317604969|73267&4&10.18596317604969|73268&4&231.94821270330414|73269&4&12.827947374837606|73270&4&12.827947374837606|73271&4&12.827947374837606|73272&4&12.827947374837606|73273&4&12.827947374837606|73274&4&12.827947374837606|73275&4&42.95989859302367|73276&4&12.827947374837606|73277&4&12.827947374837606|73278&4&12.827947374837606|73279&4&176.05923372430837|73280&4&242.60336177308983|73281&4&15.50898837617865|73282&4&15.50898837617865|73283&4&15.50898837617865|73284&4&97.96872179915587|73285&4&15.50898837617865|73286&4&15.50898837617865|73287&4&15.50898837617865|73288&4&15.50898837617865|73289&4&12.970844347615248|73290&4&10.19232256018966|73295&4&-1.3322676295501878E-15|73296&4&-1.3322676295501878E-15|73297&4&0.3096239395787631|73298&4&0.3096239395787631|73299&4&0.6238922382512084|73300&4&0.6238922382512084|73301&4&0.9428571450571397|73302&4&0.9428571450571397|73303&4&1.2665714315267533|73304&4&1.2665714315267533|73305&4&1.5950883965790048|73306&4&1.5950883965790048,2|73189&4&18.618695582145865|73190&4&15.50898837617865|73191&4&15.50898837617865|73192&4&15.50898837617865|73193&4&15.50898837617865|73194&4&15.50898837617865|73195&4&15.50898837617865|73196&4&15.50898837617865|73197&4&28.628991384408472|73198&4&15.50898837617865|73199&4&78.77709032878298|73200&4&139.02598986331245|73201&4&63.58576081067101|73202&4&85.93739243087502|73203&4&152.46688365723352|73204&4&89.94087833497623|73205&4&92.08992844391692|73206&4&115.10000382092561|73207&4&38.003012711232955|73208&4&304.0532327876425|73214&4&274.64650728591755|73218&4&78.01789104594769|73226&4&166.30812957117183|73227&4&95.01219317807463|73229&4&26.678385115973846|73230&4&-7.105427357601002E-15|73231&4&-7.105427357601002E-15|73232&4&-7.105427357601002E-15|73233&4&66.4623084868858|73234&4&39.92780861727003|73235&4&-7.105427357601002E-15|73236&4&-7.105427357601002E-15|73237&4&-7.105427357601002E-15|73238&4&-7.105427357601002E-15|73239&4&12.93647913961589|73240&4&2.4900435683844906|73241&4&2.4900435683844906|73242&4&2.4900435683844906|73243&4&2.4900435683844906|73244&4&288.481824606463|73245&4&2.4900435683844906|73246&4&2.4900435683844906|73247&4&2.4900435683844906|73248&4&2.4900435683844906|73249&4&5.017437790294732|73250&4&227.80302429951416|73251&4&5.017437790294732|73252&4&329.9470677637305|73253&4&163.73048495270723|73254&4&5.017437790294732|73255&4&5.017437790294732|73256&4&5.017437790294732|73257&4&5.017437790294732|73258&4&27.387703054338058|73259&4&7.582602860582909|73260&4&181.8840417920807|73261&4&7.582602860582909|73262&4&7.582602860582909|73263&4&79.06472328557044|73264&4&7.582602860582909|73265&4&84.61601726656431|73266&4&7.582602860582909|73267&4&7.582602860582909|73268&4&7.582602860582909|73269&4&10.18596317604969|73270&4&10.18596317604969|73271&4&55.22786182932686|73272&4&10.18596317604969|73273&4&10.18596317604969|73274&4&10.18596317604969|73275&4&15.822065215012996|73276&4&10.18596317604969|73277&4&10.18596317604969|73278&4&32.21526807680833|73279&4&12.827947374837606|73280&4&12.827947374837606|73281&4&12.827947374837606|73282&4&102.8117091007065|73283&4&12.827947374837606|73284&4&12.827947374837606|73285&4&12.827947374837606|73286&4&36.81025216284141|73287&4&12.827947374837606|73288&4&12.827947374837606|73289&4&1.9284618714640196|73290&4&1.9284618714640196|73291&4&12.076681320684258|73292&4&11.708596581602464|73297&4&-1.3322676295501878E-15|73298&4&-1.3322676295501878E-15|73299&4&0.3096239395787631|73300&4&0.3096239395787631|73301&4&0.6238922382512084|73302&4&11.763035194260308|73303&4&19.367562560264176|73304&4&0.9428571450571397|73305&4&1.2665714315267533|73306&4&1.2665714315267533,2|73189&4&12.827947374837606|73190&4&12.827947374837606|73191&4&12.827947374837606|73192&4&175.67486093158502|73193&4&251.3925924679961|73194&4&12.827947374837606|73195&4&12.827947374837606|73196&4&12.827947374837606|73197&4&12.827947374837606|73198&4&12.827947374837606|73199&4&15.50898837617865|73200&4&15.50898837617865|73201&4&15.50898837617865|73202&4&15.50898837617865|73203&4&15.50898837617865|73204&4&15.50898837617865|73205&4&15.50898837617865|73206&4&15.50898837617865|73207&4&15.50898837617865|73208&4&15.50898837617865|73209&4&81.71324293209881|73210&4&213.28513438518166|73211&4&18.229523420500016|73212&4&57.12220251756137|73213&4&477.7931690476523|73214&4&70.99498954367034|73215&4&137.72530377784193|73216&4&148.22633024155442|73217&4&318.7242020484014|73218&4&302.15553442298807|73220&4&49.55860436046963|73223&4&172.23174591791513|73231&4&102.25186664685086|73239&4&-7.105427357601002E-15|73240&4&-7.105427357601002E-15|73241&4&156.18771777894315|73242&4&-7.105427357601002E-15|73243&4&-7.105427357601002E-15|73244&4&-7.105427357601002E-15|73245&4&170.52328965078573|73246&4&-7.105427357601002E-15|73247&4&-7.105427357601002E-15|73248&4&25.721703400434095|73249&4&2.4900435683844906|73250&4&2.4900435683844906|73251&4&2.4900435683844906|73252&4&2.4900435683844906|73253&4&2.4900435683844906|73254&4&2.4900435683844906|73255&4&2.4900435683844906|73256&4&250.21025936418133|73257&4&2.4900435683844906|73258&4&2.4900435683844906|73259&4&5.017437790294732|73260&4&5.017437790294732|73261&4&5.017437790294732|73262&4&5.017437790294732|73263&4&5.017437790294732|73264&4&5.017437790294732|73265&4&272.8716118644411|73266&4&5.017437790294732|73267&4&5.017437790294732|73268&4&5.017437790294732|73269&4&7.582602860582909|73270&4&7.582602860582909|73271&4&7.582602860582909|73272&4&7.582602860582909|73273&4&189.49315780734418|73274&4&7.582602860582909|73275&4&69.03876721076767|73276&4&7.582602860582909|73277&4&7.582602860582909|73278&4&7.582602860582909|73279&4&10.18596317604969|73280&4&10.18596317604969|73281&4&10.18596317604969|73282&4&10.18596317604969|73283&4&10.18596317604969|73284&4&10.18596317604969|73285&4&10.18596317604969|73286&4&10.18596317604969|73287&4&10.18596317604969|73288&4&10.18596317604969|73289&4&1.5950883965790048|73290&4&1.5950883965790048|73291&4&1.9284618714640196|73292&4&1.9284618714640196|73293&4&11.131929213836369|73294&4&11.119205770049808|73299&4&-1.3322676295501878E-15|73300&4&-1.3322676295501878E-15|73301&4&0.3096239395787631|73302&4&2.6355152879106982|73303&4&0.6238922382512084|73304&4&0.6238922382512084|73305&4&0.9428571450571397|73306&4&0.9428571450571397,2|73189&4&10.18596317604969|73190&4&10.18596317604969|73191&4&10.18596317604969|73192&4&10.18596317604969|73193&4&10.18596317604969|73194&4&10.18596317604969|73195&4&147.6316735507562|73196&4&10.18596317604969|73197&4&10.18596317604969|73198&4&10.18596317604969|73199&4&128.50173627607325|73200&4&346.9799843400371|73201&4&12.827947374837606|73202&4&12.827947374837606|73203&4&253.0144483305131|73204&4&12.827947374837606|73205&4&12.827947374837606|73206&4&12.827947374837606|73207&4&12.827947374837606|73208&4&12.827947374837606|73209&4&15.50898837617865|73210&4&15.50898837617865|73211&4&15.50898837617865|73212&4&328.7169939835669|73213&4&15.50898837617865|73214&4&15.50898837617865|73215&4&15.50898837617865|73216&4&15.50898837617865|73217&4&153.65034949488427|73218&4&15.50898837617865|73219&4&18.229523420500016|73220&4&84.71331152568393|73221&4&106.00582063317847|73222&4&59.08884290939042|73223&4&68.26932251022812|73224&4&81.90844636667285|73225&4&68.27739997765721|73226&4&70.97751153663593|73227&4&89.99319456826434|73228&4&72.2252541076112|73231&4&84.88039126456172|73237&4&142.76244602546166|73241&4&16.411403117897684|73243&4&216.95666727542977|73249&4&-7.105427357601002E-15|73250&4&-7.105427357601002E-15|73251&4&93.77071645723912|73252&4&-7.105427357601002E-15|73253&4&-7.105427357601002E-15|73254&4&128.97989976354063|73255&4&-7.105427357601002E-15|73256&4&-7.105427357601002E-15|73257&4&-7.105427357601002E-15|73258&4&-7.105427357601002E-15|73259&4&244.8091196161895|73260&4&2.4900435683844906|73261&4&2.4900435683844906|73262&4&2.4900435683844906|73263&4&292.711017253957|73264&4&2.4900435683844906|73265&4&2.4900435683844906|73266&4&2.4900435683844906|73267&4&2.4900435683844906|73268&4&2.4900435683844906|73269&4&5.017437790294732|73270&4&5.017437790294732|73271&4&35.542239589821705|73272&4&42.704286705261154|73273&4&44.89330919097685|73274&4&5.017437790294732|73275&4&5.017437790294732|73276&4&5.017437790294732|73277&4&5.017437790294732|73278&4&5.017437790294732|73279&4&7.582602860582909|73280&4&7.582602860582909|73281&4&7.582602860582909|73282&4&7.582602860582909|73283&4&7.582602860582909|73284&4&7.582602860582909|73285&4&7.582602860582909|73286&4&7.582602860582909|73287&4&7.582602860582909|73288&4&7.582602860582909|73289&4&1.2665714315267533|73290&4&1.2665714315267533|73291&4&1.5950883965790048|73292&4&1.5950883965790048|73293&4&1.9284618714640196|73294&4&11.063101547514243|73295&4&9.242411454782715|73296&4&9.485235291528637|73301&4&-1.3322676295501878E-15|73302&4&-1.3322676295501878E-15|73303&4&0.3096239395787631|73304&4&0.3096239395787631|73305&4&0.6238922382512084|73306&4&0.6238922382512084,2|73189&4&7.582602860582909|73190&4&7.582602860582909|73191&4&7.582602860582909|73192&4&136.74266531600833|73193&4&45.01603305938059|73194&4&7.582602860582909|73195&4&45.47671693312723|73196&4&7.582602860582909|73197&4&7.582602860582909|73198&4&60.11755242349088|73199&4&10.18596317604969|73200&4&10.18596317604969|73201&4&10.18596317604969|73202&4&10.18596317604969|73203&4&10.18596317604969|73204&4&10.18596317604969|73205&4&295.33899922060766|73206&4&10.18596317604969|73207&4&10.18596317604969|73208&4&10.18596317604969|73209&4&12.827947374837606|73210&4&66.57405904960572|73211&4&12.827947374837606|73212&4&12.827947374837606|73213&4&12.827947374837606|73214&4&12.827947374837606|73215&4&12.827947374837606|73216&4&12.827947374837606|73217&4&12.827947374837606|73218&4&12.827947374837606|73219&4&83.42204321509718|73220&4&15.50898837617865|73221&4&15.50898837617865|73222&4&35.353217551655945|73223&4&56.18610136422834|73224&4&15.50898837617865|73225&4&161.36783917847802|73226&4&45.85160377797473|73227&4&15.50898837617865|73228&4&15.50898837617865|73229&4&70.97627454371076|73230&4&101.7099328428577|73231&4&85.27328149560665|73232&4&224.227460933379|73233&4&68.07553213321495|73234&4&65.82421621922364|73235&4&87.73277061367958|73236&4&71.53791577695318|73237&4&68.46949833199622|73238&4&329.73904735117173|73242&4&40.33543573785694|73249&4&33.88180686662246|73254&4&76.63345357443885|73258&4&65.7733425834655|73259&4&101.13206757633802|73260&4&-7.105427357601002E-15|73261&4&-7.105427357601002E-15|73262&4&-7.105427357601002E-15|73263&4&-7.105427357601002E-15|73264&4&-7.105427357601002E-15|73265&4&-7.105427357601002E-15|73266&4&-7.105427357601002E-15|73267&4&-7.105427357601002E-15|73268&4&143.40692845736442|73269&4&2.4900435683844906|73270&4&51.931569092617735|73271&4&2.4900435683844906|73272&4&2.4900435683844906|73273&4&2.4900435683844906|73274&4&19.029607675383016|73275&4&2.4900435683844906|73276&4&2.4900435683844906|73277&4&2.4900435683844906|73278&4&2.4900435683844906|73279&4&5.017437790294732|73280&4&5.017437790294732|73281&4&5.017437790294732|73282&4&5.017437790294732|73283&4&262.52505944100324|73284&4&5.017437790294732|73285&4&5.017437790294732|73286&4&5.017437790294732|73287&4&5.017437790294732|73288&4&5.017437790294732|73289&4&0.9428571450571397|73290&4&0.9428571450571397|73291&4&1.2665714315267533|73292&4&1.2665714315267533|73293&4&1.5950883965790048|73294&4&1.5950883965790048|73295&4&1.9284618714640196|73296&4&1.9284618714640196|73297&4&11.171106616887835|73298&4&10.266394339502778|73303&4&-1.3322676295501878E-15|73304&4&-1.3322676295501878E-15|73305&4&0.3096239395787631|73306&4&0.3096239395787631,2|73189&4&222.37657939570389|73190&4&5.017437790294732|73191&4&29.954479885817445|73192&4&5.017437790294732|73193&4&5.017437790294732|73194&4&5.017437790294732|73195&4&5.017437790294732|73196&4&5.017437790294732|73197&4&5.017437790294732|73198&4&318.02043072739247|73199&4&115.88505918902541|73200&4&7.582602860582909|73201&4&189.66404042676635|73202&4&7.582602860582909|73203&4&7.582602860582909|73204&4&7.582602860582909|73205&4&7.582602860582909|73206&4&7.582602860582909|73207&4&7.582602860582909|73208&4&7.582602860582909|73209&4&10.18596317604969|73210&4&10.18596317604969|73211&4&10.18596317604969|73212&4&10.18596317604969|73213&4&10.18596317604969|73214&4&10.18596317604969|73215&4&10.18596317604969|73216&4&10.18596317604969|73217&4&10.18596317604969|73218&4&10.18596317604969|73219&4&12.827947374837606|73220&4&12.827947374837606|73221&4&12.827947374837606|73222&4&12.827947374837606|73223&4&95.6313666027055|73224&4&12.827947374837606|73225&4&12.827947374837606|73226&4&12.827947374837606|73227&4&12.827947374837606|73228&4&182.017417463541|73229&4&15.50898837617865|73230&4&15.50898837617865|73231&4&15.50898837617865|73232&4&15.50898837617865|73233&4&15.50898837617865|73234&4&15.50898837617865|73235&4&15.50898837617865|73236&4&15.50898837617865|73237&4&25.879839602474103|73238&4&15.50898837617865|73239&4&364.16975202198375|73240&4&240.64923452685082|73241&4&38.0025250324849|73242&4&65.77576903648057|73243&4&86.85136048542968|73244&4&80.89595476588967|73245&4&82.8305720086172|73246&4&323.11194379599885|73247&4&85.32472989650104|73248&4&101.64101448619203|73249&4&55.17224696879829|73251&4&53.27493713803726|73256&4&69.25192906704216|73264&4&281.64258979816515|73265&4&94.06555032335757|73269&4&-7.105427357601002E-15|73270&4&-7.105427357601002E-15|73271&4&-7.105427357601002E-15|73272&4&291.55254540071445|73273&4&-7.105427357601002E-15|73274&4&-7.105427357601002E-15|73275&4&-7.105427357601002E-15|73276&4&-7.105427357601002E-15|73277&4&-7.105427357601002E-15|73278&4&-7.105427357601002E-15|73279&4&2.4900435683844906|73280&4&2.4900435683844906|73281&4&2.4900435683844906|73282&4&2.4900435683844906|73283&4&2.4900435683844906|73284&4&23.133061313796038|73285&4&2.4900435683844906|73286&4&75.30927630520952|73287&4&2.4900435683844906|73288&4&2.4900435683844906|73289&4&0.6238922382512084|73290&4&0.6238922382512084|73291&4&0.9428571450571397|73292&4&0.9428571450571397|73293&4&1.2665714315267533|73294&4&1.2665714315267533|73295&4&1.5950883965790048|73296&4&1.5950883965790048|73297&4&1.9284618714640196|73298&4&1.9284618714640196|73299&4&6.297813827713114|73300&4&20.448684930094437|73304&4&3.8904135280000745|73305&4&-1.3322676295501878E-15|73306&4&-1.3322676295501878E-15,2|73189&4&2.4900435683844906|73190&4&2.4900435683844906|73191&4&2.4900435683844906|73192&4&2.4900435683844906|73193&4&2.4900435683844906|73194&4&224.56282915595932|73195&4&2.4900435683844906|73196&4&2.4900435683844906|73197&4&2.4900435683844906|73198&4&2.4900435683844906|73199&4&5.017437790294732|73200&4&5.017437790294732|73201&4&5.017437790294732|73202&4&5.017437790294732|73203&4&5.017437790294732|73204&4&5.017437790294732|73205&4&5.017437790294732|73206&4&5.017437790294732|73207&4&5.017437790294732|73208&4&5.017437790294732|73209&4&252.32737078741212|73210&4&7.582602860582909|73211&4&7.582602860582909|73212&4&7.582602860582909|73213&4&7.582602860582909|73214&4&7.582602860582909|73215&4&7.582602860582909|73216&4&7.582602860582909|73217&4&7.582602860582909|73218&4&7.582602860582909|73219&4&10.18596317604969|73220&4&10.18596317604969|73221&4&10.18596317604969|73222&4&10.18596317604969|73223&4&10.18596317604969|73224&4&240.14522414236458|73225&4&10.18596317604969|73226&4&10.18596317604969|73227&4&10.18596317604969|73228&4&10.18596317604969|73229&4&12.827947374837606|73230&4&12.827947374837606|73231&4&12.827947374837606|73232&4&12.827947374837606|73233&4&264.27851455749874|73234&4&12.827947374837606|73235&4&20.27954363965902|73236&4&257.6360211169301|73237&4&12.827947374837606|73238&4&12.827947374837606|73239&4&15.50898837617865|73240&4&54.73175811766513|73241&4&15.50898837617865|73242&4&15.50898837617865|73243&4&28.633423141567015|73244&4&15.50898837617865|73245&4&15.50898837617865|73246&4&15.50898837617865|73247&4&15.50898837617865|73248&4&184.3661132192476|73249&4&77.44456695832746|73250&4&73.7941201651968|73251&4&37.99936391638499|73252&4&52.61613496812657|73253&4&88.292916354954|73254&4&299.4108012102007|73255&4&108.30356845013445|73256&4&59.78927613128522|73257&4&223.88773142997456|73258&4&289.8843746406519|73266&4&224.93322495282555|73274&4&306.9061308754966|73276&4&153.84995807362753|73277&4&93.10217965000972|73278&4&204.75594243397398|73279&4&-7.105427357601002E-15|73280&4&-7.105427357601002E-15|73281&4&-7.105427357601002E-15|73282&4&-7.105427357601002E-15|73283&4&-7.105427357601002E-15|73284&4&-7.105427357601002E-15|73285&4&-7.105427357601002E-15|73286&4&-7.105427357601002E-15|73287&4&-7.105427357601002E-15|73288&4&-7.105427357601002E-15|73289&4&0.3096239395787631|73290&4&0.3096239395787631|73291&4&0.6238922382512084|73292&4&0.6238922382512084|73293&4&0.9428571450571397|73294&4&0.9428571450571397|73295&4&1.2665714315267533|73296&4&1.2665714315267533|73297&4&1.5950883965790048|73298&4&1.5950883965790048|73299&4&1.9284618714640196|73300&4&1.9284618714640196|73301&4&50.381497802426686|73302&4&3.81250509216097,2|73189&4&-7.105427357601002E-15|73190&4&220.77628486603282|73191&4&-7.105427357601002E-15|73192&4&-7.105427357601002E-15|73193&4&-7.105427357601002E-15|73194&4&-7.105427357601002E-15|73195&4&-7.105427357601002E-15|73196&4&-7.105427357601002E-15|73197&4&-7.105427357601002E-15|73198&4&-7.105427357601002E-15|73199&4&2.4900435683844906|73200&4&2.4900435683844906|73201&4&2.4900435683844906|73202&4&258.3209844635796|73203&4&2.4900435683844906|73204&4&2.4900435683844906|73205&4&2.4900435683844906|73206&4&206.40646061986047|73207&4&2.4900435683844906|73208&4&2.4900435683844906|73209&4&5.017437790294732|73210&4&5.017437790294732|73211&4&250.6552382605056|73212&4&5.017437790294732|73213&4&5.017437790294732|73214&4&5.017437790294732|73215&4&5.017437790294732|73216&4&167.49762272616113|73217&4&5.017437790294732|73218&4&5.017437790294732|73219&4&7.582602860582909|73220&4&188.10061287702337|73221&4&7.582602860582909|73222&4&7.582602860582909|73223&4&7.582602860582909|73224&4&7.582602860582909|73225&4&7.582602860582909|73226&4&7.582602860582909|73227&4&7.582602860582909|73228&4&7.582602860582909|73229&4&10.18596317604969|73230&4&10.18596317604969|73231&4&10.18596317604969|73232&4&10.18596317604969|73233&4&10.18596317604969|73234&4&99.90406024116449|73235&4&10.18596317604969|73236&4&10.18596317604969|73237&4&10.18596317604969|73238&4&10.18596317604969|73239&4&12.827947374837606|73240&4&12.827947374837606|73241&4&12.827947374837606|73242&4&165.8238365144981|73243&4&12.827947374837606|73244&4&12.827947374837606|73245&4&12.827947374837606|73246&4&12.827947374837606|73247&4&12.827947374837606|73248&4&12.827947374837606|73249&4&15.50898837617865|73250&4&113.13265101367978|73251&4&15.50898837617865|73252&4&15.50898837617865|73253&4&15.50898837617865|73254&4&15.50898837617865|73255&4&15.50898837617865|73256&4&15.50898837617865|73257&4&15.50898837617865|73258&4&15.50898837617865|73259&4&63.12588369355498|73260&4&85.23283401846383|73261&4&110.16764250171875|73262&4&124.15948922143755|73263&4&74.31943051741645|73264&4&69.79343202868189|73265&4&76.88999235790226|73266&4&70.68662569765986|73267&4&305.1346579125369|73268&4&63.27518150581171|73270&4&85.38544336784103|73275&4&177.00447681028757|73282&4&165.53524010861742|73285&4&267.10753097280815|73289&4&-1.3322676295501878E-15|73290&4&-1.3322676295501878E-15|73291&4&0.3096239395787631|73292&4&0.3096239395787631|73293&4&0.6238922382512084|73294&4&0.6238922382512084|73295&4&0.9428571450571397|73296&4&0.9428571450571397|73297&4&1.2665714315267533|73298&4&1.2665714315267533|73299&4&1.5950883965790048|73300&4&1.5950883965790048|73301&4&1.9284618714640196|73302&4&1.9284618714640196|73303&4&11.100897189413352|73304&4&2.2667462247499985,2|73191&4&151.30515872942567|73193&4&28.141925986731344|73194&4&21.386089183501333|73197&4&28.074108685654622|73199&4&-7.105427357601002E-15|73200&4&-7.105427357601002E-15|73201&4&-7.105427357601002E-15|73202&4&-7.105427357601002E-15|73203&4&-7.105427357601002E-15|73204&4&192.27562503893782|73205&4&-7.105427357601002E-15|73206&4&-7.105427357601002E-15|73207&4&56.33923771058404|73208&4&-7.105427357601002E-15|73209&4&2.4900435683844906|73210&4&2.4900435683844906|73211&4&2.4900435683844906|73212&4&2.4900435683844906|73213&4&2.4900435683844906|73214&4&2.4900435683844906|73215&4&299.27806241599313|73216&4&2.4900435683844906|73217&4&2.4900435683844906|73218&4&2.4900435683844906|73219&4&5.017437790294732|73220&4&5.017437790294732|73221&4&263.7745535549649|73222&4&5.017437790294732|73223&4&5.017437790294732|73224&4&5.017437790294732|73225&4&36.98463072763395|73226&4&5.017437790294732|73227&4&5.017437790294732|73228&4&5.017437790294732|73229&4&277.8614739571226|73230&4&7.582602860582909|73231&4&133.9577326553295|73232&4&7.582602860582909|73233&4&7.582602860582909|73234&4&7.582602860582909|73235&4&269.8122947083544|73236&4&7.582602860582909|73237&4&22.149183992131942|73238&4&7.582602860582909|73239&4&10.18596317604969|73240&4&10.18596317604969|73241&4&10.18596317604969|73242&4&10.18596317604969|73243&4&10.18596317604969|73244&4&10.18596317604969|73245&4&10.18596317604969|73246&4&10.18596317604969|73247&4&240.47646059520926|73248&4&10.18596317604969|73249&4&308.0823242286027|73250&4&12.827947374837606|73251&4&254.7789827237692|73252&4&12.827947374837606|73253&4&12.827947374837606|73254&4&12.827947374837606|73255&4&12.827947374837606|73256&4&12.827947374837606|73257&4&12.827947374837606|73258&4&12.827947374837606|73259&4&15.50898837617865|73260&4&15.50898837617865|73261&4&193.24450587657765|73262&4&15.50898837617865|73263&4&15.50898837617865|73264&4&15.50898837617865|73265&4&15.50898837617865|73266&4&15.50898837617865|73267&4&15.50898837617865|73268&4&15.50898837617865|73269&4&307.85249452160537|73270&4&143.72490085622135|73271&4&281.5554170559566|73272&4&67.77774993707028|73273&4&62.70528060866397|73274&4&77.38434098528046|73275&4&38.00308972546496|73276&4&63.2474233679923|73277&4&97.01736904768808|73278&4&38.0025250324849|73281&4&294.9971695483473|73286&4&335.73642662584336|73287&4&252.1507828340377|73288&4&265.24115489756497|73291&4&-1.3322676295501878E-15|73292&4&-1.3322676295501878E-15|73293&4&25.490423254803474|73294&4&0.3096239395787631|73295&4&0.6238922382512084|73296&4&0.6238922382512084|73297&4&0.9428571450571397|73298&4&0.9428571450571397|73299&4&1.2665714315267533|73300&4&1.2665714315267533|73301&4&1.5950883965790048|73302&4&1.5950883965790048|73303&4&1.9284618714640196|73304&4&21.226512439786948|73305&4&11.204506291816035|73306&4&20.38499409736948,2|73191&4&25.522719386875124|73192&4&40.25420417461389|73196&4&49.81782683742685|73207&4&30.335859223906063|73209&4&-7.105427357601002E-15|73210&4&19.012138161318006|73211&4&-7.105427357601002E-15|73212&4&-7.105427357601002E-15|73213&4&-7.105427357601002E-15|73214&4&-7.105427357601002E-15|73215&4&-7.105427357601002E-15|73216&4&-7.105427357601002E-15|73217&4&-7.105427357601002E-15|73218&4&-7.105427357601002E-15|73219&4&2.4900435683844906|73220&4&2.4900435683844906|73221&4&2.4900435683844906|73222&4&2.4900435683844906|73223&4&2.4900435683844906|73224&4&2.4900435683844906|73225&4&2.4900435683844906|73226&4&2.4900435683844906|73227&4&120.04208780548977|73228&4&2.4900435683844906|73229&4&5.017437790294732|73230&4&5.017437790294732|73231&4&5.017437790294732|73232&4&5.017437790294732|73233&4&5.017437790294732|73234&4&5.017437790294732|73235&4&5.017437790294732|73236&4&5.017437790294732|73237&4&5.017437790294732|73238&4&5.017437790294732|73239&4&7.582602860582909|73240&4&7.582602860582909|73241&4&7.582602860582909|73242&4&13.18006330425846|73243&4&7.582602860582909|73244&4&7.582602860582909|73245&4&7.582602860582909|73246&4&7.582602860582909|73247&4&7.582602860582909|73248&4&7.582602860582909|73249&4&10.18596317604969|73250&4&10.18596317604969|73251&4&10.18596317604969|73252&4&10.18596317604969|73253&4&10.18596317604969|73254&4&10.18596317604969|73255&4&10.18596317604969|73256&4&10.18596317604969|73257&4&131.23102040713624|73258&4&10.18596317604969|73259&4&12.827947374837606|73260&4&79.87471444962742|73261&4&12.827947374837606|73262&4&12.827947374837606|73263&4&12.827947374837606|73264&4&12.827947374837606|73265&4&12.827947374837606|73266&4&65.68882056730104|73267&4&12.827947374837606|73268&4&12.827947374837606|73269&4&15.50898837617865|73270&4&15.50898837617865|73271&4&67.55892903706649|73272&4&15.50898837617865|73273&4&15.50898837617865|73274&4&15.50898837617865|73275&4&15.50898837617865|73276&4&40.448585354241814|73277&4&108.14849022401563|73278&4&214.67665159406934|73279&4&116.30137850667406|73280&4&106.82341549075028|73281&4&102.72714993290711|73282&4&91.66545661491415|73283&4&78.98605864073622|73284&4&114.53701617921769|73285&4&87.470395190636|73286&4&18.229523420500016|73287&4&66.00137901508128|73288&4&78.99058498119923|73293&4&-1.3322676295501878E-15|73294&4&-1.3322676295501878E-15|73295&4&0.3096239395787631|73296&4&0.3096239395787631|73297&4&0.6238922382512084|73298&4&0.6238922382512084|73299&4&0.9428571450571397|73300&4&0.9428571450571397|73301&4&1.2665714315267533|73302&4&1.2665714315267533|73303&4&1.5950883965790048|73304&4&1.5950883965790048|73305&4&1.9284618714640196|73306&4&1.9284618714640196
14|4,130,1,1,1,1,1,1,1,1,1,1,1,1,1,1,1,1,1,1,1,1,1,1,1,1,1,1,1,1,1,1,1,1,1,1,1,1,1,1,1,1,1,1,1,1,1,1,1,1,1,1,1,1,1,1,1,1,1,1,1,1,1,1,1,1,1,1,1,1,1,1,1,1,1,1,1,1,1,1,1,1,1,1,1,1,1,1,1,1,1,1,1,1,1,1,1,1,1,1,1,1,0,0,0,0,0,0,0,0,0,0,0,0,0,0,0,0,0,0,0,0,2|73189&4&55.305633372766366|73190&4&62.42738682237829|73191&4&61.925358563249425|73192&4&67.30016771599654|73193&4&69.75459553504244|73194&4&68.6164988385629|73195&4&68.36845779718588|73196&4&295.1387566640731|73197&4&431.0255197035899|73198&4&65.06119052840863|73207&4&333.4213044729419|73210&4&78.53511564793618|73211&4&81.02603836561174|73213&4&96.72042412589205|73219&4&239.8152573345042|73220&4&65.20084580340054|73222&4&295.9200189403543|73225&4&83.40220909846411|73229&4&1.0658141036401503E-14|73230&4&349.98944788744234|73231&4&1.0658141036401503E-14|73232&4&1.0658141036401503E-14|73233&4&1.0658141036401503E-14|73234&4&110.565382967104|73235&4&1.0658141036401503E-14|73236&4&1.0658141036401503E-14|73237&4&1.0658141036401503E-14|73238&4&1.0658141036401503E-14|73239&4&2.5087188951473682|73240&4&2.5087188951473682|73241&4&45.103669404741936|73242&4&2.5087188951473682|73243&4&42.534921632742254|73244&4&2.5087188951473682|73245&4&2.5087188951473682|73246&4&2.5087188951473682|73247&4&2.5087188951473682|73248&4&2.5087188951473682|73249&4&5.05506857372194|73250&4&5.05506857372194|73251&4&5.05506857372194|73252&4&5.05506857372194|73253&4&5.05506857372194|73254&4&5.05506857372194|73255&4&219.8983451824851|73256&4&51.185524524631646|73257&4&5.05506857372194|73258&4&5.05506857372194|73259&4&82.46862982958234|73260&4&7.639472382037263|73261&4&7.639472382037263|73262&4&209.86138299480112|73263&4&7.639472382037263|73264&4&7.639472382037263|73265&4&7.639472382037263|73266&4&7.639472382037263|73267&4&7.639472382037263|73268&4&274.7720288301556|73269&4&10.262357899870086|73270&4&10.262357899870086|73271&4&10.262357899870086|73272&4&10.262357899870086|73273&4&10.262357899870086|73274&4&10.262357899870086|73275&4&38.38551237017708|73276&4&10.262357899870086|73277&4&10.262357899870086|73278&4&10.262357899870086|73279&4&163.89053355900592|73280&4&227.10229388050575|73281&4&12.924156980148872|73282&4&12.924156980148872|73283&4&12.924156980148872|73284&4&90.27616122643258|73285&4&12.924156980148872|73286&4&12.924156980148872|73287&4&12.924156980148872|73288&4&12.924156980148872|73289&4&11.512732919408078|73290&4&9.011149235738523|73297&4&0.0|73298&4&0.0|73299&4&0.31194611912560466|73300&4&0.31194611912560466|73301&4&0.6285714300380938|73302&4&0.6285714300380938|73303&4&0.9499285736450647|73304&4&0.9499285736450647|73305&4&1.2760707172632033|73306&4&1.2760707172632033,2|73189&4&15.794655939503224|73190&4&12.924156980148872|73191&4&12.924156980148872|73192&4&12.924156980148872|73193&4&12.924156980148872|73194&4&12.924156980148872|73195&4&12.924156980148872|73196&4&12.924156980148872|73197&4&24.732159687555715|73198&4&12.924156980148872|73199&4&69.37942402748358|73200&4&124.2282561170839|73201&4&55.710961300496976|73202&4&75.7879158236953|73203&4&138.0356664939048|73204&4&79.39002871299101|73205&4&81.3607987139151|73206&4&104.03260511543189|73207&4&32.92710891839134|73208&4&279.63992540993166|73214&4&257.83326226999446|73218&4&72.65740890204734|73226&4&216.23988261282182|73227&4&89.14620115017956|73229&4&24.626201645514328|73233&4&61.34982321866382|73234&4&36.856438723633886|73239&4&9.642863604213613|73240&4&1.0658141036401503E-14|73241&4&1.0658141036401503E-14|73242&4&1.0658141036401503E-14|73243&4&1.0658141036401503E-14|73244&4&337.9650689340456|73245&4&1.0658141036401503E-14|73246&4&1.0658141036401503E-14|73247&4&1.0658141036401503E-14|73248&4&1.0658141036401503E-14|73249&4&2.5087188951473682|73250&4&210.31612765725214|73251&4&2.5087188951473682|73252&4&309.2351633859867|73253&4&261.9461779024608|73254&4&2.5087188951473682|73255&4&2.5087188951473682|73256&4&2.5087188951473682|73257&4&2.5087188951473682|73258&4&23.158194523495055|73259&4&5.05506857372194|73260&4&168.2659275056379|73261&4&5.05506857372194|73262&4&5.05506857372194|73263&4&71.0385643506335|73264&4&5.05506857372194|73265&4&76.12189273999567|73266&4&5.05506857372194|73267&4&5.05506857372194|73268&4&5.05506857372194|73269&4&7.639472382037263|73270&4&7.639472382037263|73271&4&49.21660960044696|73272&4&7.639472382037263|73273&4&7.639472382037263|73274&4&7.639472382037263|73275&4&12.842028110311084|73276&4&7.639472382037263|73277&4&7.639472382037263|73278&4&27.97421536735293|73279&4&10.262357899870086|73280&4&10.262357899870086|73281&4&10.262357899870086|73282&4&94.22874970814819|73283&4&10.262357899870086|73284&4&10.262357899870086|73285&4&10.262357899870086|73286&4&32.3998700118736|73287&4&10.262357899870086|73288&4&10.262357899870086|73289&4&1.6070515595533497|73290&4&1.6070515595533497|73291&4&10.707647663983977|73292&4&10.423221904023421|73299&4&0.0|73300&4&0.0|73301&4&0.31194611912560466|73302&4&18.374894105442177|73303&4&25.499470213666868|73304&4&0.6285714300380938|73305&4&0.9499285736450647|73306&4&0.9499285736450647,2|73189&4&10.262357899870086|73190&4&10.262357899870086|73191&4&10.262357899870086|73192&4&230.5728466941788|73193&4&304.13137221453053|73194&4&10.262357899870086|73195&4&10.262357899870086|73196&4&10.262357899870086|73197&4&10.262357899870086|73198&4&10.262357899870086|73199&4&12.924156980148872|73200&4&12.924156980148872|73201&4&12.924156980148872|73202&4&12.924156980148872|73203&4&12.924156980148872|73204&4&12.924156980148872|73205&4&12.924156980148872|73206&4&12.924156980148872|73207&4&12.924156980148872|73208&4&12.924156980148872|73209&4&71.98530072975339|73210&4&197.35318557446294|73211&4&15.625305789000016|73212&4&49.95305990327142|73213&4&444.3687041562849|73214&4&142.63895173020495|73215&4&123.16593070135296|73216&4&133.24084847698137|73217&4&292.6897042102655|73218&4&333.3902951458856|73220&4&87.34030014084092|73223&4&168.4022913702537|73231&4&97.13927331450832|73234&4&54.996945172917776|73241&4&200.81474994856598|73245&4&205.61780282018364|73248&4&34.28939875262319|73249&4&1.0658141036401503E-14|73250&4&1.0658141036401503E-14|73251&4&1.0658141036401503E-14|73252&4&1.0658141036401503E-14|73253&4&1.0658141036401503E-14|73254&4&1.0658141036401503E-14|73255&4&1.0658141036401503E-14|73256&4&234.35054718686445|73257&4&1.0658141036401503E-14|73258&4&1.0658141036401503E-14|73259&4&2.5087188951473682|73260&4&2.5087188951473682|73261&4&2.5087188951473682|73262&4&7.854357427017645|73263&4&2.5087188951473682|73264&4&2.5087188951473682|73265&4&284.5286989641614|73266&4&2.5087188951473682|73267&4&2.5087188951473682|73268&4&2.5087188951473682|73269&4&5.05506857372194|73270&4&5.05506857372194|73271&4&5.05506857372194|73272&4&5.05506857372194|73273&4&236.175278660147|73274&4&5.05506857372194|73275&4&60.11052479854173|73276&4&5.05506857372194|73277&4&5.05506857372194|73278&4&5.05506857372194|73279&4&7.639472382037263|73280&4&7.639472382037263|73281&4&7.639472382037263|73282&4&7.639472382037263|73283&4&7.639472382037263|73284&4&7.639472382037263|73285&4&7.639472382037263|73286&4&7.639472382037263|73287&4&7.639472382037263|73288&4&7.639472382037263|73289&4&1.2760707172632033|73290&4&1.2760707172632033|73291&4&1.6070515595533497|73292&4&7.497549920526831|73293&4&9.857415546513945|73294&4&9.845650919092764|73301&4&0.0|73302&4&2.067458976295054|73303&4&0.31194611912560466|73304&4&0.31194611912560466|73305&4&0.6285714300380938|73306&4&0.6285714300380938,2|73189&4&7.639472382037263|73190&4&7.639472382037263|73191&4&7.639472382037263|73192&4&7.639472382037263|73193&4&7.639472382037263|73194&4&7.639472382037263|73195&4&147.31422603384698|73196&4&7.639472382037263|73197&4&7.639472382037263|73198&4&7.639472382037263|73199&4&119.88031884914827|73200&4&376.3422268507753|73201&4&10.262357899870086|73202&4&10.262357899870086|73203&4&292.04234140769177|73204&4&10.262357899870086|73205&4&10.262357899870086|73206&4&10.262357899870086|73207&4&10.262357899870086|73208&4&10.262357899870086|73209&4&12.924156980148872|73210&4&12.924156980148872|73211&4&12.924156980148872|73212&4&306.52330013726635|73213&4&12.924156980148872|73214&4&12.924156980148872|73215&4&12.924156980148872|73216&4&12.924156980148872|73217&4&222.01810622032076|73218&4&12.924156980148872|73219&4&15.625305789000016|73220&4&74.71354197797271|73221&4&93.970576301091|73222&4&51.670122536857676|73223&4&59.91555129708921|73224&4&72.24820454727893|73225&4&59.89502143699605|73226&4&62.33124602494304|73227&4&79.47360363080887|73228&4&63.4459456409256|73231&4&80.16481397208608|73237&4&189.80242391616883|73241&4&14.770262806107917|73243&4&259.01910252989046|73251&4&84.68519197570082|73254&4&125.46923041416298|73259&4&302.04772984451125|73260&4&1.0658141036401503E-14|73261&4&34.21903300949748|73262&4&1.0658141036401503E-14|73263&4&342.5472958586179|73264&4&1.0658141036401503E-14|73265&4&1.0658141036401503E-14|73266&4&1.0658141036401503E-14|73267&4&1.0658141036401503E-14|73268&4&1.0658141036401503E-14|73269&4&2.5087188951473682|73270&4&2.5087188951473682|73271&4&29.70303459067396|73272&4&37.29657943203945|73273&4&39.89234833328685|73274&4&2.5087188951473682|73275&4&2.5087188951473682|73276&4&2.5087188951473682|73277&4&2.5087188951473682|73278&4&2.5087188951473682|73279&4&5.05506857372194|73280&4&5.05506857372194|73281&4&5.05506857372194|73282&4&5.05506857372194|73283&4&5.05506857372194|73284&4&5.05506857372194|73285&4&5.05506857372194|73286&4&5.05506857372194|73287&4&5.05506857372194|73288&4&5.05506857372194|73289&4&0.9499285736450647|73290&4&0.9499285736450647|73291&4&1.2760707172632033|73292&4&1.2760707172632033|73293&4&1.6070515595533497|73294&4&9.911269446871733|73295&4&8.156556747331233|73296&4&8.375235557269981|73303&4&0.0|73304&4&0.0|73305&4&0.31194611912560466|73306&4&0.31194611912560466,2|73189&4&5.05506857372194|73190&4&5.05506857372194|73191&4&5.05506857372194|73192&4&125.49757806615203|73193&4&40.14890938509476|73194&4&5.05506857372194|73195&4&40.034250794532085|73196&4&5.05506857372194|73197&4&5.05506857372194|73198&4&53.548868170252376|73199&4&7.639472382037263|73200&4&7.639472382037263|73201&4&7.639472382037263|73202&4&7.639472382037263|73203&4&7.639472382037263|73204&4&7.639472382037263|73205&4&276.86210077561907|73206&4&7.639472382037263|73207&4&7.639472382037263|73208&4&7.639472382037263|73209&4&10.262357899870086|73210&4&59.87415329196374|73211&4&10.262357899870086|73212&4&10.262357899870086|73213&4&10.262357899870086|73214&4&10.262357899870086|73215&4&10.262357899870086|73216&4&10.262357899870086|73217&4&10.262357899870086|73218&4&10.262357899870086|73219&4&73.27074149772801|73220&4&12.924156980148872|73221&4&12.924156980148872|73222&4&31.241906988281762|73223&4&50.47226127681012|73224&4&12.924156980148872|73225&4&170.0087812096533|73226&4&40.93272504334526|73227&4&12.924156980148872|73228&4&12.924156980148872|73229&4&62.293631355414334|73230&4&90.00788752738086|73231&4&75.22780066230379|73232&4&205.42285675293664|73233&4&59.658058604713005|73234&4&57.656861993918625|73235&4&77.42910962532575|73236&4&62.866530697015946|73237&4&60.06686161622416|73238&4&378.83878798633094|73242&4&37.23270991186794|73249&4&31.179479727719084|73254&4&70.73857253025125|73258&4&62.48467545429223|73259&4&93.25316556360588|73268&4&132.59235852121398|73269&4&1.0658141036401503E-14|73270&4&45.63833125313839|73271&4&1.0658141036401503E-14|73272&4&1.0658141036401503E-14|73273&4&1.0658141036401503E-14|73274&4&15.267289944921727|73275&4&1.0658141036401503E-14|73276&4&136.62218812263842|73277&4&1.0658141036401503E-14|73278&4&1.0658141036401503E-14|73279&4&2.5087188951473682|73280&4&2.5087188951473682|73281&4&2.5087188951473682|73282&4&2.5087188951473682|73283&4&282.3475330174293|73284&4&2.5087188951473682|73285&4&2.5087188951473682|73286&4&2.5087188951473682|73287&4&2.5087188951473682|73288&4&2.5087188951473682|73289&4&0.6285714300380938|73290&4&0.6285714300380938|73291&4&0.9499285736450647|73292&4&0.9499285736450647|73293&4&1.2760707172632033|73294&4&1.2760707172632033|73295&4&1.6070515595533497|73296&4&1.6070515595533497|73297&4&9.892449698077346|73298&4&9.07773919017331|73305&4&0.0|73306&4&0.0,2|73189&4&263.08349659418235|73190&4&2.5087188951473682|73191&4&89.68824619966018|73192&4&2.5087188951473682|73193&4&2.5087188951473682|73194&4&2.5087188951473682|73195&4&2.5087188951473682|73196&4&2.5087188951473682|73197&4&2.5087188951473682|73198&4&363.6155853006079|73199&4&106.30254114384815|73200&4&5.05506857372194|73201&4&202.57734102381892|73202&4&5.05506857372194|73203&4&5.05506857372194|73204&4&5.05506857372194|73205&4&5.05506857372194|73206&4&5.05506857372194|73207&4&5.05506857372194|73208&4&5.05506857372194|73209&4&7.639472382037263|73210&4&7.639472382037263|73211&4&7.639472382037263|73212&4&7.639472382037263|73213&4&7.639472382037263|73214&4&7.639472382037263|73215&4&7.639472382037263|73216&4&7.639472382037263|73217&4&7.639472382037263|73218&4&7.639472382037263|73219&4&10.262357899870086|73220&4&10.262357899870086|73221&4&10.262357899870086|73222&4&10.262357899870086|73223&4&87.54554917921344|73224&4&10.262357899870086|73225&4&10.262357899870086|73226&4&10.262357899870086|73227&4&10.262357899870086|73228&4&205.0509433687697|73229&4&12.924156980148872|73230&4&12.924156980148872|73231&4&12.924156980148872|73232&4&12.924156980148872|73233&4&12.924156980148872|73234&4&12.924156980148872|73235&4&12.924156980148872|73236&4&12.924156980148872|73237&4&22.603618124691295|73238&4&12.924156980148872|73239&4&393.37796217336773|73240&4&284.65420572600783|73241&4&32.92668219948679|73242&4&57.61401020303849|73243&4&76.6353295013526|73244&4&71.24974522471791|73245&4&73.02087794657398|73246&4&360.2580718529444|73247&4&75.26364775245031|73248&4&89.94455491014459|73249&4&51.494097170878405|73251&4&49.72327466216811|73256&4&63.924857600346606|73264&4&314.33633762553524|73265&4&87.79451363513374|73272&4&330.78735657998413|73279&4&1.0658141036401503E-14|73280&4&1.0658141036401503E-14|73281&4&1.0658141036401503E-14|73282&4&1.0658141036401503E-14|73283&4&1.0658141036401503E-14|73284&4&46.068834950825234|73285&4&1.0658141036401503E-14|73286&4&64.73728379918697|73287&4&1.0658141036401503E-14|73288&4&1.0658141036401503E-14|73289&4&0.31194611912560466|73290&4&0.31194611912560466|73291&4&0.6285714300380938|73292&4&0.6285714300380938|73293&4&0.9499285736450647|73294&4&0.9499285736450647|73295&4&1.2760707172632033|73296&4&1.2760707172632033|73297&4&1.6070515595533497|73298&4&1.6070515595533497|73299&4&5.506496786192468|73300&4&18.34211787152805|73304&4&3.436676485063802,2|73189&4&1.0658141036401503E-14|73190&4&1.0658141036401503E-14|73191&4&1.0658141036401503E-14|73192&4&1.0658141036401503E-14|73193&4&1.0658141036401503E-14|73194&4&269.7964693359198|73195&4&1.0658141036401503E-14|73196&4&1.0658141036401503E-14|73197&4&1.0658141036401503E-14|73198&4&1.0658141036401503E-14|73199&4&2.5087188951473682|73200&4&2.5087188951473682|73201&4&2.5087188951473682|73202&4&2.5087188951473682|73203&4&2.5087188951473682|73204&4&2.5087188951473682|73205&4&2.5087188951473682|73206&4&2.5087188951473682|73207&4&2.5087188951473682|73208&4&2.5087188951473682|73209&4&277.44471639394436|73210&4&5.05506857372194|73211&4&5.05506857372194|73212&4&5.05506857372194|73213&4&5.05506857372194|73214&4&5.05506857372194|73215&4&5.05506857372194|73216&4&5.05506857372194|73217&4&5.05506857372194|73218&4&5.05506857372194|73219&4&7.639472382037263|73220&4&7.639472382037263|73221&4&7.639472382037263|73222&4&7.639472382037263|73223&4&7.639472382037263|73224&4&284.04169351461456|73225&4&7.639472382037263|73226&4&7.639472382037263|73227&4&7.639472382037263|73228&4&7.639472382037263|73229&4&10.262357899870086|73230&4&10.262357899870086|73231&4&10.262357899870086|73232&4&10.262357899870086|73233&4&309.29949796282966|73234&4&10.262357899870086|73235&4&17.140754452012928|73236&4&301.9025151686592|73237&4&10.262357899870086|73238&4&10.262357899870086|73239&4&12.924156980148872|73240&4&49.129790587674854|73241&4&12.924156980148872|73242&4&12.924156980148872|73243&4&25.039019840507365|73244&4&12.924156980148872|73245&4&12.924156980148872|73246&4&12.924156980148872|73247&4&12.924156980148872|73248&4&171.64127863404684|73249&4&68.17982468985824|73250&4&64.87047799858074|73251&4&32.92391622289937|73252&4&45.91665194341137|73253&4&77.90746095189158|73254&4&276.46666141332594|73255&4&96.08902825373146|73256&4&52.292470804640026|73257&4&205.12246339901773|73258&4&267.85960702668626|73266&4&210.85026256688917|73274&4&361.3425880023648|73276&4&144.47440723268892|73277&4&87.32987974086618|73278&4&191.76117166918175|73289&4&0.0|73290&4&0.0|73291&4&0.31194611912560466|73292&4&0.31194611912560466|73293&4&0.6285714300380938|73294&4&0.6285714300380938|73295&4&0.9499285736450647|73296&4&0.9499285736450647|73297&4&1.2760707172632033|73298&4&1.2760707172632033|73299&4&1.6070515595533497|73300&4&1.6070515595533497|73301&4&55.16378091011673|73302&4&3.2954643444845986,2|73190&4&223.46863056489687|73199&4&1.0658141036401503E-14|73200&4&1.0658141036401503E-14|73201&4&1.0658141036401503E-14|73202&4&297.4022656778865|73203&4&1.0658141036401503E-14|73204&4&1.0658141036401503E-14|73205&4&1.0658141036401503E-14|73206&4&221.9085365146325|73207&4&1.0658141036401503E-14|73208&4&1.0658141036401503E-14|73209&4&2.5087188951473682|73210&4&2.5087188951473682|73211&4&297.5380930052877|73212&4&2.5087188951473682|73213&4&2.5087188951473682|73214&4&2.5087188951473682|73215&4&2.5087188951473682|73216&4&209.57873281539463|73217&4&2.5087188951473682|73218&4&2.5087188951473682|73219&4&5.05506857372194|73220&4&175.70125572503298|73221&4&5.05506857372194|73222&4&5.05506857372194|73223&4&5.05506857372194|73224&4&5.05506857372194|73225&4&5.05506857372194|73226&4&5.05506857372194|73227&4&5.05506857372194|73228&4&5.05506857372194|73229&4&7.639472382037263|73230&4&7.639472382037263|73231&4&7.639472382037263|73232&4&7.639472382037263|73233&4&7.639472382037263|73234&4&92.5198651335805|73235&4&7.639472382037263|73236&4&7.639472382037263|73237&4&7.639472382037263|73238&4&7.639472382037263|73239&4&10.262357899870086|73240&4&10.262357899870086|73241&4&10.262357899870086|73242&4&181.7835163918372|73243&4&10.262357899870086|73244&4&10.262357899870086|73245&4&10.262357899870086|73246&4&10.262357899870086|73247&4&10.262357899870086|73248&4&10.262357899870086|73249&4&12.924156980148872|73250&4&177.60528908969079|73251&4&12.924156980148872|73252&4&12.924156980148872|73253&4&12.924156980148872|73254&4&12.924156980148872|73255&4&12.924156980148872|73256&4&12.924156980148872|73257&4&12.924156980148872|73258&4&12.924156980148872|73259&4&55.25856873429653|73260&4&75.12803298267677|73261&4&97.98169794918195|73262&4&110.59081737999495|73263&4&65.43354059884444|73264&4&61.263666403288966|73265&4&67.64586857503184|73266&4&62.062740390215225|73267&4&281.84069316107735|73268&4&55.39127012417093|73270&4&80.57526195890291|73275&4&167.1873971382572|73282&4&224.9123603964623|73285&4&251.15581503250323|73291&4&0.0|73292&4&0.0|73293&4&0.31194611912560466|73294&4&0.31194611912560466|73295&4&0.6285714300380938|73296&4&0.6285714300380938|73297&4&0.9499285736450647|73298&4&0.9499285736450647|73299&4&1.2760707172632033|73300&4&1.2760707172632033|73301&4&1.6070515595533497|73302&4&1.6070515595533497|73303&4&9.828890741077162|73304&4&1.9429253354999987,2|73191&4&141.60644745974474|73193&4&25.97716244929047|73194&4&19.960349904601244|73197&4&25.91456186368119|73204&4&241.70953708849646|73207&4&52.00545019438527|73209&4&1.0658141036401503E-14|73210&4&1.0658141036401503E-14|73211&4&1.0658141036401503E-14|73212&4&1.0658141036401503E-14|73213&4&1.0658141036401503E-14|73214&4&1.0658141036401503E-14|73215&4&348.7541633868609|73216&4&1.0658141036401503E-14|73217&4&1.0658141036401503E-14|73218&4&1.0658141036401503E-14|73219&4&2.5087188951473682|73220&4&2.5087188951473682|73221&4&296.46839172464587|73222&4&2.5087188951473682|73223&4&2.5087188951473682|73224&4&2.5087188951473682|73225&4&32.0168969911528|73226&4&2.5087188951473682|73227&4&2.5087188951473682|73228&4&2.5087188951473682|73229&4&313.3544608055917|73230&4&5.05506857372194|73231&4&122.84902477932641|73232&4&5.05506857372194|73233&4&5.05506857372194|73234&4&5.05506857372194|73235&4&308.4880372110024|73236&4&5.05506857372194|73237&4&18.501143464382587|73238&4&5.05506857372194|73239&4&7.639472382037263|73240&4&7.639472382037263|73241&4&7.639472382037263|73242&4&7.639472382037263|73243&4&7.639472382037263|73244&4&7.639472382037263|73245&4&7.639472382037263|73246&4&7.639472382037263|73247&4&284.6167780314085|73248&4&7.639472382037263|73249&4&356.2213409285514|73250&4&10.262357899870086|73251&4&302.98544702488755|73252&4&10.262357899870086|73253&4&10.262357899870086|73254&4&10.262357899870086|73255&4&10.262357899870086|73256&4&10.262357899870086|73257&4&10.262357899870086|73258&4&10.262357899870086|73259&4&12.924156980148872|73260&4&12.924156980148872|73261&4&180.43420383231899|73262&4&12.924156980148872|73263&4&12.924156980148872|73264&4&12.924156980148872|73265&4&12.924156980148872|73266&4&12.924156980148872|73267&4&12.924156980148872|73268&4&12.924156980148872|73269&4&345.207233634129|73270&4&129.96684417358725|73271&4&261.48526622880144|73272&4&59.39352536416|73273&4&54.88456722185495|73274&4&68.09057001897527|73275&4&32.92717630584434|73276&4&55.36656033569652|73277&4&85.78514613702664|73278&4&32.92668219948679|73281&4&277.7452753894255|73286&4&384.50856937121245|73287&4&296.42175749929635|73288&4&249.74041032595662|73293&4&31.47278391144609|73294&4&0.0|73295&4&0.31194611912560466|73296&4&0.31194611912560466|73297&4&0.6285714300380938|73298&4&0.6285714300380938|73299&4&0.9499285736450647|73300&4&0.9499285736450647|73301&4&1.2760707172632033|73302&4&1.2760707172632033|73303&4&1.6070515595533497|73304&4&27.685178214570612|73305&4&9.922873889073426|73306&4&18.27653124290149,2|73191&4&23.559433280192422|73192&4&37.88630981140131|73196&4&45.98568631147094|73207&4&27.065498285243464|73208&4&52.026561844347015|73210&4&17.28376196483456|73212&4&54.22243885328163|73219&4&1.0658141036401503E-14|73220&4&1.0658141036401503E-14|73221&4&1.0658141036401503E-14|73222&4&1.0658141036401503E-14|73223&4&1.0658141036401503E-14|73224&4&1.0658141036401503E-14|73225&4&1.0658141036401503E-14|73226&4&1.0658141036401503E-14|73227&4&111.38092725850925|73228&4&1.0658141036401503E-14|73229&4&2.5087188951473682|73230&4&2.5087188951473682|73231&4&2.5087188951473682|73232&4&2.5087188951473682|73233&4&2.5087188951473682|73234&4&2.5087188951473682|73235&4&2.5087188951473682|73236&4&2.5087188951473682|73237&4&2.5087188951473682|73238&4&2.5087188951473682|73239&4&5.05506857372194|73240&4&5.05506857372194|73241&4&5.05506857372194|73242&4&10.092782973029935|73243&4&5.05506857372194|73244&4&5.05506857372194|73245&4&5.05506857372194|73246&4&5.05506857372194|73247&4&5.05506857372194|73248&4&5.05506857372194|73249&4&7.639472382037263|73250&4&7.639472382037263|73251&4&7.639472382037263|73252&4&7.639472382037263|73253&4&7.639472382037263|73254&4&7.639472382037263|73255&4&7.639472382037263|73256&4&7.639472382037263|73257&4&192.59491276369283|73258&4&7.639472382037263|73259&4&10.262357899870086|73260&4&109.47888457501438|73261&4&10.262357899870086|73262&4&10.262357899870086|73263&4&10.262357899870086|73264&4&10.262357899870086|73265&4&10.262357899870086|73266&4&115.64525595402|73267&4&10.262357899870086|73268&4&10.262357899870086|73269&4&12.924156980148872|73270&4&12.924156980148872|73271&4&134.93513287933354|73272&4&12.924156980148872|73273&4&12.924156980148872|73274&4&12.924156980148872|73275&4&12.924156980148872|73276&4&35.36979426040572|73277&4&156.8965056633408|73278&4&273.5207442355491|73279&4&103.38389550726164|73280&4&94.58342765926845|73281&4&90.95311140283427|73282&4&80.9890212865364|73283&4&69.56569382913145|73284&4&101.8506173936436|73285&4&77.19481650286153|73286&4&15.625305789000016|73287&4&57.845281490276385|73288&4&69.57382315556261|73295&4&0.0|73296&4&0.0|73297&4&0.31194611912560466|73298&4&0.31194611912560466|73299&4&0.6285714300380938|73300&4&0.6285714300380938|73301&4&0.9499285736450647|73302&4&0.9499285736450647|73303&4&1.2760707172632033|73304&4&1.2760707172632033|73305&4&1.6070515595533497|73306&4&1.6070515595533497
15|4,130,1,1,1,1,1,1,1,1,1,1,1,1,1,1,1,1,1,1,1,1,1,1,1,1,1,1,1,1,1,1,1,1,1,1,1,1,1,1,1,1,1,1,1,1,1,1,1,1,1,1,1,1,1,1,1,1,1,1,1,1,1,1,1,1,1,1,1,1,1,1,1,1,1,1,1,1,1,1,1,1,1,1,1,1,1,1,1,1,1,1,1,1,1,1,1,1,1,1,1,1,0,0,0,0,0,0,0,0,0,0,0,0,0,0,0,0,0,0,0,0,2|73189&4&47.43218272510537|73190&4&53.76301864257811|73191&4&53.28832383681893|73192&4&58.092869017522|73193&4&60.30579584388636|73194&4&59.29110015148197|73195&4&59.04590759122996|73196&4&330.7451044388217|73197&4&466.7941696061675|73198&4&56.10229983562236|73205&4&19.345111289928752|73207&4&313.42567775890643|73210&4&72.92546453022646|73211&4&71.13280911483072|73213&4&89.81182240261404|73219&4&260.25513207740244|73220&4&60.54364253172908|73222&4&327.49972836383586|73225&4&77.44490844857383|73230&4&396.422264088242|73234&4&102.83300770519685|73239&4&4.440892098500626E-15|73240&4&4.440892098500626E-15|73241&4&39.55245404462353|73242&4&4.440892098500626E-15|73243&4&37.167188256338115|73244&4&4.440892098500626E-15|73245&4&4.440892098500626E-15|73246&4&4.440892098500626E-15|73247&4&4.440892098500626E-15|73248&4&4.440892098500626E-15|73249&4&2.52753428686097|73250&4&2.52753428686097|73251&4&2.52753428686097|73252&4&2.52753428686097|73253&4&2.52753428686097|73254&4&2.52753428686097|73255&4&240.0469138559515|73256&4&45.54138378963822|73257&4&2.52753428686097|73258&4&2.52753428686097|73259&4&74.57719921788812|73260&4&5.092981588024836|73261&4&5.092981588024836|73262&4&194.7826666532585|73263&4&5.092981588024836|73264&4&5.092981588024836|73265&4&5.092981588024836|73266&4&5.092981588024836|73267&4&5.092981588024836|73268&4&257.1868297928689|73269&4&7.696768424902566|73270&4&7.696768424902566|73271&4&7.696768424902566|73272&4&7.696768424902566|73273&4&7.696768424902566|73274&4&7.696768424902566|73275&4&33.81112614733049|73276&4&7.696768424902566|73277&4&7.696768424902566|73278&4&7.696768424902566|73279&4&151.72183339370352|73280&4&211.6012259879217|73281&4&10.339325584119095|73282&4&10.339325584119095|73283&4&10.339325584119095|73284&4&82.5836006537093|73285&4&10.339325584119095|73286&4&10.339325584119095|73287&4&10.339325584119095|73288&4&10.339325584119095|73289&4&10.054621491200908|73290&4&7.829975911287386|73299&4&8.881784197001252E-16|73300&4&8.881784197001252E-16|73301&4&0.3142857150190479|73302&4&0.3142857150190479|73303&4&0.633285715763376|73304&4&0.633285715763376|73305&4&0.9570530379474019|73306&4&0.9570530379474019,2|73189&4&12.970616296860584|73190&4&10.339325584119095|73191&4&10.339325584119095|73192&4&10.339325584119095|73193&4&10.339325584119095|73194&4&10.339325584119095|73195&4&10.339325584119095|73196&4&10.339325584119095|73197&4&20.835327990702957|73198&4&10.339325584119095|73199&4&59.98175772618419|73200&4&109.43052237085539|73201&4&47.83616179032293|73202&4&65.63843921651558|73203&4&123.60444933057607|73204&4&68.83917909100578|73205&4&70.63166898391327|73206&4&92.96520640993818|73207&4&27.851205125549722|73208&4&255.22661803222087|73214&4&241.02001725407138|73218&4&67.29692675814698|73226&4&261.50807209264235|73227&4&96.88843339395106|73229&4&22.574018175054803|73233&4&56.23733795044184|73234&4&33.78506882999773|73239&4&8.839291637195803|73244&4&359.35396386010467|73249&4&4.440892098500626E-15|73250&4&192.82923101499014|73251&4&4.440892098500626E-15|73252&4&286.7774944909323|73253&4&310.87612839930387|73254&4&4.440892098500626E-15|73255&4&4.440892098500626E-15|73256&4&4.440892098500626E-15|73257&4&4.440892098500626E-15|73258&4&59.91750992097985|73259&4&2.52753428686097|73260&4&154.64781321919511|73261&4&2.52753428686097|73262&4&2.52753428686097|73263&4&63.012405415696556|73264&4&2.52753428686097|73265&4&67.62776821342703|73266&4&2.52753428686097|73267&4&2.52753428686097|73268&4&2.52753428686097|73269&4&5.092981588024836|73270&4&5.092981588024836|73271&4&43.205357371567054|73272&4&5.092981588024836|73273&4&5.092981588024836|73274&4&5.092981588024836|73275&4&9.861991005609173|73276&4&5.092981588024836|73277&4&5.092981588024836|73278&4&23.73316265789753|73279&4&7.696768424902566|73280&4&19.545588708541025|73281&4&7.696768424902566|73282&4&85.64579031558989|73283&4&7.696768424902566|73284&4&7.696768424902566|73285&4&7.696768424902566|73286&4&27.989487860905786|73287&4&7.696768424902566|73288&4&7.696768424902566|73289&4&1.2856412476426797|73290&4&1.2856412476426797|73291&4&9.338614007283697|73292&4&9.137847226444382|73297&4&3.4233052165662343|73301&4&8.881784197001252E-16|73302&4&24.897267265175945|73303&4&31.279132436762673|73304&4&0.3142857150190479|73305&4&0.633285715763376|73306&4&0.633285715763376,2|73189&4&7.696768424902566|73190&4&7.696768424902566|73191&4&7.696768424902566|73192&4&218.33299435249677|73193&4&285.35219957183773|73194&4&7.696768424902566|73195&4&7.696768424902566|73196&4&7.696768424902566|73197&4&7.696768424902566|73198&4&7.696768424902566|73199&4&10.339325584119095|73200&4&10.339325584119095|73201&4&10.339325584119095|73202&4&10.339325584119095|73203&4&10.339325584119095|73204&4&10.339325584119095|73205&4&10.339325584119095|73206&4&10.339325584119095|73207&4&10.339325584119095|73208&4&10.339325584119095|73209&4&62.25735852740795|73210&4&181.42123676374422|73211&4&13.021088157500017|73212&4&42.783917288981485|73213&4&445.79538276043445|73214&4&203.46261656945893|73215&4&108.606557624864|73216&4&118.25536671240829|73217&4&266.65520637212967|73218&4&356.1792722084236|73220&4&133.84355661261873|73223&4&200.82974569594796|73231&4&92.02667998216577|73234&4&127.87635760150071|73241&4&242.47864679072347|73245&4&243.7719334531592|73248&4&32.510624556490946|73256&4&220.98087857793203|73259&4&4.440892098500626E-15|73260&4&4.440892098500626E-15|73261&4&4.440892098500626E-15|73262&4&5.078356605276768|73263&4&4.440892098500626E-15|73264&4&4.440892098500626E-15|73265&4&265.75391071933717|73266&4&4.440892098500626E-15|73267&4&4.440892098500626E-15|73268&4&4.440892098500626E-15|73269&4&2.52753428686097|73270&4&2.52753428686097|73271&4&2.52753428686097|73272&4&2.52753428686097|73273&4&283.3626789857338|73274&4&2.52753428686097|73275&4&51.18228238631579|73276&4&2.52753428686097|73277&4&2.52753428686097|73278&4&2.52753428686097|73279&4&5.092981588024836|73280&4&5.092981588024836|73281&4&5.092981588024836|73282&4&5.092981588024836|73283&4&5.092981588024836|73284&4&5.092981588024836|73285&4&5.092981588024836|73286&4&5.092981588024836|73287&4&5.092981588024836|73288&4&5.092981588024836|73289&4&0.9570530379474019|73290&4&0.9570530379474019|73291&4&1.2856412476426797|73292&4&14.283979513201926|73293&4&8.582901879191523|73294&4&8.572096068135721|73302&4&1.8090266042581724|73303&4&8.881784197001252E-16|73304&4&8.881784197001252E-16|73305&4&0.3142857150190479|73306&4&0.3142857150190479,2|73189&4&5.092981588024836|73190&4&5.092981588024836|73191&4&5.092981588024836|73192&4&5.092981588024836|73193&4&5.092981588024836|73194&4&5.092981588024836|73195&4&157.2928224068783|73196&4&5.092981588024836|73197&4&5.092981588024836|73198&4&5.092981588024836|73199&4&111.2589014222233|73200&4&358.2071057979208|73201&4&7.696768424902566|73202&4&7.696768424902566|73203&4&309.3399957877554|73204&4&7.696768424902566|73205&4&7.696768424902566|73206&4&7.696768424902566|73207&4&7.696768424902566|73208&4&7.696768424902566|73209&4&10.339325584119095|73210&4&10.339325584119095|73211&4&10.339325584119095|73212&4&284.32960629096584|73213&4&10.339325584119095|73214&4&10.339325584119095|73215&4&10.339325584119095|73216&4&10.339325584119095|73217&4&285.92963418876974|73218&4&10.339325584119095|73219&4&13.021088157500017|73220&4&64.7137724302615|73221&4&81.93533196900354|73222&4&44.25140216432493|73223&4&51.5617800839503|73224&4&62.587962727885014|73225&4&51.5126428963349|73226&4&53.68498051325017|73227&4&68.95401269335339|73228&4&54.666637174239995|73231&4&157.08300529935073|73237&4&230.5800444653951|73241&4&13.12912249431815|73243&4&289.7507676500851|73251&4&75.59966749416252|73254&4&118.69639088797241|73259&4&285.15662906942634|73261&4&80.63405909031277|73263&4&322.6092459271285|73269&4&4.440892098500626E-15|73270&4&4.440892098500626E-15|73271&4&23.86382959152622|73272&4&31.888872158817744|73273&4&34.89138747559685|73274&4&4.440892098500626E-15|73275&4&4.440892098500626E-15|73276&4&4.440892098500626E-15|73277&4&4.440892098500626E-15|73278&4&4.440892098500626E-15|73279&4&2.52753428686097|73280&4&2.52753428686097|73281&4&2.52753428686097|73282&4&2.52753428686097|73283&4&2.52753428686097|73284&4&2.52753428686097|73285&4&2.52753428686097|73286&4&2.52753428686097|73287&4&2.52753428686097|73288&4&2.52753428686097|73289&4&0.633285715763376|73290&4&0.633285715763376|73291&4&0.9570530379474019|73292&4&0.9570530379474019|73293&4&1.2856412476426797|73294&4&8.759437346229223|73295&4&7.070702039879749|73296&4&7.265235823011328|73305&4&8.881784197001252E-16|73306&4&8.881784197001252E-16,2|73189&4&2.52753428686097|73190&4&2.52753428686097|73191&4&2.52753428686097|73192&4&114.25249081629573|73193&4&35.28178571080893|73194&4&2.52753428686097|73195&4&34.59178465593694|73196&4&2.52753428686097|73197&4&2.52753428686097|73198&4&46.980183917013875|73199&4&21.574006817211576|73200&4&5.092981588024836|73201&4&5.092981588024836|73202&4&5.092981588024836|73203&4&5.092981588024836|73204&4&5.092981588024836|73205&4&258.38520233063036|73206&4&5.092981588024836|73207&4&5.092981588024836|73208&4&5.092981588024836|73209&4&7.696768424902566|73210&4&53.17424753432175|73211&4&7.696768424902566|73212&4&7.696768424902566|73213&4&7.696768424902566|73214&4&7.696768424902566|73215&4&7.696768424902566|73216&4&7.696768424902566|73217&4&7.696768424902566|73218&4&7.696768424902566|73219&4&63.11943978035883|73220&4&10.339325584119095|73221&4&10.339325584119095|73222&4&27.13059642490758|73223&4&44.7584211893919|73224&4&10.339325584119095|73225&4&216.80926219811442|73226&4&36.013846308715785|73227&4&10.339325584119095|73228&4&10.339325584119095|73229&4&53.61098816711791|73230&4&78.30584221190402|73231&4&65.18231982900095|73232&4&186.61825257249427|73233&4&51.24058507621106|73234&4&49.489507768613606|73235&4&67.12544863697192|73236&4&54.19514561707872|73237&4&51.664224900452105|73238&4&424.72435035727193|73242&4&34.129984085878945|73249&4&28.477152588815706|73254&4&64.84369148606365|73258&4&59.19600832511895|73259&4&85.37426355087372|73268&4&121.77778858506352|73270&4&41.83513698204351|73274&4&13.995015782844906|73276&4&184.21533323426644|73279&4&4.440892098500626E-15|73280&4&4.440892098500626E-15|73281&4&4.440892098500626E-15|73282&4&4.440892098500626E-15|73283&4&306.73080381387325|73284&4&4.440892098500626E-15|73285&4&27.032097062441554|73286&4&4.440892098500626E-15|73287&4&4.440892098500626E-15|73288&4&4.440892098500626E-15|73289&4&0.3142857150190479|73290&4&0.3142857150190479|73291&4&0.633285715763376|73292&4&0.633285715763376|73293&4&0.9570530379474019|73294&4&0.9570530379474019|73295&4&1.2856412476426797|73296&4&1.2856412476426797|73297&4&8.613792779266856|73298&4&7.889084040843842,2|73189&4&308.0982489110723|73190&4&4.440892098500626E-15|73191&4&151.4537961587988|73192&4&4.440892098500626E-15|73193&4&4.440892098500626E-15|73194&4&4.440892098500626E-15|73195&4&4.440892098500626E-15|73196&4&4.440892098500626E-15|73197&4&4.440892098500626E-15|73198&4&420.1134984563885|73199&4&96.72002309867088|73200&4&2.52753428686097|73201&4&234.2948882904553|73202&4&2.52753428686097|73203&4&2.52753428686097|73204&4&2.52753428686097|73205&4&2.52753428686097|73206&4&2.52753428686097|73207&4&2.52753428686097|73208&4&2.52753428686097|73209&4&5.092981588024836|73210&4&5.092981588024836|73211&4&5.092981588024836|73212&4&5.092981588024836|73213&4&5.092981588024836|73214&4&5.092981588024836|73215&4&5.092981588024836|73216&4&5.092981588024836|73217&4&5.092981588024836|73218&4&5.092981588024836|73219&4&7.696768424902566|73220&4&7.696768424902566|73221&4&7.696768424902566|73222&4&7.696768424902566|73223&4&79.45973175572139|73224&4&7.696768424902566|73225&4&7.696768424902566|73226&4&7.696768424902566|73227&4&7.696768424902566|73228&4&236.93246127106542|73229&4&10.339325584119095|73230&4&10.339325584119095|73231&4&10.339325584119095|73232&4&10.339325584119095|73233&4&10.339325584119095|73234&4&10.339325584119095|73235&4&10.339325584119095|73236&4&10.339325584119095|73237&4&19.327396646908486|73238&4&10.339325584119095|73239&4&421.8298700164029|73240&4&329.44987766241525|73241&4&27.850839366488685|73242&4&49.45225136959642|73243&4&66.41929851727552|73244&4&61.60353568354614|73245&4&63.211183884530755|73246&4&398.37812067705556|73247&4&65.20256560839958|73248&4&78.24809533409713|73249&4&47.81594737295852|73251&4&46.17161218629896|73256&4&131.51904704804966|73264&4&338.6466813742002|73265&4&81.52347694690991|73272&4&369.53073141911307|73284&4&77.45530958576961|73286&4&56.6553348615489|73289&4&8.881784197001252E-16|73290&4&8.881784197001252E-16|73291&4&0.3142857150190479|73292&4&0.3142857150190479|73293&4&0.633285715763376|73294&4&0.633285715763376|73295&4&0.9570530379474019|73296&4&0.9570530379474019|73297&4&1.2856412476426797|73298&4&1.2856412476426797|73299&4&4.715179744671823|73300&4&16.235550812961666|73304&4&2.9829394421275297,2|73194&4&315.77736479498293|73199&4&4.440892098500626E-15|73200&4&4.440892098500626E-15|73201&4&4.440892098500626E-15|73202&4&4.440892098500626E-15|73203&4&4.440892098500626E-15|73204&4&4.440892098500626E-15|73205&4&4.440892098500626E-15|73206&4&4.440892098500626E-15|73207&4&4.440892098500626E-15|73208&4&4.440892098500626E-15|73209&4&305.464136951182|73210&4&2.52753428686097|73211&4&2.52753428686097|73212&4&2.52753428686097|73213&4&2.52753428686097|73214&4&2.52753428686097|73215&4&2.52753428686097|73216&4&2.52753428686097|73217&4&2.52753428686097|73218&4&2.52753428686097|73219&4&5.092981588024836|73220&4&5.092981588024836|73221&4&5.092981588024836|73222&4&5.092981588024836|73223&4&5.092981588024836|73224&4&327.4530517430087|73225&4&5.092981588024836|73226&4&5.092981588024836|73227&4&5.092981588024836|73228&4&5.092981588024836|73229&4&7.696768424902566|73230&4&7.696768424902566|73231&4&7.696768424902566|73232&4&7.696768424902566|73233&4&351.7006696263647|73234&4&7.696768424902566|73235&4&14.00196526436684|73236&4&344.97243522930194|73237&4&7.696768424902566|73238&4&7.696768424902566|73239&4&10.339325584119095|73240&4&43.52782305768458|73241&4&10.339325584119095|73242&4&10.339325584119095|73243&4&21.444616539447715|73244&4&10.339325584119095|73245&4&10.339325584119095|73246&4&10.339325584119095|73247&4&10.339325584119095|73248&4&158.91644404884605|73249&4&58.915082421389|73250&4&55.94683583196466|73251&4&27.84846852941375|73252&4&39.21716891869615|73253&4&67.52200554882916|73254&4&253.52252161645114|73255&4&83.87448805732845|73256&4&44.79566547799483|73257&4&186.35719536806093|73258&4&245.8348394127207|73266&4&196.76730018095282|73274&4&367.0696202921245|73276&4&135.0988563917504|73277&4&81.55757983172265|73278&4&178.7664009043895|73291&4&8.881784197001252E-16|73292&4&8.881784197001252E-16|73293&4&0.3142857150190479|73294&4&0.3142857150190479|73295&4&0.633285715763376|73296&4&0.633285715763376|73297&4&0.9570530379474019|73298&4&0.9570530379474019|73299&4&1.2856412476426797|73300&4&1.2856412476426797|73301&4&59.52329078173246|73302&4&2.778423596808227,2|73190&4&264.4454484702968|73202&4&338.2205257531239|73206&4&267.37014162205514|73207&4&73.79433957760267|73209&4&4.440892098500626E-15|73210&4&4.440892098500626E-15|73211&4&347.0148550215945|73212&4&4.440892098500626E-15|73213&4&4.440892098500626E-15|73214&4&4.440892098500626E-15|73215&4&4.440892098500626E-15|73216&4&195.73847694429372|73217&4&4.440892098500626E-15|73218&4&4.440892098500626E-15|73219&4&2.52753428686097|73220&4&163.30189857304265|73221&4&2.52753428686097|73222&4&2.52753428686097|73223&4&2.52753428686097|73224&4&2.52753428686097|73225&4&2.52753428686097|73226&4&2.52753428686097|73227&4&2.52753428686097|73228&4&2.52753428686097|73229&4&5.092981588024836|73230&4&5.092981588024836|73231&4&5.092981588024836|73232&4&5.092981588024836|73233&4&5.092981588024836|73234&4&85.1356700259965|73235&4&5.092981588024836|73236&4&5.092981588024836|73237&4&5.092981588024836|73238&4&5.092981588024836|73239&4&7.696768424902566|73240&4&7.696768424902566|73241&4&7.696768424902566|73242&4&199.276999535095|73243&4&7.696768424902566|73244&4&7.696768424902566|73245&4&7.696768424902566|73246&4&7.696768424902566|73247&4&7.696768424902566|73248&4&7.696768424902566|73249&4&10.339325584119095|73250&4&235.85421124472455|73251&4&10.339325584119095|73252&4&10.339325584119095|73253&4&10.339325584119095|73254&4&10.339325584119095|73255&4&10.339325584119095|73256&4&10.339325584119095|73257&4&10.339325584119095|73258&4&10.339325584119095|73259&4&47.39125377503808|73260&4&65.02323194688971|73261&4&85.79575339664517|73262&4&120.53552802088126|73263&4&56.54765068027245|73264&4&52.73390077789604|73265&4&58.40174479216142|73266&4&53.43885508277059|73267&4&258.54672840961786|73268&4&47.50735874253016|73270&4&82.1732054173626|73275&4&187.28641212522234|73282&4&276.98580428431023|73285&4&235.20409909219836|73293&4&8.881784197001252E-16|73294&4&8.881784197001252E-16|73295&4&0.3142857150190479|73296&4&0.3142857150190479|73297&4&0.633285715763376|73298&4&0.633285715763376|73299&4&0.9570530379474019|73300&4&0.9570530379474019|73301&4&1.2856412476426797|73302&4&1.2856412476426797|73303&4&8.556884292740973|73304&4&1.6191044462499988,2|73191&4&131.9077361900638|73193&4&23.8123989118496|73194&4&18.534610625701156|73197&4&23.755015041707757|73204&4&296.0604142834115|73207&4&47.67166267818649|73215&4&393.60824659812045|73219&4&4.440892098500626E-15|73220&4&4.440892098500626E-15|73221&4&352.63870929604695|73222&4&4.440892098500626E-15|73223&4&4.440892098500626E-15|73224&4&4.440892098500626E-15|73225&4&27.049163254671647|73226&4&4.440892098500626E-15|73227&4&4.440892098500626E-15|73228&4&4.440892098500626E-15|73229&4&347.2071820022111|73230&4&2.52753428686097|73231&4&111.7403169033233|73232&4&2.52753428686097|73233&4&2.52753428686097|73234&4&2.52753428686097|73235&4&348.7185364564985|73236&4&2.52753428686097|73237&4&14.853102936633228|73238&4&2.52753428686097|73239&4&5.092981588024836|73240&4&5.092981588024836|73241&4&5.092981588024836|73242&4&5.092981588024836|73243&4&5.092981588024836|73244&4&5.092981588024836|73245&4&5.092981588024836|73246&4&5.092981588024836|73247&4&320.9555240435154|73248&4&5.092981588024836|73249&4&401.14954589908837|73250&4&7.696768424902566|73251&4&351.3456368450231|73252&4&7.696768424902566|73253&4&7.696768424902566|73254&4&7.696768424902566|73255&4&7.696768424902566|73256&4&7.696768424902566|73257&4&7.696768424902566|73258&4&7.696768424902566|73259&4&10.339325584119095|73260&4&10.339325584119095|73261&4&167.62390178806032|73262&4&10.339325584119095|73263&4&10.339325584119095|73264&4&10.339325584119095|73265&4&10.339325584119095|73266&4&10.339325584119095|73267&4&10.339325584119095|73268&4&10.339325584119095|73269&4&385.332832727235|73270&4&116.20878749095314|73271&4&241.41511540164632|73272&4&51.009300791249714|73273&4&47.06385383504593|73274&4&58.79679905267008|73275&4&27.851262886223726|73276&4&47.48569730340075|73277&4&74.55292322636521|73278&4&27.850839366488685|73281&4&260.4933812305037|73286&4&362.21154180228433|73287&4&341.33330198093205|73288&4&234.2396657543483|73293&4&37.70406880497786|73295&4&8.881784197001252E-16|73296&4&8.881784197001252E-16|73297&4&0.3142857150190479|73298&4&0.3142857150190479|73299&4&0.633285715763376|73300&4&0.633285715763376|73301&4&0.9570530379474019|73302&4&0.9570530379474019|73303&4&1.2856412476426797|73304&4&34.06197559181236|73305&4&8.64124148633082|73306&4&16.168068388433504,2|73191&4&21.59614717350972|73192&4&35.51841544818873|73196&4&42.153545785515036|73207&4&23.795137346580866|73208&4&113.65704487255448|73210&4&79.85625738611887|73212&4&91.38375302066896|73227&4&105.2098102799132|73229&4&4.440892098500626E-15|73230&4&4.440892098500626E-15|73231&4&4.440892098500626E-15|73232&4&4.440892098500626E-15|73233&4&4.440892098500626E-15|73234&4&4.440892098500626E-15|73235&4&4.440892098500626E-15|73236&4&4.440892098500626E-15|73237&4&4.440892098500626E-15|73238&4&4.440892098500626E-15|73239&4&2.52753428686097|73240&4&2.52753428686097|73241&4&2.52753428686097|73242&4&7.00550264180141|73243&4&2.52753428686097|73244&4&2.52753428686097|73245&4&2.52753428686097|73246&4&2.52753428686097|73247&4&2.52753428686097|73248&4&2.52753428686097|73249&4&5.092981588024836|73250&4&5.092981588024836|73251&4&5.092981588024836|73252&4&5.092981588024836|73253&4&5.092981588024836|73254&4&49.85018757797006|73255&4&5.092981588024836|73256&4&5.092981588024836|73257&4&207.68312827294767|73258&4&5.092981588024836|73259&4&7.696768424902566|73260&4&146.3103616711034|73261&4&7.696768424902566|73262&4&7.696768424902566|73263&4&7.696768424902566|73264&4&7.696768424902566|73265&4&7.696768424902566|73266&4&124.62002878800098|73267&4&7.696768424902566|73268&4&7.696768424902566|73269&4&10.339325584119095|73270&4&10.339325584119095|73271&4&202.002291648103|73272&4&10.339325584119095|73273&4&10.339325584119095|73274&4&10.339325584119095|73275&4&10.339325584119095|73276&4&30.291003166569627|73277&4&211.63435863575654|73278&4&322.75824669338806|73279&4&90.46641250784924|73280&4&82.34343982778663|73281&4&79.17907287276145|73282&4&70.31258595815866|73283&4&60.14532901752668|73284&4&89.1642186080695|73285&4&66.91923781508706|73286&4&13.021088157500017|73287&4&49.68918396547149|73288&4&60.15706132992598|73297&4&8.881784197001252E-16|73298&4&8.881784197001252E-16|73299&4&0.3142857150190479|73300&4&0.3142857150190479|73301&4&0.633285715763376|73302&4&0.633285715763376|73303&4&0.9570530379474019|73304&4&0.9570530379474019|73305&4&1.2856412476426797|73306&4&1.2856412476426797
16|4,130,1,1,1,1,1,1,1,1,1,1,1,1,1,1,1,1,1,1,1,1,1,1,1,1,1,1,1,1,1,1,1,1,1,1,1,1,1,1,1,1,1,1,1,1,1,1,1,1,1,1,1,1,1,1,1,1,1,1,1,1,1,1,1,1,1,1,1,1,1,1,1,1,1,1,1,1,1,1,1,1,1,1,1,1,1,1,1,1,1,1,1,1,1,1,1,1,1,1,1,1,0,0,0,0,0,0,0,0,0,0,0,0,0,0,0,0,0,0,0,0,2|73189&4&39.558732077444375|73190&4&45.098650462777925|73191&4&44.65128911038843|73192&4&48.88557031904746|73193&4&50.856996152730275|73194&4&49.96570146440102|73195&4&49.723357385274035|73196&4&305.5107714154992|73197&4&497.4779413656079|73198&4&47.143409142836084|73205&4&49.0090503499369|73207&4&293.4300510448709|73210&4&67.31581341251675|73211&4&61.239579864049716|73213&4&82.90322067933603|73219&4&244.50281823197577|73220&4&55.886439260057614|73222&4&359.8057103548105|73225&4&71.48760779868354|73230&4&436.27922986871295|73234&4&95.10063244328971|73241&4&36.50995757965248|73243&4&34.30817377508133|73249&4&0.0|73250&4&0.0|73251&4&0.0|73252&4&0.0|73253&4&0.0|73254&4&0.0|73255&4&290.2914275860387|73256&4&39.89724305464478|73257&4&0.0|73258&4&0.0|73259&4&66.6857686061939|73260&4&2.546490794012409|73261&4&2.546490794012409|73262&4&179.70395031171591|73263&4&2.546490794012409|73264&4&2.546490794012409|73265&4&2.546490794012409|73266&4&2.546490794012409|73267&4&2.546490794012409|73268&4&239.60163075558216|73269&4&5.131178949935046|73270&4&5.131178949935046|73271&4&5.131178949935046|73272&4&5.131178949935046|73273&4&5.131178949935046|73274&4&5.131178949935046|73275&4&29.2367399244839|73276&4&5.131178949935046|73277&4&5.131178949935046|73278&4&5.131178949935046|73279&4&139.5531332284011|73280&4&196.1001580953377|73281&4&7.754494188089318|73282&4&7.754494188089318|73283&4&7.754494188089318|73284&4&74.891040080986|73285&4&7.754494188089318|73286&4&7.754494188089318|73287&4&7.754494188089318|73288&4&7.754494188089318|73289&4&8.596510062993739|73290&4&6.648802586836249|73301&4&1.9984014443252818E-15|73302&4&1.9984014443252818E-15|73303&4&0.3166428578816873|73304&4&0.3166428578816873|73305&4&0.6380353586316005|73306&4&0.6380353586316005,2|73189&4&10.146576654217945|73190&4&7.754494188089318|73191&4&7.754494188089318|73192&4&7.754494188089318|73193&4&7.754494188089318|73194&4&7.754494188089318|73195&4&7.754494188089318|73196&4&7.754494188089318|73197&4&16.938496293850196|73198&4&7.754494188089318|73199&4&50.584091424884804|73200&4&94.63278862462684|73201&4&39.9613622801489|73202&4&55.48896260933586|73203&4&109.17323216724733|73204&4&58.288329469020546|73205&4&59.902539253911456|73206&4&81.89780770444446|73207&4&22.775301332708104|73208&4&230.81331065451008|73214&4&224.2067722381483|73218&4&61.93644461424662|73226&4&307.1680658031259|73227&4&121.51743823018643|73229&4&20.52183470459528|73233&4&51.12485268221986|73234&4&30.713698936361578|73239&4&8.035719670178004|73244&4&375.4341642898904|73250&4&177.8510532678755|73252&4&302.83335555768394|73253&4&355.4376921855762|73258&4&105.88352600747157|73259&4&0.0|73260&4&141.02969893275232|73261&4&0.0|73262&4&0.0|73263&4&54.98624648075962|73264&4&0.0|73265&4&59.1336436868584|73266&4&0.0|73267&4&0.0|73268&4&0.0|73269&4&2.546490794012409|73270&4&2.546490794012409|73271&4&37.19410514268715|73272&4&2.546490794012409|73273&4&2.546490794012409|73274&4&2.546490794012409|73275&4&6.881953900907262|73276&4&2.546490794012409|73277&4&2.546490794012409|73278&4&19.492109948442135|73279&4&5.131178949935046|73280&4&45.54708324160612|73281&4&5.131178949935046|73282&4&77.06283092303158|73283&4&5.131178949935046|73284&4&5.131178949935046|73285&4&5.131178949935046|73286&4&23.579105709937977|73287&4&5.131178949935046|73288&4&5.131178949935046|73289&4&0.9642309357320098|73290&4&0.9642309357320098|73291&4&7.969580350583417|73292&4&7.852472548865341|73297&4&10.165623265999605|73302&4&23.558327699822293|73303&4&37.106889985611325|73304&4&1.9984014443252818E-15|73305&4&0.3166428578816873|73306&4&0.3166428578816873,2|73189&4&5.131178949935046|73190&4&5.131178949935046|73191&4&5.131178949935046|73192&4&237.77157837752523|73193&4&266.57302692914493|73194&4&5.131178949935046|73195&4&5.131178949935046|73196&4&5.131178949935046|73197&4&5.131178949935046|73198&4&5.131178949935046|73199&4&7.754494188089318|73200&4&7.754494188089318|73201&4&7.754494188089318|73202&4&7.754494188089318|73203&4&7.754494188089318|73204&4&7.754494188089318|73205&4&7.754494188089318|73206&4&7.754494188089318|73207&4&7.754494188089318|73208&4&7.754494188089318|73209&4&52.52941632506253|73210&4&165.48928795302547|73211&4&10.416870526000018|73212&4&35.61477467469154|73213&4&458.22884009332245|73214&4&207.77699271429253|73215&4&94.04718454837504|73216&4&103.26988494783522|73217&4&240.62070853399382|73218&4&358.48810691250895|73220&4&181.5569145724822|73223&4&208.94965917509035|73231&4&86.91408664982323|73234&4&197.4670626067105|73241&4&251.0792412107995|73245&4&229.62279513052206|73248&4&30.7318503603587|73256&4&207.61120996899962|73262&4&4.81107467868325|73265&4&268.8060630128613|73269&4&0.0|73270&4&0.0|73271&4&0.0|73272&4&0.0|73273&4&314.35255579543696|73274&4&0.0|73275&4&42.25403997408985|73276&4&0.0|73277&4&0.0|73278&4&0.0|73279&4&2.546490794012409|73280&4&2.546490794012409|73281&4&2.546490794012409|73282&4&2.546490794012409|73283&4&2.546490794012409|73284&4&2.546490794012409|73285&4&2.546490794012409|73286&4&2.546490794012409|73287&4&2.546490794012409|73288&4&2.546490794012409|73289&4&0.6380353586316005|73290&4&0.6380353586316005|73291&4&0.9642309357320098|73292&4&13.29792604211086|73293&4&7.308388211869101|73294&4&7.298541217178679|73302&4&1.550594232221291|73305&4&1.9984014443252818E-15|73306&4&1.9984014443252818E-15,2|73189&4&2.546490794012409|73190&4&2.546490794012409|73191&4&2.546490794012409|73192&4&2.546490794012409|73193&4&2.546490794012409|73194&4&2.546490794012409|73195&4&171.51856302328682|73196&4&2.546490794012409|73197&4&2.546490794012409|73198&4&2.546490794012409|73199&4&102.63748399529834|73200&4&386.3575485526813|73201&4&5.131178949935046|73202&4&5.131178949935046|73203&4&345.9728996486858|73204&4&5.131178949935046|73205&4&5.131178949935046|73206&4&5.131178949935046|73207&4&5.131178949935046|73208&4&5.131178949935046|73209&4&7.754494188089318|73210&4&7.754494188089318|73211&4&7.754494188089318|73212&4&262.1359124446653|73213&4&7.754494188089318|73214&4&7.754494188089318|73215&4&7.754494188089318|73216&4&7.754494188089318|73217&4&340.8843034841788|73218&4&7.754494188089318|73219&4&10.416870526000018|73220&4&54.71400288255029|73221&4&69.90008763691607|73222&4&36.83268179179219|73223&4&43.20800887081139|73224&4&52.9277209084911|73225&4&43.13026435567374|73226&4&45.03871500155728|73227&4&58.43442175589792|73228&4&45.88732870755439|73231&4&217.1932902366409|73237&4&238.57489166395777|73241&4&11.487982182528382|73243&4&333.08185645498725|73245&4&53.91861059642445|73251&4&66.51414301262422|73254&4&111.92355136178185|73259&4&268.26552829434144|73261&4&120.61631070160183|73263&4&302.67119599563915|73271&4&20.533343487525833|73272&4&28.989883780743398|73273&4&32.39914551305421|73279&4&0.0|73280&4&0.0|73281&4&0.0|73282&4&0.0|73283&4&0.0|73284&4&0.0|73285&4&0.0|73286&4&46.11146243056897|73287&4&0.0|73288&4&0.0|73289&4&0.3166428578816873|73290&4&0.3166428578816873|73291&4&0.6380353586316005|73292&4&8.014246263951936|73293&4&0.9642309357320098|73294&4&7.607605245586715|73295&4&5.9848473324282665|73296&4&6.155236088752675|73302&4&8.093287919007386,2|73189&4&0.0|73190&4&0.0|73191&4&0.0|73192&4&103.00740356643945|73193&4&30.414662036523108|73194&4&0.0|73195&4&29.149318517341793|73196&4&0.0|73197&4&0.0|73198&4&40.41149966377537|73199&4&54.552939300054646|73200&4&2.546490794012409|73201&4&2.546490794012409|73202&4&2.546490794012409|73203&4&2.546490794012409|73204&4&2.546490794012409|73205&4&239.90830388564177|73206&4&2.546490794012409|73207&4&2.546490794012409|73208&4&2.546490794012409|73209&4&5.131178949935046|73210&4&46.474341776679765|73211&4&5.131178949935046|73212&4&5.131178949935046|73213&4&5.131178949935046|73214&4&5.131178949935046|73215&4&5.131178949935046|73216&4&5.131178949935046|73217&4&5.131178949935046|73218&4&5.131178949935046|73219&4&52.96813806298966|73220&4&7.754494188089318|73221&4&7.754494188089318|73222&4&23.019285861533398|73223&4&39.04458110197369|73224&4&7.754494188089318|73225&4&263.81581499982525|73226&4&31.094967574086304|73227&4&7.754494188089318|73228&4&7.754494188089318|73229&4&44.92834497882148|73230&4&66.60379689642718|73231&4&55.13683899569809|73232&4&167.81364839205196|73233&4&42.82311154770911|73234&4&41.32215354330859|73235&4&56.8217876486181|73236&4&45.523760537141484|73237&4&43.261588184680036|73238&4&466.4988683196496|73242&4&31.027258259889948|73249&4&25.77482544991233|73254&4&58.94881044187605|73258&4&55.907341195945676|73259&4&99.11059979127324|73268&4&110.96321864891306|73270&4&38.03194271094864|73274&4&12.722741620768096|73276&4&223.24575396383938|73283&4&331.96182501001033|73285&4&97.70236094132707|73289&4&1.9984014443252818E-15|73290&4&1.9984014443252818E-15|73291&4&0.3166428578816873|73292&4&0.3166428578816873|73293&4&0.6380353586316005|73294&4&0.6380353586316005|73295&4&0.9642309357320098|73296&4&0.9642309357320098|73297&4&7.335135860456367|73298&4&6.700428891514374,2|73189&4&288.8791653906219|73191&4&212.53601888411524|73198&4&468.2101619509917|73199&4&87.13750505349361|73200&4&0.0|73201&4&261.53826748087965|73202&4&0.0|73203&4&0.0|73204&4&0.0|73205&4&0.0|73206&4&0.0|73207&4&0.0|73208&4&0.0|73209&4&2.546490794012409|73210&4&2.546490794012409|73211&4&2.546490794012409|73212&4&2.546490794012409|73213&4&2.546490794012409|73214&4&2.546490794012409|73215&4&2.546490794012409|73216&4&2.546490794012409|73217&4&2.546490794012409|73218&4&2.546490794012409|73219&4&5.131178949935046|73220&4&5.131178949935046|73221&4&5.131178949935046|73222&4&5.131178949935046|73223&4&71.37391433222933|73224&4&5.131178949935046|73225&4&5.131178949935046|73226&4&5.131178949935046|73227&4&5.131178949935046|73228&4&269.1632758225147|73229&4&7.754494188089318|73230&4&7.754494188089318|73231&4&7.754494188089318|73232&4&7.754494188089318|73233&4&7.754494188089318|73234&4&7.754494188089318|73235&4&7.754494188089318|73236&4&7.754494188089318|73237&4&16.051175169125678|73238&4&7.754494188089318|73239&4&390.42932567542937|73240&4&369.9223663322268|73241&4&22.774996533490576|73242&4&41.290492536154346|73243&4&56.20326753319845|73244&4&51.95732614237437|73245&4&53.40148982248754|73246&4&445.8224404114138|73247&4&55.14148346434885|73248&4&66.55163575804968|73249&4&44.13779757503863|73251&4&42.61994971042981|73256&4&194.4282862841099|73264&4&364.1791190377963|73265&4&75.25244025868608|73272&4&424.18849578445673|73284&4&73.41318409752236|73286&4&48.573385923910834|73291&4&1.9984014443252818E-15|73292&4&1.9984014443252818E-15|73293&4&0.3166428578816873|73294&4&0.3166428578816873|73295&4&0.6380353586316005|73296&4&0.6380353586316005|73297&4&0.9642309357320098|73298&4&0.9642309357320098|73299&4&3.923862703151178|73300&4&14.128983754395279|73304&4&2.5292023991912576,2|73193&4&7.037257240669689|73194&4&359.0001000081502|73209&4&335.48447429127856|73210&4&0.0|73211&4&0.0|73212&4&0.0|73213&4&0.0|73214&4&0.0|73215&4&0.0|73216&4&0.0|73217&4&0.0|73218&4&0.0|73219&4&2.546490794012409|73220&4&2.546490794012409|73221&4&2.546490794012409|73222&4&2.546490794012409|73223&4&2.546490794012409|73224&4&315.0876691988148|73225&4&2.546490794012409|73226&4&2.546490794012409|73227&4&2.546490794012409|73228&4&2.546490794012409|73229&4&5.131178949935046|73230&4&5.131178949935046|73231&4&5.131178949935046|73232&4&5.131178949935046|73233&4&387.90229919878107|73234&4&5.131178949935046|73235&4&10.86317607672075|73236&4&321.3778523866271|73237&4&5.131178949935046|73238&4&5.131178949935046|73239&4&7.754494188089318|73240&4&37.9258555276943|73241&4&7.754494188089318|73242&4&7.754494188089318|73243&4&17.85021323838806|73244&4&7.754494188089318|73245&4&7.754494188089318|73246&4&7.754494188089318|73247&4&7.754494188089318|73248&4&146.19160946364525|73249&4&49.650340152919775|73250&4&47.023193665348586|73251&4&22.77302083592813|73252&4&32.51768589398094|73253&4&57.13655014576674|73254&4&230.57838181957635|73255&4&71.65994786092544|73256&4&37.298860151349636|73257&4&167.5919273371041|73258&4&223.81007179875508|73263&4&10.579809811873348|73266&4&182.68433779501646|73274&4&407.7717171621204|73276&4&125.72330555081182|73277&4&75.78527992257911|73278&4&165.7716301395973|73293&4&1.9984014443252818E-15|73294&4&1.9984014443252818E-15|73295&4&0.3166428578816873|73296&4&0.3166428578816873|73297&4&0.6380353586316005|73298&4&0.6380353586316005|73299&4&0.9642309357320098|73300&4&0.9642309357320098|73301&4&63.93733840715111|73302&4&2.2613828491318557|73304&4&8.341893317085999,2|73190&4&268.3674855577183|73202&4&379.04625068251727|73206&4&316.643780377344|73207&4&139.18700950226946|73211&4&326.08449504815184|73216&4&184.40693996834017|73219&4&0.0|73220&4&150.90254142105226|73221&4&0.0|73222&4&0.0|73223&4&0.0|73224&4&0.0|73225&4&0.0|73226&4&0.0|73227&4&0.0|73228&4&0.0|73229&4&2.546490794012409|73230&4&2.546490794012409|73231&4&2.546490794012409|73232&4&2.546490794012409|73233&4&2.546490794012409|73234&4&77.75147491841251|73235&4&2.546490794012409|73236&4&2.546490794012409|73237&4&2.546490794012409|73238&4&2.546490794012409|73239&4&5.131178949935046|73240&4&5.131178949935046|73241&4&5.131178949935046|73242&4&227.05535991621372|73243&4&5.131178949935046|73244&4&5.131178949935046|73245&4&5.131178949935046|73246&4&5.131178949935046|73247&4&5.131178949935046|73248&4&5.131178949935046|73249&4&7.754494188089318|73250&4&289.22485416533516|73251&4&7.754494188089318|73252&4&7.754494188089318|73253&4&7.754494188089318|73254&4&7.754494188089318|73255&4&7.754494188089318|73256&4&7.754494188089318|73257&4&7.754494188089318|73258&4&7.754494188089318|73259&4&39.523938815779644|73260&4&54.918430911102675|73261&4&73.60980884410836|73262&4&105.7911870553222|73263&4&47.66176076170044|73264&4&44.204135152503106|73265&4&49.157621009291006|73266&4&44.81496977532595|73267&4&235.25276365815833|73268&4&39.62344736088938|73270&4&94.29011845004453|73275&4&248.73765099866156|73282&4&261.5737367261507|73285&4&219.25238315189353|73295&4&1.9984014443252818E-15|73296&4&1.9984014443252818E-15|73297&4&0.3166428578816873|73298&4&0.3166428578816873|73299&4&0.6380353586316005|73300&4&0.6380353586316005|73301&4&0.9642309357320098|73302&4&0.9642309357320098|73303&4&7.284877844404784|73304&4&1.295283556999999,2|73191&4&122.20902492038283|73193&4&21.647635374408726|73194&4&17.108871346801067|73197&4&21.595468219734325|73204&4&345.5341414166042|73207&4&43.33787516198772|73215&4&369.9831894494136|73221&4&402.2130898318019|73225&4&24.590148413337857|73229&4&379.3395760575113|73230&4&0.0|73231&4&100.63160902732021|73232&4&0.0|73233&4&0.0|73234&4&0.0|73235&4&399.17125433513115|73236&4&0.0|73237&4&11.20506240888387|73238&4&0.0|73239&4&2.546490794012409|73240&4&2.546490794012409|73241&4&2.546490794012409|73242&4&2.546490794012409|73243&4&2.546490794012409|73244&4&2.546490794012409|73245&4&2.546490794012409|73246&4&2.546490794012409|73247&4&321.32360896689136|73248&4&2.546490794012409|73249&4&440.2772233977958|73250&4&5.131178949935046|73251&4&392.13314242903306|73252&4&5.131178949935046|73253&4&5.131178949935046|73254&4&5.131178949935046|73255&4&5.131178949935046|73256&4&5.131178949935046|73257&4&5.131178949935046|73258&4&5.131178949935046|73259&4&7.754494188089318|73260&4&7.754494188089318|73261&4&154.81359974380166|73262&4&7.754494188089318|73263&4&7.754494188089318|73264&4&7.754494188089318|73265&4&7.754494188089318|73266&4&7.754494188089318|73267&4&7.754494188089318|73268&4&7.754494188089318|73269&4&424.9002323090134|73270&4&102.45073080831902|73271&4&221.34496457449126|73272&4&42.62507621833942|73273&4&39.243140448236915|73274&4&49.50302808636489|73275&4&22.77534946660311|73276&4&39.60483427110498|73277&4&63.32070031570378|73278&4&22.774996533490576|73281&4&243.24148707158193|73286&4&339.43335503459235|73287&4&320.36067727310393|73288&4&218.73892118274|73293&4&43.95182353457556|73297&4&1.9984014443252818E-15|73298&4&1.9984014443252818E-15|73299&4&0.3166428578816873|73300&4&0.3166428578816873|73301&4&0.6380353586316005|73302&4&0.6380353586316005|73303&4&0.9642309357320098|73304&4&31.694741076457838|73305&4&7.359609083588214|73306&4&14.059605533965517,2|73191&4&19.63286106682702|73192&4&33.150521084976155|73196&4&38.32140525955913|73207&4&20.524776407918267|73208&4&175.04693706439|73210&4&151.2110022089827|73212&4&86.67900927250231|73227&4&99.03869330131715|73239&4&0.0|73240&4&0.0|73241&4&0.0|73242&4&3.918222310572885|73243&4&0.0|73244&4&0.0|73245&4&0.0|73246&4&0.0|73247&4&0.0|73248&4&0.0|73249&4&2.546490794012409|73250&4&2.546490794012409|73251&4&2.546490794012409|73252&4&2.546490794012409|73253&4&2.546490794012409|73254&4&47.07364957883818|73255&4&2.546490794012409|73256&4&2.546490794012409|73257&4&250.3356947754755|73258&4&2.546490794012409|73259&4&5.131178949935046|73260&4&136.39005345356668|73261&4&5.131178949935046|73262&4&5.131178949935046|73263&4&5.131178949935046|73264&4&5.131178949935046|73265&4&5.131178949935046|73266&4&174.95572288625647|73267&4&5.131178949935046|73268&4&12.938260007113229|73269&4&7.754494188089318|73270&4&7.754494188089318|73271&4&275.5185244556501|73272&4&7.754494188089318|73273&4&7.754494188089318|73274&4&7.754494188089318|73275&4&7.754494188089318|73276&4&25.212212072733536|73277&4&198.78323852746837|73278&4&366.0447762273065|73279&4&77.54892950843683|73280&4&70.10345199630481|73281&4&67.40503434268862|73282&4&59.63615062978093|73283&4&50.7249642059219|73284&4&76.4778198224954|73285&4&56.643659127312596|73286&4&10.416870526000018|73287&4&41.53308644066661|73288&4&50.740299504289354|73299&4&1.9984014443252818E-15|73300&4&1.9984014443252818E-15|73301&4&0.3166428578816873|73302&4&0.3166428578816873|73303&4&0.6380353586316005|73304&4&0.6380353586316005|73305&4&0.9642309357320098|73306&4&0.9642309357320098
17|4,130,1,1,1,1,1,1,1,1,1,1,1,1,1,1,1,1,1,1,1,1,1,1,1,1,1,1,1,1,1,1,1,1,1,1,1,1,1,1,1,1,1,1,1,1,1,1,1,1,1,1,1,1,1,1,1,1,1,1,1,1,1,1,1,1,1,1,1,1,1,1,1,1,1,1,1,1,1,1,1,1,1,1,1,1,1,1,1,1,1,1,1,1,1,1,1,1,1,1,1,1,0,0,0,0,0,0,0,0,0,0,0,0,0,0,0,0,0,0,0,0,2|73189&4&31.685281429783387|73190&4&36.43428228297775|73191&4&36.01425438395794|73192&4&39.678271620572936|73193&4&41.40819646157419|73194&4&40.64030277732007|73195&4&40.40080717931811|73196&4&280.2764383921768|73197&4&539.7773280879725|73198&4&38.18451845004981|73205&4&50.75177579315928|73207&4&273.43442433083544|73210&4&61.70616229480702|73211&4&51.3463506132687|73213&4&75.99461895605802|73219&4&262.1181292993713|73220&4&51.22923598838615|73222&4&337.16472919688675|73225&4&65.53030714879326|73230&4&409.73205538596164|73234&4&87.36825718138257|73241&4&33.467461114681434|73243&4&31.44915929382455|73255&4&332.3037827206853|73256&4&36.78063660651232|73259&4&58.794337994499685|73260&4&-1.7763568394002505E-14|73261&4&-1.7763568394002505E-14|73262&4&164.62523397017333|73263&4&-1.7763568394002505E-14|73264&4&-1.7763568394002505E-14|73265&4&-1.7763568394002505E-14|73266&4&-1.7763568394002505E-14|73267&4&-1.7763568394002505E-14|73268&4&222.0164317182955|73269&4&2.5655894749675268|73270&4&2.5655894749675268|73271&4&2.5655894749675268|73272&4&2.5655894749675268|73273&4&2.5655894749675268|73274&4&2.5655894749675268|73275&4&24.662353701637308|73276&4&2.5655894749675268|73277&4&2.5655894749675268|73278&4&2.5655894749675268|73279&4&127.3844330630987|73280&4&180.59909020275362|73281&4&5.16966279205954|73282&4&5.16966279205954|73283&4&5.16966279205954|73284&4&67.19847950826271|73285&4&5.16966279205954|73286&4&5.16966279205954|73287&4&5.16966279205954|73288&4&5.16966279205954|73289&4&7.138398634786568|73290&4&5.4676292623851115|73303&4&-1.4432899320127035E-15|73304&4&-1.4432899320127035E-15|73305&4&0.31901767931579916|73306&4&0.31901767931579916,2|73189&4&7.322537011575305|73190&4&5.16966279205954|73191&4&5.16966279205954|73192&4&5.16966279205954|73193&4&5.16966279205954|73194&4&5.16966279205954|73195&4&5.16966279205954|73196&4&5.16966279205954|73197&4&13.041664596997437|73198&4&5.16966279205954|73199&4&41.186425123585416|73200&4&79.83505487839831|73201&4&32.08656276997486|73202&4&45.339486002156136|73203&4&94.7420150039186|73204&4&47.73747984703532|73205&4&49.17340952390964|73206&4&70.83040899895073|73207&4&17.699397539866485|73208&4&206.40000327679923|73214&4&207.3935272222252|73218&4&56.57596247034626|73226&4&349.70480937887316|73227&4&149.84832003681123|73229&4&18.469651234135753|73233&4&46.01236741399788|73234&4&27.64232904272542|73239&4&7.232147703160204|73244&4&384.31913139121934|73250&4&162.87287552076083|73252&4&281.084165004444|73253&4&410.8288845822863|73258&4&148.29379815687008|73260&4&129.9391189331705|73263&4&49.48762183268365|73265&4&53.16705344715073|73269&4&-1.7763568394002505E-14|73270&4&-1.7763568394002505E-14|73271&4&31.18285291380725|73272&4&-1.7763568394002505E-14|73273&4&-1.7763568394002505E-14|73274&4&-1.7763568394002505E-14|73275&4&3.90191679620535|73276&4&-1.7763568394002505E-14|73277&4&-1.7763568394002505E-14|73278&4&15.251057238986736|73279&4&2.5655894749675268|73280&4&72.6370316832603|73281&4&2.5655894749675268|73282&4&68.47987153047328|73283&4&2.5655894749675268|73284&4&2.5655894749675268|73285&4&2.5655894749675268|73286&4&19.168723558970164|73287&4&2.5655894749675268|73288&4&2.5655894749675268|73289&4&0.6428206238213399|73290&4&0.6428206238213399|73291&4&6.600546693883136|73292&4&6.5670978712863|73297&4&16.574241464492005|73302&4&22.219388134468648|73303&4&43.09014778830304|73305&4&-1.4432899320127035E-15|73306&4&-1.4432899320127035E-15,2|73189&4&2.5655894749675268|73190&4&2.5655894749675268|73191&4&2.5655894749675268|73192&4&263.09854909129587|73193&4&247.79385428645207|73194&4&2.5655894749675268|73195&4&2.5655894749675268|73196&4&2.5655894749675268|73197&4&2.5655894749675268|73198&4&2.5655894749675268|73199&4&5.16966279205954|73200&4&5.16966279205954|73201&4&5.16966279205954|73202&4&5.16966279205954|73203&4&5.16966279205954|73204&4&5.16966279205954|73205&4&5.16966279205954|73206&4&5.16966279205954|73207&4&5.16966279205954|73208&4&5.16966279205954|73209&4&42.801474122717096|73210&4&149.55733914230672|73211&4&7.812652894500018|73212&4&28.44563206040159|73213&4&462.9996590620832|73214&4&190.40441063014788|73215&4&79.48781147188609|73216&4&88.28440318326216|73217&4&214.58621069585791|73218&4&366.04507110744777|73220&4&228.8474786380094|73223&4&195.66028759601934|73231&4&81.80149331748069|73234&4&259.34434397345717|73241&4&236.81851956591294|73245&4&215.47365680788494|73248&4&28.953076164226452|73256&4&194.24154136006717|73262&4&4.543792752089736|73265&4&286.81511053530755|73273&4&355.09773668358827|73275&4&35.85333184872488|73279&4&-1.7763568394002505E-14|73280&4&-1.7763568394002505E-14|73281&4&-1.7763568394002505E-14|73282&4&-1.7763568394002505E-14|73283&4&-1.7763568394002505E-14|73284&4&-1.7763568394002505E-14|73285&4&-1.7763568394002505E-14|73286&4&-1.7763568394002505E-14|73287&4&-1.7763568394002505E-14|73288&4&-1.7763568394002505E-14|73289&4&0.31901767931579916|73290&4&0.31901767931579916|73291&4&0.6428206238213399|73292&4&12.311872571019792|73293&4&6.033874544546678|73294&4&6.0249863662216345|73302&4&1.2921618601844094,2|73189&4&-1.7763568394002505E-14|73190&4&-1.7763568394002505E-14|73191&4&-1.7763568394002505E-14|73192&4&-1.7763568394002505E-14|73193&4&-1.7763568394002505E-14|73194&4&-1.7763568394002505E-14|73195&4&187.98933802719495|73196&4&-1.7763568394002505E-14|73197&4&-1.7763568394002505E-14|73198&4&-1.7763568394002505E-14|73199&4&94.01606656837336|73200&4&359.178942649269|73201&4&2.5655894749675268|73202&4&2.5655894749675268|73203&4&398.7584241040587|73204&4&2.5655894749675268|73205&4&2.5655894749675268|73206&4&2.5655894749675268|73207&4&2.5655894749675268|73208&4&2.5655894749675268|73209&4&5.16966279205954|73210&4&5.16966279205954|73211&4&5.16966279205954|73212&4&239.94221859836475|73213&4&5.16966279205954|73214&4&5.16966279205954|73215&4&5.16966279205954|73216&4&5.16966279205954|73217&4&382.933005155406|73218&4&5.16966279205954|73219&4&7.812652894500018|73220&4&44.714233334839065|73221&4&57.8648433048286|73222&4&29.413961419259444|73223&4&34.854237657672485|73224&4&43.267479089097186|73225&4&34.74788581501258|73226&4&36.3924494898644|73227&4&47.914830818442454|73228&4&37.10802024086879|73231&4&272.65101660729295|73237&4&232.40108831493237|73241&4&9.846841870738615|73243&4&376.74535807249123|73245&4&106.06094674763133|73251&4&57.42861853108591|73254&4&105.15071183559131|73259&4&251.37442751925659|73261&4&165.114265811082|73263&4&282.73314606414976|73271&4&17.202857383525455|73272&4&26.090895402669055|73273&4&29.906903550511576|73281&4&7.361512440569488|73284&4&11.172860120681333|73286&4&95.45633360167722|73289&4&-1.4432899320127035E-15|73290&4&-1.4432899320127035E-15|73291&4&0.31901767931579916|73292&4&14.699855826500402|73293&4&0.6428206238213399|73294&4&6.455773144944206|73295&4&4.898992624976783|73296&4&5.04523635449402|73302&4&16.066227021582044,2|73192&4&94.28985060344412|73193&4&28.075072649098253|73195&4&26.234386665607616|73198&4&36.37034969739784|73199&4&86.42032610868543|73200&4&-1.7763568394002505E-14|73201&4&-1.7763568394002505E-14|73202&4&-1.7763568394002505E-14|73203&4&-1.7763568394002505E-14|73204&4&-1.7763568394002505E-14|73205&4&221.43140544065312|73206&4&-1.7763568394002505E-14|73207&4&-1.7763568394002505E-14|73208&4&-1.7763568394002505E-14|73209&4&2.5655894749675268|73210&4&39.77443601903777|73211&4&2.5655894749675268|73212&4&2.5655894749675268|73213&4&2.5655894749675268|73214&4&2.5655894749675268|73215&4&2.5655894749675268|73216&4&2.5655894749675268|73217&4&2.5655894749675268|73218&4&2.5655894749675268|73219&4&42.81683634562048|73220&4&5.16966279205954|73221&4&5.16966279205954|73222&4&18.90797529815921|73223&4&33.33074101455547|73224&4&5.16966279205954|73225&4&299.47886955898196|73226&4&26.176088839456828|73227&4&5.16966279205954|73228&4&5.16966279205954|73229&4&36.24570179052505|73230&4&54.90175158095035|73231&4&45.09135816239524|73232&4&149.0090442116096|73233&4&34.40563801920716|73234&4&33.15479931800357|73235&4&46.51812666026427|73236&4&36.85237545720425|73237&4&34.858951468907975|73238&4&489.76054377038724|73241&4&57.951088845526385|73242&4&27.92453243390095|73249&4&23.072498311008957|73254&4&53.05392939768845|73258&4&52.6186740667724|73259&4&92.32521920314959|73262&4&4.4136077377915175|73268&4&100.1486487127626|73270&4&34.228748439853774|73274&4&11.450467458691286|73276&4&264.42842424075627|73283&4&352.79931595061163|73285&4&169.817028167822|73287&4&18.921816014648574|73291&4&-1.4432899320127035E-15|73292&4&-1.4432899320127035E-15|73293&4&0.31901767931579916|73294&4&0.31901767931579916|73295&4&0.6428206238213399|73296&4&0.6428206238213399|73297&4&6.056478941645878|73298&4&5.511773742184905|73306&4&6.526993396984125,2|73189&4&269.66008187017155|73191&4&201.23300446806235|73198&4&508.3922951315393|73199&4&80.08252129517732|73201&4&300.8861202856341|73209&4&-1.7763568394002505E-14|73210&4&-1.7763568394002505E-14|73211&4&-1.7763568394002505E-14|73212&4&-1.7763568394002505E-14|73213&4&-1.7763568394002505E-14|73214&4&-1.7763568394002505E-14|73215&4&-1.7763568394002505E-14|73216&4&-1.7763568394002505E-14|73217&4&-1.7763568394002505E-14|73218&4&-1.7763568394002505E-14|73219&4&2.5655894749675268|73220&4&2.5655894749675268|73221&4&2.5655894749675268|73222&4&2.5655894749675268|73223&4&63.28809690873728|73224&4&2.5655894749675268|73225&4&2.5655894749675268|73226&4&2.5655894749675268|73227&4&2.5655894749675268|73228&4&295.62307600846896|73229&4&5.16966279205954|73230&4&5.16966279205954|73231&4&5.16966279205954|73232&4&5.16966279205954|73233&4&5.16966279205954|73234&4&5.16966279205954|73235&4&5.16966279205954|73236&4&5.16966279205954|73237&4&12.77495369134287|73238&4&5.16966279205954|73239&4&359.0287813344558|73240&4&397.77936314128044|73241&4&17.699153700492467|73242&4&33.12873370271227|73243&4&45.98723654912138|73244&4&42.3111166012026|73245&4&43.59179576044433|73246&4&479.20193846326197|73247&4&45.080401320298115|73248&4&54.855176182002225|73249&4&40.45964777711875|73251&4&39.06828723456066|73256&4&257.84737654073353|73264&4&382.00668198027654|73265&4&68.98140357046225|73272&4&470.13269713212566|73284&4&69.37105860927511|73286&4&40.491436986272774|73293&4&-1.4432899320127035E-15|73294&4&-1.4432899320127035E-15|73295&4&0.31901767931579916|73296&4&0.31901767931579916|73297&4&0.6428206238213399|73298&4&0.6428206238213399|73299&4&3.1325456616305325|73300&4&12.022416695828893|73304&4&2.0754653562549854,2|73193&4&24.860375663809226|73194&4&401.5005714760702|73209&4&369.0954161482835|73211&4&14.913620789821318|73219&4&-1.7763568394002505E-14|73220&4&-1.7763568394002505E-14|73221&4&-1.7763568394002505E-14|73222&4&-1.7763568394002505E-14|73223&4&-1.7763568394002505E-14|73224&4&341.5095562140236|73225&4&-1.7763568394002505E-14|73226&4&-1.7763568394002505E-14|73227&4&-1.7763568394002505E-14|73228&4&-1.7763568394002505E-14|73229&4&2.5655894749675268|73230&4&66.88089609942513|73231&4&2.5655894749675268|73232&4&2.5655894749675268|73233&4&410.7644077829942|73234&4&2.5655894749675268|73235&4&7.72438688907466|73236&4&297.7832695439523|73237&4&2.5655894749675268|73238&4&2.5655894749675268|73239&4&5.16966279205954|73240&4&32.32388799770403|73241&4&5.16966279205954|73242&4&5.16966279205954|73243&4&14.25580993732841|73244&4&5.16966279205954|73245&4&5.16966279205954|73246&4&5.16966279205954|73247&4&5.16966279205954|73248&4&133.46677487844445|73249&4&40.38559788445055|73250&4&38.0995514987325|73251&4&17.697573142442508|73252&4&25.818202869265725|73253&4&46.751094742704325|73254&4&207.6342420227016|73255&4&59.44540766452244|73256&4&29.80205482470444|73257&4&148.8266593061473|73258&4&201.78530418478948|73263&4&34.707284456049756|73266&4&168.6013754090801|73274&4&450.16061176446215|73276&4&116.34775470987326|73277&4&70.01298001343557|73278&4&152.77685937480507|73282&4&3.873252224587748|73295&4&-1.4432899320127035E-15|73296&4&-1.4432899320127035E-15|73297&4&0.31901767931579916|73298&4&0.31901767931579916|73299&4&0.6428206238213399|73300&4&0.6428206238213399|73301&4&68.07175381437665|73302&4&1.744342101455484|73304&4&16.664758824363755,2|73190&4&310.70101041231203|73202&4&417.9797266561641|73206&4&363.75333671037816|73207&4&132.043173178212|73211&4&305.15413507470925|73216&4&173.0754029923866|73220&4&141.03071855592287|73222&4&47.21396054652154|73229&4&-1.7763568394002505E-14|73230&4&-1.7763568394002505E-14|73231&4&-1.7763568394002505E-14|73232&4&-1.7763568394002505E-14|73233&4&-1.7763568394002505E-14|73234&4&70.36727981082852|73235&4&-1.7763568394002505E-14|73236&4&21.429965588524134|73237&4&-1.7763568394002505E-14|73238&4&-1.7763568394002505E-14|73239&4&2.5655894749675268|73240&4&2.5655894749675268|73241&4&2.5655894749675268|73242&4&254.0502324204883|73243&4&2.5655894749675268|73244&4&2.5655894749675268|73245&4&2.5655894749675268|73246&4&2.5655894749675268|73247&4&2.5655894749675268|73248&4&2.5655894749675268|73249&4&5.16966279205954|73250&4&271.21765372488534|73251&4&5.16966279205954|73252&4&5.16966279205954|73253&4&5.16966279205954|73254&4&5.16966279205954|73255&4&5.16966279205954|73256&4&5.16966279205954|73257&4&5.16966279205954|73258&4&5.16966279205954|73259&4&31.656623856521193|73260&4&44.81362987531561|73261&4&61.423864291571576|73262&4&91.04684608976314|73263&4&38.775870843128445|73264&4&35.67436952711018|73265&4&39.913497226420596|73266&4&36.19108446788131|73267&4&211.9587989066988|73268&4&31.739535979248608|73270&4&113.54706520471333|73275&4&266.1098565992514|73282&4&246.1616691679911|73285&4&203.30066721158866|73297&4&-1.4432899320127035E-15|73298&4&-1.4432899320127035E-15|73299&4&0.31901767931579916|73300&4&0.31901767931579916|73301&4&0.6428206238213399|73302&4&0.6428206238213399|73303&4&6.012871396068595|73304&4&0.971462667749999,2|73191&4&112.51031365070189|73193&4&19.482871836967853|73194&4&15.683132067900978|73197&4&19.435921397760893|73204&4&384.8984783427206|73207&4&39.00408764578894|73215&4&402.74017000030614|73221&4&440.78077527622963|73225&4&22.13113357200407|73229&4&406.09627430806086|73231&4&92.05043543817808|73235&4&436.1448699572045|73237&4&10.084556167995483|73239&4&-1.7763568394002505E-14|73240&4&-1.7763568394002505E-14|73241&4&-1.7763568394002505E-14|73242&4&-1.7763568394002505E-14|73243&4&-1.7763568394002505E-14|73244&4&-1.7763568394002505E-14|73245&4&-1.7763568394002505E-14|73246&4&-1.7763568394002505E-14|73247&4&359.8872438383753|73248&4&-1.7763568394002505E-14|73249&4&421.1272785419186|73250&4&2.5655894749675268|73251&4&366.2477624420121|73252&4&2.5655894749675268|73253&4&2.5655894749675268|73254&4&2.5655894749675268|73255&4&2.5655894749675268|73256&4&2.5655894749675268|73257&4&2.5655894749675268|73258&4&2.5655894749675268|73259&4&5.16966279205954|73260&4&5.16966279205954|73261&4&142.003297699543|73262&4&5.16966279205954|73263&4&5.16966279205954|73264&4&5.16966279205954|73265&4&5.16966279205954|73266&4&5.16966279205954|73267&4&5.16966279205954|73268&4&5.16966279205954|73269&4&459.15391951555085|73270&4&88.69267412568493|73271&4&201.2748137473361|73272&4&34.24085164542913|73273&4&31.422427061427896|73274&4&40.2092571200597|73275&4&17.699436046982495|73276&4&31.723971238809206|73277&4&52.088477405042354|73278&4&17.699153700492467|73281&4&225.98959291266016|73286&4&316.65516826690043|73287&4&299.3880525652759|73288&4&203.23817661113162|73293&4&49.9825770440018|73299&4&-1.4432899320127035E-15|73300&4&-1.4432899320127035E-15|73301&4&0.31901767931579916|73302&4&0.31901767931579916|73303&4&0.6428206238213399|73304&4&29.327506561103306|73305&4&6.077976680845607|73306&4&11.951142679497528,2|73189&4&24.552574856827068|73191&4&17.669574960144317|73192&4&30.782626721763574|73196&4&34.48926473360322|73207&4&17.254415469255672|73208&4&233.83757316892965|73210&4&188.40723231624284|73212&4&81.97426552433566|73223&4&8.567649188871352|73227&4&92.8675763227211|73242&4&3.3584762662053294|73249&4&-1.7763568394002505E-14|73250&4&-1.7763568394002505E-14|73251&4&-1.7763568394002505E-14|73252&4&-1.7763568394002505E-14|73253&4&-1.7763568394002505E-14|73254&4&45.20500682705743|73255&4&-1.7763568394002505E-14|73256&4&-1.7763568394002505E-14|73257&4&298.24348365122887|73258&4&-1.7763568394002505E-14|73259&4&2.5655894749675268|73260&4&126.46974523602991|73261&4&2.5655894749675268|73262&4&2.5655894749675268|73263&4&2.5655894749675268|73264&4&2.5655894749675268|73265&4&2.5655894749675268|73266&4&225.73399404842303|73267&4&2.5655894749675268|73268&4&30.02436505179303|73269&4&5.16966279205954|73270&4&5.16966279205954|73271&4&329.1922119113041|73272&4&5.16966279205954|73273&4&5.16966279205954|73274&4&5.16966279205954|73275&4&5.16966279205954|73276&4&20.133420978897444|73277&4&222.3451753512205|73278&4&414.50906616110115|73279&4&64.63144650902443|73280&4&57.863464164822986|73281&4&55.6309958126158|73282&4&48.95971530140319|73283&4&41.30459939431713|73284&4&63.79142103692131|73285&4&46.36808043953813|73286&4&7.812652894500018|73287&4&33.376988915861716|73288&4&41.323537678652734|73301&4&-1.4432899320127035E-15|73302&4&-1.4432899320127035E-15|73303&4&0.31901767931579916|73304&4&0.31901767931579916|73305&4&0.6428206238213399|73306&4&0.6428206238213399
18|4,130,1,1,1,1,1,1,1,1,1,1,1,1,1,1,1,1,1,1,1,1,1,1,1,1,1,1,1,1,1,1,1,1,1,1,1,1,1,1,1,1,1,1,1,1,1,1,1,1,1,1,1,1,1,1,1,1,1,1,1,1,1,1,1,1,1,1,1,1,1,1,1,1,1,1,1,1,1,1,1,1,1,1,1,1,1,1,1,1,1,1,1,1,1,1,1,1,1,1,1,1,0,0,0,0,0,0,0,0,0,0,0,0,0,0,0,0,0,0,0,0,2|73189&4&23.811830782122392|73190&4&27.76991410317757|73191&4&27.377219657527434|73192&4&30.470972922098404|73193&4&31.959396770418113|73194&4&31.314904090239125|73195&4&31.07825697336218|73196&4&255.0421053688542|73197&4&571.265229296479|73198&4&29.22562775726353|73205&4&73.09006932872727|73207&4&253.43879761679992|73210&4&56.0965111770973|73211&4&41.45312136248769|73213&4&69.08601723278001|73219&4&289.4852653049435|73220&4&46.57203271671469|73222&4&314.5237480389629|73225&4&59.57300649890296|73230&4&383.1848809032102|73234&4&79.63588191947544|73241&4&30.424964649710393|73243&4&28.59014481256777|73255&4&345.9310857616588|73256&4&33.66403015837986|73259&4&53.44939817681791|73262&4&152.0930084226432|73268&4&206.97772347502126|73269&4&7.105427357601002E-15|73270&4&7.105427357601002E-15|73271&4&7.105427357601002E-15|73272&4&7.105427357601002E-15|73273&4&7.105427357601002E-15|73274&4&7.105427357601002E-15|73275&4&20.087967478790716|73276&4&7.105427357601002E-15|73277&4&7.105427357601002E-15|73278&4&7.105427357601002E-15|73279&4&115.21573289779626|73280&4&165.09802231016957|73281&4&2.5848313960297635|73282&4&2.5848313960297635|73283&4&2.5848313960297635|73284&4&59.50591893553942|73285&4&2.5848313960297635|73286&4&2.5848313960297635|73287&4&2.5848313960297635|73288&4&2.5848313960297635|73289&4&5.680287206579397|73290&4&4.286455937933974|73305&4&-2.220446049250313E-15|73306&4&-2.220446049250313E-15,2|73189&4&4.498497368932665|73190&4&2.5848313960297635|73191&4&29.89480469484538|73192&4&2.5848313960297635|73193&4&2.5848313960297635|73194&4&2.5848313960297635|73195&4&2.5848313960297635|73196&4&2.5848313960297635|73197&4&9.144832900144678|73198&4&2.5848313960297635|73199&4&31.788758822286027|73200&4&65.03732113216978|73201&4&24.21176325980082|73202&4&35.190009394976414|73203&4&80.31079784058988|73204&4&37.18663022505008|73205&4&38.44427979390782|73206&4&59.763010293457015|73207&4&12.623493747024863|73208&4&181.98669589908843|73214&4&190.58028220630212|73218&4&51.215480326445906|73226&4&386.80595022564023|73227&4&179.92505600228233|73229&4&16.41746776367623|73233&4&40.8998821457759|73234&4&24.570959149089266|73239&4&6.428575736142404|73244&4&403.3771017643502|73250&4&147.89469777364616|73252&4&259.334974451204|73253&4&459.78230019220223|73258&4&183.01363285143182|73260&4&118.84853893358869|73263&4&43.98899718460768|73265&4&47.20046320744306|73271&4&27.71809147893979|73275&4&3.468370485515883|73278&4&13.556495323543782|73279&4&7.105427357601002E-15|73280&4&101.34763283257539|73281&4&7.105427357601002E-15|73282&4&59.89691213791497|73283&4&7.105427357601002E-15|73284&4&7.105427357601002E-15|73285&4&7.105427357601002E-15|73286&4&14.758341408002352|73287&4&7.105427357601002E-15|73288&4&7.105427357601002E-15|73289&4&0.32141031191066993|73290&4&0.32141031191066993|73291&4&5.2315130371828555|73292&4&5.2817231937072595|73297&4&22.602369418646898|73302&4&20.880448569114996|73303&4&48.91116882162506,2|73189&4&7.105427357601002E-15|73190&4&7.105427357601002E-15|73191&4&7.105427357601002E-15|73192&4&268.5806437874121|73193&4&229.01468164375927|73194&4&7.105427357601002E-15|73195&4&7.105427357601002E-15|73196&4&7.105427357601002E-15|73197&4&7.105427357601002E-15|73198&4&7.105427357601002E-15|73199&4&2.5848313960297635|73200&4&2.5848313960297635|73201&4&2.5848313960297635|73202&4&2.5848313960297635|73203&4&2.5848313960297635|73204&4&2.5848313960297635|73205&4&2.5848313960297635|73206&4&2.5848313960297635|73207&4&2.5848313960297635|73208&4&2.5848313960297635|73209&4&33.073531920371664|73210&4&133.625390331588|73211&4&5.208435263000018|73212&4&21.276489446111647|73213&4&466.8491072451444|73214&4&182.96247249907336|73215&4&64.92843839539715|73216&4&73.29892141868909|73217&4&188.55171285772204|73218&4&372.57988901637776|73220&4&275.6290706742143|73223&4&182.37091601694834|73231&4&76.68889998513815|73234&4&317.2627895174975|73241&4&222.55779792102632|73245&4&201.32451848524784|73248&4&27.174301968094206|73256&4&180.8718727511348|73262&4&4.2765108254962225|73265&4&302.60915678434407|73273&4&397.7620981277372|73275&4&29.452623723359906|73289&4&-2.220446049250313E-15|73290&4&-2.220446049250313E-15|73291&4&0.32141031191066993|73292&4&11.325819099928726|73293&4&4.759360877224255|73294&4&4.751431515264592|73302&4&1.0337294881475279,2|73195&4&175.64672404139068|73199&4&85.3946491414484|73200&4&332.00033674585666|73201&4&7.105427357601002E-15|73202&4&7.105427357601002E-15|73203&4&435.9248255701493|73204&4&7.105427357601002E-15|73205&4&7.105427357601002E-15|73206&4&7.105427357601002E-15|73207&4&7.105427357601002E-15|73208&4&7.105427357601002E-15|73209&4&2.5848313960297635|73210&4&2.5848313960297635|73211&4&2.5848313960297635|73212&4&217.7485247520642|73213&4&2.5848313960297635|73214&4&2.5848313960297635|73215&4&2.5848313960297635|73216&4&2.5848313960297635|73217&4&433.13507288879657|73218&4&2.5848313960297635|73219&4&5.208435263000018|73220&4&34.714463787127855|73221&4&45.829598972741124|73222&4&21.9952410467267|73223&4&26.500466444533572|73224&4&33.60723726970327|73225&4&26.365507274351422|73226&4&27.746183978171516|73227&4&37.39523988098698|73228&4&28.328711774183187|73231&4&325.11070622894334|73237&4&235.93511824063822|73241&4&8.205701558948848|73243&4&426.5542419352103|73245&4&157.4888415751131|73251&4&48.3430940495476|73254&4&98.37787230940076|73259&4&234.48332674417173|73261&4&183.89230475885466|73263&4&262.7950961326605|73271&4&13.872371279525078|73272&4&23.191907024594713|73273&4&27.414661587968943|73281&4&24.8383162893862|73284&4&10.614217114647266|73286&4&135.88178863156418|73291&4&-2.220446049250313E-15|73292&4&22.537326842346644|73293&4&0.32141031191066993|73294&4&5.3039410443016966|73295&4&3.813137917525299|73296&4&3.935236620235366|73302&4&23.992580722761268,2|73192&4&85.5722976404488|73193&4&51.03324462207852|73195&4&23.31945481387344|73198&4&32.32919973102031|73199&4&128.98618354024924|73205&4&205.50099778967694|73207&4&6.886818315657367|73209&4&7.105427357601002E-15|73210&4&33.074530261395786|73211&4&7.105427357601002E-15|73212&4&7.105427357601002E-15|73213&4&7.105427357601002E-15|73214&4&7.105427357601002E-15|73215&4&7.105427357601002E-15|73216&4&7.105427357601002E-15|73217&4&7.105427357601002E-15|73218&4&7.105427357601002E-15|73219&4&32.66553462825131|73220&4&2.5848313960297635|73221&4&2.5848313960297635|73222&4&14.796664734785027|73223&4&27.616900927137255|73224&4&2.5848313960297635|73225&4&299.33102676330446|73226&4&21.25721010482735|73227&4&2.5848313960297635|73228&4&2.5848313960297635|73229&4&27.563058602228622|73230&4&43.199706265473516|73231&4&35.04587732909239|73232&4&130.20444003116725|73233&4&25.988164490705216|73234&4&24.987445092698543|73235&4&36.21446567191044|73236&4&28.18099037726702|73237&4&26.45631475313591|73238&4&510.5585461684542|73241&4&118.7404749432065|73242&4&24.821806607911952|73249&4&20.37017117210558|73254&4&47.15904835350085|73256&4&76.74879442315087|73258&4&49.33000693759912|73259&4&83.2568411108976|73262&4&19.715694779505153|73268&4&89.33407877661215|73270&4&30.425554168758907|73274&4&10.178193296614475|73276&4&305.5488782305391|73283&4&377.0589516394843|73285&4&237.54434913076616|73287&4&46.205515373207994|73293&4&-2.220446049250313E-15|73294&4&-2.220446049250313E-15|73295&4&0.32141031191066993|73296&4&0.32141031191066993|73297&4&4.777822022835387|73298&4&4.323118592855437|73306&4&13.34721144557986,2|73189&4&250.44099834972116|73191&4&189.92999005200946|73198&4&538.7917343268763|73199&4&73.02753753686102|73201&4&333.0275278791251|73219&4&7.105427357601002E-15|73220&4&7.105427357601002E-15|73221&4&7.105427357601002E-15|73222&4&7.105427357601002E-15|73223&4&55.202279485245235|73224&4&7.105427357601002E-15|73225&4&7.105427357601002E-15|73226&4&7.105427357601002E-15|73227&4&7.105427357601002E-15|73228&4&329.2263039215059|73229&4&2.5848313960297635|73230&4&2.5848313960297635|73231&4&2.5848313960297635|73232&4&2.5848313960297635|73233&4&2.5848313960297635|73234&4&2.5848313960297635|73235&4&2.5848313960297635|73236&4&2.5848313960297635|73237&4&9.498732213560062|73238&4&2.5848313960297635|73239&4&327.6282369934823|73240&4&368.3936086717294|73241&4&12.623310867494359|73242&4&24.966974869270196|73243&4&35.7712055650443|73244&4&32.66490706003083|73245&4&33.78210169840111|73246&4&506.5202393935458|73247&4&35.019319176247386|73248&4&43.158716605954766|73249&4&36.78149797919886|73251&4&35.516624758691506|73256&4&241.48080616807113|73264&4&356.51558107753004|73265&4&62.71036688223841|73272&4&503.0931125678906|73284&4&65.32893312102786|73286&4&32.40948804863471|73295&4&-2.220446049250313E-15|73296&4&-2.220446049250313E-15|73297&4&0.32141031191066993|73298&4&0.32141031191066993|73299&4&2.341228620109887|73300&4&9.915849637262507|73304&4&1.6217283133187133,2|73193&4&23.599763737517094|73194&4&442.46806533855425|73209&4&403.774347516752|73211&4&45.38462469094294|73224&4&374.1375144128684|73229&4&7.105427357601002E-15|73230&4&119.30383312483264|73231&4&7.105427357601002E-15|73232&4&7.105427357601002E-15|73233&4&433.3386499558931|73234&4&7.105427357601002E-15|73235&4&4.58559770142857|73236&4&274.1886867012775|73237&4&7.105427357601002E-15|73238&4&7.105427357601002E-15|73239&4&2.5848313960297635|73240&4&26.72192046771375|73241&4&2.5848313960297635|73242&4&2.5848313960297635|73243&4&10.661406636268758|73244&4&2.5848313960297635|73245&4&2.5848313960297635|73246&4&2.5848313960297635|73247&4&2.5848313960297635|73248&4&120.74194029324367|73249&4&31.120855615981313|73250&4&29.17590933211643|73251&4&12.622125448956885|73252&4&19.118719844550508|73253&4&36.3656393396419|73254&4&184.6901022258268|73255&4&47.23086746811943|73256&4&22.305249498059247|73257&4&130.0613912751905|73258&4&179.76053657082392|73263&4&61.34065776522132|73266&4&154.51841302314375|73274&4&486.98094514052224|73276&4&106.97220386893468|73277&4&64.24068010429201|73278&4&139.78208861001283|73282&4&24.406129046657878|73294&4&4.562640316552006|73296&4&0.26489946251226115|73297&4&-2.220446049250313E-15|73298&4&-2.220446049250313E-15|73299&4&0.32141031191066993|73300&4&2.9539319586354953|73301&4&72.01545201657997|73302&4&1.2273013537791126|73304&4&24.786220060632807|73305&4&3.664077286939147,2|73190&4&290.8449221524277|73202&4&460.8871323587128|73206&4&410.11512951789814|73207&4&124.89933685415451|73211&4&284.22377510126665|73216&4&161.74386601643306|73220&4&131.15889569079349|73222&4&96.81572448373885|73234&4&65.52957549725697|73236&4&40.79045081194103|73239&4&7.105427357601002E-15|73240&4&7.105427357601002E-15|73241&4&7.105427357601002E-15|73242&4&281.4295560242398|73243&4&7.105427357601002E-15|73244&4&7.105427357601002E-15|73245&4&7.105427357601002E-15|73246&4&7.105427357601002E-15|73247&4&7.105427357601002E-15|73248&4&7.105427357601002E-15|73249&4&2.5848313960297635|73250&4&263.4862511947773|73251&4&2.5848313960297635|73252&4&2.5848313960297635|73253&4&2.5848313960297635|73254&4&2.5848313960297635|73255&4&2.5848313960297635|73256&4&2.5848313960297635|73257&4&2.5848313960297635|73258&4&2.5848313960297635|73259&4&23.78930889726275|73260&4&34.708828839528564|73261&4&49.23791973903478|73262&4&76.30250512420405|73263&4&29.88998092455644|73264&4&27.144603901717247|73265&4&30.669373443550175|73266&4&27.567199160436672|73267&4&188.66483415523928|73268&4&23.855624597607832|73270&4&140.25500148364836|73275&4&249.5426012218757|73282&4&230.74960160983153|73285&4&187.3489512712838|73299&4&-2.220446049250313E-15|73300&4&-2.220446049250313E-15|73301&4&0.32141031191066993|73302&4&0.32141031191066993|73303&4&4.740864947732406|73304&4&0.647641778499999,2|73191&4&102.81160238102095|73193&4&17.31810829952698|73194&4&14.257392789000889|73197&4&17.27637457578746|73204&4&416.0149849764825|73207&4&34.67030012959017|73215&4&439.58676488099564|73221&4&479.43905123597267|73225&4&19.672118730670284|73229&4&435.24722524392683|73231&4&83.46926184903596|73235&4&472.5228462847907|73237&4&8.964049927107096|73247&4&408.59529141929875|73249&4&461.57611225595303|73250&4&7.105427357601002E-15|73251&4&340.3623824549911|73252&4&7.105427357601002E-15|73253&4&7.105427357601002E-15|73254&4&7.105427357601002E-15|73255&4&7.105427357601002E-15|73256&4&7.105427357601002E-15|73257&4&7.105427357601002E-15|73258&4&7.105427357601002E-15|73259&4&2.5848313960297635|73260&4&2.5848313960297635|73261&4&129.19299565528434|73262&4&2.5848313960297635|73263&4&2.5848313960297635|73264&4&2.5848313960297635|73265&4&2.5848313960297635|73266&4&2.5848313960297635|73267&4&2.5848313960297635|73268&4&2.5848313960297635|73269&4&484.8362145705559|73270&4&74.93461744305083|73271&4&181.204662920181|73272&4&25.856627072518847|73273&4&23.60171367461887|73274&4&30.915486153754514|73275&4&12.62352262736188|73276&4&23.843108206513435|73277&4&40.85625449438093|73278&4&12.623310867494359|73281&4&208.73769875373833|73286&4&293.87698149920845|73287&4&278.4154278574478|73288&4&187.73743203952333|73293&4&56.36932033889225|73301&4&-2.220446049250313E-15|73302&4&-2.220446049250313E-15|73303&4&0.32141031191066993|73304&4&26.96027204574878|73305&4&4.796344278103001|73306&4&9.84267982502954,2|73189&4&67.81319313321535|73191&4&15.706288853461615|73192&4&28.414732358550992|73196&4&30.65712420764731|73207&4&13.984054530593076|73208&4&304.27506894117687|73210&4&231.284662626377|73212&4&77.26952177616901|73223&4&8.139266729427785|73227&4&86.69645934412506|73232&4&169.11908585659887|73242&4&2.798730221837774|73251&4&4.3492672299739175|73254&4&42.71595092301891|73257&4&281.3199419301712|73259&4&7.105427357601002E-15|73260&4&116.54943701849317|73261&4&7.105427357601002E-15|73262&4&7.105427357601002E-15|73263&4&7.105427357601002E-15|73264&4&7.105427357601002E-15|73265&4&7.105427357601002E-15|73266&4&210.8350551429035|73267&4&7.105427357601002E-15|73268&4&52.097334798888966|73269&4&2.5848313960297635|73270&4&2.5848313960297635|73271&4&377.48352415161906|73272&4&2.5848313960297635|73273&4&2.5848313960297635|73274&4&2.5848313960297635|73275&4&2.5848313960297635|73276&4&15.054629885061352|73277&4&249.13919423455263|73278&4&450.70519670056103|73279&4&51.713963509612014|73280&4&45.62347633334116|73281&4&43.85695728254297|73282&4&38.28327997302545|73283&4&31.88423458271236|73284&4&61.308799504148645|73285&4&36.09250175176367|73286&4&5.208435263000018|73287&4&25.220891391056824|73288&4&31.906775853016114|73303&4&-2.220446049250313E-15|73304&4&-2.220446049250313E-15|73305&4&0.32141031191066993|73306&4&0.32141031191066993
19|4,130,1,1,1,1,1,1,1,1,1,1,1,1,1,1,1,1,1,1,1,1,1,1,1,1,1,1,1,1,1,1,1,1,1,1,1,1,1,1,1,1,1,1,1,1,1,1,1,1,1,1,1,1,1,1,1,1,1,1,1,1,1,1,1,1,1,1,1,1,1,1,1,1,1,1,1,1,1,1,1,1,1,1,1,1,1,1,1,1,1,1,1,1,1,1,1,1,1,1,1,1,0,0,0,0,0,0,0,0,0,0,0,0,0,0,0,0,0,0,0,0,2|73189&4&15.9383801344614|73190&4&19.105545923377388|73191&4&18.74018493109694|73192&4&21.263674223623873|73193&4&22.51059707926203|73194&4&21.989505403158176|73195&4&21.755706767406252|73196&4&229.8077723455317|73197&4&595.031027614596|73198&4&20.266737064477255|73205&4&102.03135115250777|73207&4&233.4431709027644|73210&4&50.486860059387574|73211&4&31.55989211170668|73213&4&62.177415509502005|73219&4&316.52387682914764|73220&4&41.914829445043225|73222&4&291.8827668810392|73225&4&53.61570584901267|73230&4&356.6377064204589|73234&4&71.9035066575683|73241&4&27.382468184739352|73243&4&25.731130331310993|73255&4&321.6913052095671|73256&4&30.547423710247394|73259&4&48.10445835913612|73262&4&139.56078287511303|73268&4&191.939015231747|73275&4&18.07917073091164|73279&4&0.0|73280&4&149.59695441758552|73281&4&-1.3322676295501878E-14|73282&4&-1.3322676295501878E-14|73283&4&-1.3322676295501878E-14|73284&4&51.81335836281613|73285&4&-1.3322676295501878E-14|73286&4&-1.3322676295501878E-14|73287&4&-1.3322676295501878E-14|73288&4&-1.3322676295501878E-14|73289&4&4.222175778372225|73290&4&3.1052826134828377,2|73189&4&1.6744577262900258|73190&4&-1.3322676295501878E-14|73191&4&70.32700104052658|73192&4&-1.3322676295501878E-14|73193&4&-1.3322676295501878E-14|73194&4&-1.3322676295501878E-14|73195&4&-1.3322676295501878E-14|73196&4&-1.3322676295501878E-14|73197&4&5.24800120329192|73198&4&-1.3322676295501878E-14|73199&4&22.39109252098664|73200&4&50.23958738594124|73201&4&16.336963749626783|73202&4&25.040532787796693|73203&4&65.87958067726115|73204&4&26.63578060306486|73205&4&27.715150063905998|73206&4&48.6956115879633|73207&4&7.547589954183244|73208&4&157.57338852137767|73214&4&173.76703719037903|73218&4&45.85499818254554|73226&4&425.56162503750056|73227&4&208.78382713815023|73229&4&14.365284293216702|73233&4&35.78739687755392|73234&4&21.49958925545311|73239&4&5.625003769124604|73244&4&419.6093871855732|73250&4&132.91652002653151|73252&4&237.58578389796403|73253&4&499.5008115498996|73258&4&223.26253115770072|73260&4&107.75795893400684|73263&4&38.490372536531716|73265&4&41.23387296773539|73271&4&24.253330044072314|73275&4&3.0348241748263978|73278&4&11.86193340810081|73280&4&138.44560596316185|73282&4&53.879542220324176|73286&4&12.913548732002052|73289&4&0.0|73290&4&0.0|73291&4&3.862479380482575|73292&4&3.9963485161282186|73297&4&28.264753110764097|73302&4&19.541509003761348|73303&4&54.81277871272735,2|73192&4&251.69226063546|73193&4&212.80109847603396|73199&4&-1.3322676295501878E-14|73200&4&-1.3322676295501878E-14|73201&4&-1.3322676295501878E-14|73202&4&-1.3322676295501878E-14|73203&4&-1.3322676295501878E-14|73204&4&-1.3322676295501878E-14|73205&4&-1.3322676295501878E-14|73206&4&-1.3322676295501878E-14|73207&4&-1.3322676295501878E-14|73208&4&-1.3322676295501878E-14|73209&4&23.345589718026236|73210&4&117.69344152086924|73211&4&2.604217631500018|73212&4&14.107346831821701|73213&4&468.7774480994847|73214&4&165.09335821727518|73215&4&50.36906531890819|73216&4&58.313439654116024|73217&4&162.5172150195862|73218&4&380.50890366966826|73220&4&322.62706407973815|73223&4&169.08154443787734|73231&4&71.57630665279561|73234&4&371.32231243276203|73241&4&208.2970762761398|73245&4&187.1753801626107|73248&4&25.39552777196196|73256&4&167.50220414220237|73262&4&4.009228898902709|73265&4&290.6023900679526|73273&4&373.326075213834|73275&4&23.051915597994935|73291&4&0.0|73292&4&10.33976562883766|73293&4&3.4848472099018326|73294&4&3.4778766643075487|73302&4&0.7752971161106463,2|73195&4&163.30411005558648|73199&4&79.33882118949094|73200&4&307.38732031741176|73203&4&468.90535054417785|73209&4&-1.3322676295501878E-14|73210&4&-1.3322676295501878E-14|73211&4&-1.3322676295501878E-14|73212&4&195.5548309057637|73213&4&-1.3322676295501878E-14|73214&4&-1.3322676295501878E-14|73215&4&-1.3322676295501878E-14|73216&4&-1.3322676295501878E-14|73217&4&471.73609170751024|73218&4&-1.3322676295501878E-14|73219&4&2.604217631500018|73220&4&24.71469423941664|73221&4&33.79435464065366|73222&4&14.576520674193958|73223&4&18.146695231394663|73224&4&23.946995450309352|73225&4&17.983128733690265|73226&4&19.099918466478634|73227&4&26.875648943531505|73228&4&19.549403307497585|73231&4&376.0919301391545|73237&4&246.03380353796982|73241&4&6.56456124715908|73243&4&468.29681046294183|73245&4&149.20771077667274|73251&4&39.2575695680093|73254&4&91.60503278321019|73259&4&217.59222596908683|73261&4&175.4948518576887|73263&4&242.8570462011711|73271&4&10.5418851755247|73272&4&20.29291864652037|73273&4&24.92241962542631|73281&4&50.885486903038775|73284&4&10.055574108613198|73286&4&182.8599362673275|73292&4&30.77417162860403|73293&4&0.0|73294&4&4.152108943659187|73295&4&2.727283210073815|73296&4&2.8252368859767123|73302&4&31.778707585374214,2|73192&4&76.85474467745347|73193&4&78.64895970838425|73195&4&35.5002433767699|73196&4&5.282310616143725|73198&4&28.288049764642775|73199&4&172.741280980263|73205&4&189.57059013870074|73207&4&35.15970326255318|73210&4&28.940213978721307|73219&4&22.51423291088213|73220&4&-1.3322676295501878E-14|73221&4&-1.3322676295501878E-14|73222&4&10.685354171410843|73223&4&32.767448528130515|73224&4&-1.3322676295501878E-14|73225&4&298.94499078773123|73226&4&16.338331370197874|73227&4&-1.3322676295501878E-14|73228&4&-1.3322676295501878E-14|73229&4&18.880415413932194|73230&4&31.497660949996682|73231&4&25.000396495789538|73232&4&111.3998358507249|73233&4&17.570690962203265|73234&4&16.820090867393525|73235&4&25.910804683556606|73236&4&19.509605297329788|73237&4&18.053678037363845|73238&4&532.5609395063223|73241&4&178.8886793077959|73242&4&21.719080781922955|73249&4&17.6678440332022|73252&4&18.42486941456658|73254&4&41.26416730931325|73256&4&142.36208619659305|73258&4&46.041339808425846|73259&4&74.18846301864562|73262&4&18.718876021185416|73268&4&78.5195088404617|73270&4&26.62235989766404|73274&4&8.905919134537665|73276&4&346.50559601978887|73283&4&368.95161506497277|73285&4&236.53723514847792|73287&4&84.51299828495988|73295&4&0.0|73296&4&0.0|73297&4&3.4991651040248986|73298&4&3.134463443525969|73306&4&19.927859498931554,2|73189&4&231.2219148292708|73191&4&178.62697563595657|73198&4&577.8512875187157|73199&4&65.97255377854472|73201&4&372.66700462926605|73212&4&13.502090124147424|73223&4&49.6820515367207|73228&4&360.7881397521256|73229&4&-1.3322676295501878E-14|73230&4&-1.3322676295501878E-14|73231&4&-1.3322676295501878E-14|73232&4&-1.3322676295501878E-14|73233&4&-1.3322676295501878E-14|73234&4&-1.3322676295501878E-14|73235&4&-1.3322676295501878E-14|73236&4&-1.3322676295501878E-14|73237&4&6.222510735777256|73238&4&-1.3322676295501878E-14|73239&4&296.2276926525087|73240&4&345.75214402866993|73241&4&7.547468034496251|73242&4&16.805216035828124|73243&4&25.55517458096722|73244&4&23.01869751885906|73245&4&23.972407636357893|73246&4&530.4045599113638|73247&4&24.958237032196656|73248&4&31.462257029907313|73249&4&33.103348181278974|73251&4&31.964962282822356|73256&4&225.11423579540872|73264&4&339.67752134849616|73265&4&56.43933019401457|73272&4&535.6454739656385|73284&4&61.28680763278061|73286&4&24.32753911099664|73297&4&0.0|73298&4&0.0|73299&4&2.93768681268514|73300&4&7.80928257869612|73304&4&1.167991270382441,2|73193&4&22.33915181122496|73194&4&482.9152113306618|73209&4&409.84837447557965|73211&4&77.1450978375552|73214&4&20.741666967623768|73224&4&402.27500756410427|73230&4&132.54002395900338|73233&4&451.7607142649039|73235&4&4.012397988749993|73236&4&253.15969333357023|73239&4&-1.3322676295501878E-14|73240&4&21.119952937723475|73241&4&-1.3322676295501878E-14|73242&4&-1.3322676295501878E-14|73243&4&7.067003335209107|73244&4&-1.3322676295501878E-14|73245&4&59.62234319070377|73246&4&-1.3322676295501878E-14|73247&4&-1.3322676295501878E-14|73248&4&108.01710570804289|73249&4&21.856113347512082|73250&4&20.25226716550035|73251&4&7.546677755471262|73252&4&12.419236819835291|73253&4&25.980183936579486|73254&4&161.745962428952|73255&4&35.01632727171642|73256&4&14.808444171414052|73257&4&111.29612324423366|73258&4&157.7357689568583|73263&4&91.74204708519|73266&4&140.4354506372074|73274&4&515.6517711427538|73276&4&97.59665302799611|73277&4&58.46838019514847|73278&4&126.7873178452206|73282&4&49.4943230126173|73294&4&11.129816708125713|73296&4&5.879309295719362|73298&4&4.812356557909368|73299&4&0.0|73300&4&9.139781124324669|73301&4&76.02673941951868|73302&4&0.710260606102741|73304&4&32.808739203433106|73305&4&9.212902804282173,2|73190&4&277.59026189393944|73202&4&501.34767373633815|73206&4&441.7267882164357|73207&4&117.75550053009704|73211&4&263.29341512782406|73216&4&150.4123290404795|73220&4&121.28707282566411|73222&4&143.1198076857462|73234&4&60.69187118368541|73236&4&38.69735335737266|73242&4&275.7508132641381|73249&4&-1.3322676295501878E-14|73250&4&266.3172628826019|73251&4&-1.3322676295501878E-14|73252&4&-1.3322676295501878E-14|73253&4&-1.3322676295501878E-14|73254&4&-1.3322676295501878E-14|73255&4&-1.3322676295501878E-14|73256&4&-1.3322676295501878E-14|73257&4&-1.3322676295501878E-14|73258&4&-1.3322676295501878E-14|73259&4&15.921993938004302|73260&4&24.604027803741516|73261&4&37.051975186497984|73262&4&61.55816415864497|73263&4&21.004091005984435|73264&4&18.614838276324317|73265&4&21.42524966067976|73266&4&18.943313852992034|73267&4&165.37086940377975|73268&4&15.971713215967057|73270&4&173.50287963857267|73275&4&232.97534584450005|73282&4&215.33753405167192|73285&4&171.39723533097896|73301&4&0.0|73302&4&0.0|73303&4&3.468858499396217|73304&4&0.3238208892499991,2|73191&4&93.11289111134|73193&4&15.153344762086107|73194&4&12.8316535101008|73197&4&15.116827753814029|73204&4&448.19177331147773|73207&4&30.336512613391392|73215&4&468.8085029824164|73221&4&509.97269513522826|73225&4&17.213103889336498|73229&4&406.7254295181752|73231&4&74.88808825989382|73235&4&441.70933387498314|73237&4&7.843543686218709|73247&4&440.08085732984733|73249&4&496.4687883251107|73251&4&317.04259194293763|73259&4&-1.3322676295501878E-14|73260&4&-1.3322676295501878E-14|73261&4&116.38269361102566|73262&4&-1.3322676295501878E-14|73263&4&-1.3322676295501878E-14|73264&4&-1.3322676295501878E-14|73265&4&-1.3322676295501878E-14|73266&4&-1.3322676295501878E-14|73267&4&-1.3322676295501878E-14|73268&4&-1.3322676295501878E-14|73269&4&506.5135983427168|73270&4&61.17656076041671|73271&4&161.13451209302588|73272&4&17.472402499608556|73273&4&15.78100028780985|73274&4&21.621715187449322|73275&4&7.547609207741263|73276&4&15.962245174217664|73277&4&29.624031583719496|73278&4&7.547468034496251|73281&4&191.48580459481656|73286&4&271.0987947315164|73287&4&257.44280314961975|73288&4&172.23668746791503|73293&4&62.31989809120455|73303&4&0.0|73304&4&24.593037530394255|73305&4&3.514711875360394|73306&4&7.734216970561553,2|73189&4&107.25582965099795|73191&4&13.743002746778913|73192&4&26.04683799533841|73196&4&26.8249836816914|73207&4&10.713693591930479|73208&4&324.16130246942026|73210&4&269.69119626440926|73212&4&72.56477802800237|73216&4&7.635756478164735|73223&4&7.710884269984217|73227&4&80.52534236552901|73229&4&57.62681858216579|73232&4&181.13505134541992|73242&4&2.2389841774702184|73251&4&24.002226828017132|73254&4&40.226895018980365|73257&4&314.9220652924603|73260&4&109.19471827592393|73266&4&198.50170571235145|73268&4&79.62984835563799|73269&4&-1.3322676295501878E-14|73270&4&-1.3322676295501878E-14|73271&4&416.9402622943238|73272&4&-1.3322676295501878E-14|73273&4&-1.3322676295501878E-14|73274&4&-1.3322676295501878E-14|73275&4&-1.3322676295501878E-14|73276&4&9.97583879122526|73277&4&282.501402914739|73278&4&483.828987596576|73279&4&0.0|73280&4&33.38348850185934|73281&4&32.08291875247014|73282&4&27.606844644647712|73283&4&22.46386977110759|73284&4&248.1419843296982|73285&4&25.8169230639892|73286&4&2.604217631500018|73287&4&17.064793866251932|73288&4&22.490014027379488|73305&4&0.0|73306&4&0.0
20|4,130,1,1,1,1,1,1,1,1,1,1,1,1,1,1,1,1,1,1,1,1,1,1,1,1,1,1,1,1,1,1,1,1,1,1,1,1,1,1,1,1,1,1,1,1,1,1,1,1,1,1,1,1,1,1,1,1,1,1,1,1,1,1,1,1,1,1,1,1,1,1,1,1,1,1,1,1,1,1,1,1,1,1,1,1,1,1,1,1,1,1,1,1,1,1,1,1,1,1,1,1,0,0,0,0,0,0,0,0,0,0,0,0,0,0,0,0,0,0,0,0,2|73189&4&8.064929486800409|73190&4&10.441177743577207|73191&4&10.10315020466644|73192&4&12.056375525149338|73193&4&13.06179738810595|73194&4&12.66410671607723|73195&4&12.433156561450325|73196&4&204.5734393222092|73197&4&547.3752312353959|73198&4&11.307846371690978|73205&4&96.422767853934|73207&4&213.44754418872887|73210&4&44.87720894167785|73211&4&21.66666286092567|73213&4&55.268813786224|73219&4&339.4753947529674|73220&4&37.25762617337176|73222&4&269.24178572311536|73225&4&47.65840519912238|73230&4&330.09053193770757|73234&4&64.17113139566115|73241&4&24.33997171976831|73243&4&22.872115850054215|73255&4&297.4515246574753|73256&4&27.430817262114928|73259&4&42.75951854145433|73262&4&127.02855732758289|73268&4&176.90030698847272|73275&4&16.070373983032567|73280&4&136.68071792103126|73284&4&46.70562918612263|73289&4&2.764064350165055|73290&4&1.9241092890317004|73299&4&4.658277857451537,2|73189&4&1.4352494796771764|73191&4&111.7147956316151|73197&4&3.9360009024689515|73199&4&12.99342621968725|73200&4&35.44185363971271|73201&4&8.462164239452743|73202&4&14.891056180616971|73203&4&51.44836351393242|73204&4&16.084930981079626|73205&4&16.98602033390418|73206&4&37.62821288246958|73207&4&2.4716861613416237|73208&4&133.16008114366682|73212&4&16.544332147396243|73214&4&156.95379217445594|73218&4&40.49451603864519|73226&4&456.8121939162244|73227&4&247.44370800428436|73229&4&12.313100822757175|73233&4&30.674911609331936|73234&4&18.428219361816954|73239&4&4.8214318021068046|73244&4&430.7082357749236|73250&4&117.93834227941687|73252&4&215.83659334472404|73253&4&530.8711797164866|73258&4&257.4585897916048|73260&4&96.66737893442502|73263&4&32.99174788845575|73265&4&35.26728272802772|73271&4&20.788568609204837|73275&4&2.6012778641369128|73278&4&10.16737149265784|73280&4&130.9403314844695|73282&4&47.8621723027334|73286&4&11.06875605600176|73291&4&2.493445723782295|73292&4&2.7109738385491777|73297&4&35.55615072955204|73302&4&18.2025694384077|73303&4&60.60401743002822,2|73192&4&234.803877483508|73193&4&196.58751530830864|73209&4&13.617647515680806|73210&4&101.76149271015052|73211&4&1.7763568394002505E-14|73212&4&6.938204217531759|73213&4&427.73334985098313|73214&4&147.224243935477|73215&4&35.80969224241924|73216&4&43.32795788954296|73217&4&136.4827171814503|73218&4&384.2578841277566|73220&4&368.44013282740815|73223&4&155.79217285880634|73231&4&66.46371332045307|73234&4&418.82715758263487|73241&4&194.03635463125323|73245&4&173.0262418399736|73248&4&23.616753575829712|73256&4&154.13253553326996|73262&4&3.741946972309195|73265&4&289.14613495693175|73273&4&384.93229759756014|73275&4&16.651207472629963|73292&4&9.675122469657262|73293&4&2.21033354257941|73294&4&2.204321813350506|73302&4&0.5168647440737648,2|73195&4&150.9614960697822|73199&4&73.28299323753349|73200&4&282.7743038889669|73203&4&500.5722528239159|73212&4&175.94596845549293|73217&4&514.8205699570472|73219&4&1.7763568394002505E-14|73220&4&14.714924691705427|73221&4&21.759110308566186|73222&4&7.157800301661213|73223&4&9.792924018255754|73224&4&14.286753630915438|73225&4&9.600750193029105|73226&4&10.453652954785749|73227&4&16.356058006076033|73228&4&10.770094840811982|73231&4&359.56090739679695|73237&4&269.8264449266773|73241&4&4.923420935369313|73243&4&504.8654930873574|73245&4&140.92657997823238|73251&4&30.172045086470998|73254&4&84.83219325701963|73259&4&200.70112519400192|73261&4&177.04693143352978|73263&4&222.91899626968177|73271&4&7.21139907152432|73272&4&17.393930268446027|73273&4&22.43017766288368|73281&4&48.259792797006874|73284&4&9.496931102579131|73286&4&221.97630202511738|73292&4&38.23659720281654|73294&4&3.321687154927348|73295&4&1.6414285026223316|73296&4&1.7152371517180582|73302&4&39.43162658844926,2|73192&4&68.13719171445814|73193&4&116.60226946100804|73195&4&31.83052550430419|73196&4&19.765267520545695|73198&4&24.24689979826524|73199&4&213.0267659080152|73205&4&173.64018248772453|73207&4&67.70501565684866|73210&4&24.805897696046834|73219&4&14.947762589542744|73222&4&9.15887500406645|73223&4&50.0764283459475|73225&4&313.05912656738013|73226&4&14.00428403159819|73229&4&10.197772225635765|73230&4&19.795615634519848|73231&4&14.95491566248669|73232&4&92.59523167028254|73233&4&9.153217433701315|73234&4&8.652736642088502|73235&4&15.607143695202776|73236&4&10.838220217392557|73237&4&9.651041321591778|73238&4&545.2924341285532|73241&4&231.13784432209667|73242&4&18.616354955933957|73249&4&14.965516894298826|73252&4&43.63120242286784|73254&4&35.36928626512565|73256&4&198.0013734229872|73258&4&42.75267267925257|73259&4&65.12008492639362|73262&4&17.72205726286568|73268&4&67.70493890431125|73270&4&22.819165626569173|73274&4&7.633644972460855|73276&4&386.75392664406445|73283&4&370.88387529649617|73285&4&248.47644969538746|73287&4&124.3478081792865|73297&4&2.220508185214409|73298&4&1.945808294196501|73306&4&26.09562786050119,2|73189&4&212.00283130882042|73191&4&167.3239612199037|73198&4&598.731746218222|73199&4&58.91757002022842|73201&4&388.8307412099949|73212&4&12.826985617940053|73223&4&44.16182358819617|73228&4&398.06645522131026|73237&4&5.531120654024239|73239&4&264.82714831153515|73240&4&340.2824509970165|73241&4&2.4716252014981426|73242&4&8.643457202386053|73243&4&15.339143596890143|73244&4&13.372487977687292|73245&4&14.162713574314678|73246&4&551.5692357048027|73247&4&14.897154888145923|73248&4&19.765797453859857|73249&4&29.42519838335909|73251&4&28.413299806953205|73256&4&208.7476654227463|73264&4&333.0728307210175|73265&4&50.168293505790736|73272&4&561.638019273086|73284&4&57.24468214453336|73286&4&16.245590173358575|73299&4&2.0769810094596997|73300&4&5.702715520129734|73304&4&0.7142542274461688,2|73193&4&21.078539884932823|73194&4&520.1780254211117|73209&4&441.59751953918425|73211&4&110.63922688914168|73214&4&46.513905356424615|73224&4&421.1490000531751|73230&4&125.44593549835191|73233&4&443.94204760912373|73235&4&5.906282496352631|73236&4&242.2537035370431|73240&4&18.10281680376299|73243&4&6.057431430179246|73245&4&117.6640101131546|73248&4&97.87710251887188|73249&4&12.591371079042851|73250&4&11.32862499888427|73251&4&2.47123006198564|73252&4&5.719753795120075|73253&4&15.594728533517067|73254&4&138.80182263207723|73255&4&22.801787075313413|73256&4&7.311638844768856|73257&4&92.53085521327685|73258&4&135.7110013428927|73263&4&124.16901645543842|73266&4&126.35248825127103|73274&4&479.8391012105892|73276&4&88.22110218705755|73277&4&52.69608028600493|73278&4&113.79254708042839|73282&4&79.6658583494026|73291&4&4.212972223872555|73294&4&17.305169454432985|73296&4&10.97095146577368|73298&4&10.015122097152508|73300&4&15.27193704528948|73301&4&79.86465061573952|73302&4&0.19321985842636946|73304&4&40.636468909279614|73305&4&14.392044610987472,2|73190&4&270.82259406472264|73202&4&532.900899294845|73206&4&477.6433907467083|73207&4&110.61166420603956|73211&4&242.36305515438147|73216&4&139.08079206452595|73220&4&111.41524996053472|73222&4&175.01279178468718|73234&4&55.854166870113836|73236&4&36.6042559028043|73242&4&281.05091595192215|73250&4&276.35136501246984|73259&4&8.054678978745853|73260&4&14.499226767954465|73261&4&24.86603063396119|73262&4&46.813823193085895|73263&4&12.118201087412434|73264&4&10.085072650931387|73265&4&12.181125877809343|73266&4&10.319428545547394|73267&4&142.07690465232025|73268&4&8.087801834326285|73270&4&219.2660060084022|73275&4&216.4080904671244|73279&4&212.51594480870514|73282&4&199.92546649351237|73285&4&155.4455193906741|73295&4&0.22147289321355856|73303&4&2.196852051060027|73304&4&-8.881784197001252E-16,2|73191&4&83.41417984165906|73193&4&12.988581224645234|73194&4&11.405914231200711|73197&4&12.957280931840597|73204&4&467.47169482824006|73207&4&26.002725097192616|73215&4&497.6672635836811|73221&4&534.899521259234|73225&4&14.754089048002712|73229&4&378.20363379242355|73231&4&66.30691467075168|73235&4&410.8958214651757|73237&4&6.723037445330322|73247&4&479.66271368488884|73249&4&462.2299078689086|73251&4&293.7228014308842|73261&4&106.1572229627968|73269&4&519.6245404827404|73270&4&47.41850407778261|73271&4&141.06436126587076|73272&4&9.088177926698268|73273&4&7.960286901000829|73274&4&12.327944221144133|73275&4&2.4716957881206474|73276&4&8.081382141921893|73277&4&18.391808673058065|73278&4&2.4716252014981426|73281&4&174.23391043589476|73286&4&248.3206079638245|73287&4&236.4701784417917|73288&4&156.73594289630665|73293&4&67.92104094285443|73304&4&22.547213326950395|73305&4&2.2330794726177876|73306&4&5.625754116093566,2|73189&4&152.19217409112105|73191&4&11.779716640096211|73192&4&23.67894363212583|73196&4&22.99284315573549|73207&4&7.443332653267882|73208&4&365.6254491281809|73210&4&311.97490118894746|73212&4&67.86003427983572|73216&4&48.63773792459426|73223&4&7.28250181054065|73227&4&74.35422538693297|73229&4&103.18173173132575|73232&4&182.19409599081044|73242&4&1.6792381331026631|73251&4&41.9183312416759|73254&4&37.73783911494182|73257&4&346.7393290174563|73260&4&101.83999953335471|73266&4&186.16835628179945|73268&4&111.29906948997235|73271&4&453.67183674568884|73276&4&7.481879093418961|73277&4&314.99458344637185|73278&4&514.8817813952353|73280&4&21.143500670377513|73281&4&20.308880222397317|73282&4&16.930409316269973|73283&4&13.043504959502819|73284&4&258.2500173203614|73285&4&15.541344376214733|73286&4&1.7763568394002505E-14|73287&4&8.90869634144704|73288&4&13.073252201742864
21|4,130,1,1,1,1,1,1,1,1,1,1,1,1,1,1,1,1,1,1,1,1,1,1,1,1,1,1,1,1,1,1,1,1,1,1,1,1,1,1,1,1,1,1,1,1,1,1,1,1,1,1,1,1,1,1,1,1,1,1,1,1,1,1,1,1,1,1,1,1,1,1,1,1,1,1,1,1,1,1,1,1,1,1,1,1,1,1,1,1,1,1,1,1,1,1,1,1,1,1,1,1,0,0,0,0,0,0,0,0,0,0,0,0,0,0,0,0,0,0,0,0,2|73189&4&2.7956964706393976|73190&4&4.381027195277009|73191&4&4.070333109735923|73192&4&5.453294458174788|73193&4&6.217215328449849|73194&4&5.942925660496265|73195&4&5.714823986994379|73196&4&181.94332393038667|73197&4&512.9082729411966|73198&4&4.953173310404685|73205&4&90.81418455536023|73207&4&193.45191747469335|73210&4&39.267557823968126|73211&4&11.773433610144659|73213&4&48.360212062946|73219&4&368.02497353847764|73220&4&32.6004229017003|73222&4&246.60080456519154|73225&4&41.701104549232085|73230&4&303.54335745495626|73234&4&56.43875613375401|73241&4&21.29747525479727|73243&4&20.013101368797436|73254&4&7.245578725764245|73255&4&273.2117441053836|73256&4&24.314210813982463|73259&4&37.414578723772536|73262&4&114.49633178005273|73268&4&161.86159874519845|73273&4&42.23066458313202|73275&4&14.061577235153496|73280&4&123.764481424477|73284&4&41.59790000942911|73289&4&1.629773811207885|73290&4&1.066756853830564|73299&4&9.02529648961183,2|73189&4&1.1960412330643138|73191&4&149.8103123972127|73197&4&2.62400060164597|73198&4&70.8944246579938|73199&4&6.199977549887842|73200&4&23.24833752498416|73201&4&3.1915823607786873|73202&4&7.345797204937231|73203&4&39.62136398210367|73204&4&8.138298990594379|73205&4&8.861108235402337|73206&4&29.165031808475845|73207&4&-1.4210854715202004E-14|73208&4&111.35099139745603|73212&4&51.52604077572654|73214&4&140.14054715853285|73218&4&86.07401632017068|73226&4&487.5442303182032|73227&4&284.2326763432083|73229&4&10.260917352297648|73233&4&25.562426341109955|73234&4&15.356849468180798|73239&4&4.017859835089005|73244&4&446.8648011755299|73250&4&102.9601645323022|73252&4&194.08740279148407|73253&4&548.1704913945762|73258&4&296.98091157744847|73260&4&85.5767989348432|73263&4&27.49312324037978|73265&4&29.300692488320053|73271&4&17.32380717433736|73275&4&2.1677315534474277|73278&4&8.472809577214868|73280&4&123.43505700577717|73282&4&41.84480238514261|73286&4&9.223963380001468|73289&4&2.2826361147244256|73291&4&1.4482329563320153|73292&4&1.7494200502201376|73297&4&42.968454222753344|73302&4&16.86362987305405|73303&4&66.14911825756798,2|73192&4&217.91549433155595|73193&4&180.37393214058335|73209&4&6.49392294483536|73210&4&88.43376153093176|73212&4&2.373279234741796|73213&4&386.1615235776176|73214&4&131.95934728517878|73215&4&23.85453679743027|73216&4&30.946693756469873|73217&4&113.05243697481443|73218&4&349.7855283366418|73220&4&409.8103411015765|73223&4&142.50280127973537|73231&4&61.351119988110526|73234&4&455.21080253685363|73241&4&179.77563298636667|73245&4&158.87710351733648|73248&4&21.837979379697465|73256&4&140.76286692433752|73262&4&3.474665045715681|73265&4&296.17897073620634|73273&4&358.6941624187755|73275&4&10.250499347264991|73292&4&9.010479310476866|73293&4&1.259640764506989|73294&4&1.2545878516434632|73302&4&0.25843237203688335,2|73195&4&138.61888208397798|73199&4&67.22716528557604|73200&4&258.1612874605221|73203&4&518.3853791360214|73212&4&156.33710600522218|73217&4&547.1805300865587|73220&4&7.3193727754941955|73221&4&12.328083607978696|73222&4&2.3432975606284505|73223&4&4.0433704366168275|73224&4&7.230729443021505|73225&4&3.8225892838679267|73226&4&4.41160507459285|73227&4&8.44068470012054|73228&4&4.595004005626361|73231&4&405.1205997869227|73237&4&296.55566646401985|73241&4&3.282280623579546|73243&4&537.6940378228219|73245&4&132.64544917979202|73251&4&21.08652060493269|73254&4&78.05935373082907|73259&4&183.81002441891707|73261&4&188.61085579341497|73263&4&202.98094633819244|73271&4&3.8809129675239404|73272&4&14.494941890371686|73273&4&19.937935700341047|73281&4&45.63409869097497|73284&4&8.938288096545064|73286&4&263.7964299894123|73292&4&43.37761933149572|73294&4&2.491265366195509|73295&4&0.8793946844208489|73296&4&0.9290583067094051|73302&4&47.00255232728776,2|73192&4&59.41963875146283|73193&4&156.4588084213606|73195&4&28.16080763183848|73196&4&26.09221744775735|73198&4&20.205749831887704|73199&4&263.29311732724085|73200&4&7.132972300711936|73205&4&157.7097748367483|73207&4&102.40135445626532|73210&4&20.671581413372362|73219&4&7.381292268203348|73222&4&7.6323958367220435|73223&4&60.042503787138415|73225&4&328.11885354539817|73226&4&11.67023669299849|73229&4&4.119346668839318|73230&4&10.697787950542999|73231&4&7.513652460683821|73232&4&76.39484512134018|73233&4&3.339961536699349|73234&4&3.0896000482834642|73235&4&7.907700338348928|73236&4&4.7710527689553075|73237&4&3.852622237319696|73238&4&542.087993871816|73241&4&276.27935983690804|73242&4&15.513629129944961|73249&4&12.26318975539545|73252&4&77.58842421771506|73254&4&29.47440522093805|73256&4&245.56893561904982|73258&4&39.46400555007929|73259&4&56.051706834141626|73262&4&16.725238504545942|73268&4&56.89036896816079|73270&4&19.015971355474306|73274&4&6.361370810384045|73276&4&426.8118461384805|73283&4&376.5261634635657|73285&4&261.67961512519946|73287&4&164.23974194043174|73297&4&1.2656721556539203|73298&4&1.0809740341170333|73306&4&33.28027504822267,2|73189&4&192.78374778837002|73191&4&156.0209468038508|73198&4&557.2889469674527|73199&4&51.86258626191212|73201&4&404.5184016544359|73212&4&12.151881111732683|73223&4&38.64159563967164|73228&4&428.87822166108526|73237&4&4.8397305722712085|73239&4&236.03082160206162|73240&4&343.01362744681364|73241&4&1.687538997430238E-14|73242&4&3.0859160004439627|73243&4&7.727330244313047|73244&4&6.330496068015507|73245&4&6.957237143771444|73246&4&563.8218166702038|73247&4&7.440290375595176|73248&4&10.673555509312383|73249&4&25.747048585439202|73251&4&24.861637331084054|73256&4&192.3810950500839|73264&4&332.4607239627138|73265&4&43.8972568175669|73272&4&590.7598065863913|73284&4&53.202556656286106|73286&4&8.163641235720508|73299&4&1.5400960954842602|73300&4&3.9199693508133495|73304&4&0.26051718450989664,2|73193&4&19.817927958640688|73194&4&547.2444453078035|73209&4&473.1950368414749|73211&4&104.75416249297504|73214&4&85.34523128679128|73224&4&445.0726004103921|73230&4&118.35184703770045|73233&4&412.1582434090356|73235&4&29.540319763750475|73236&4&238.825832272656|73240&4&15.085680669802493|73243&4&5.047859525149372|73245&4&174.88888886858973|73248&4&312.5619848396649|73249&4&5.930846442073605|73250&4&5.009200463768174|73251&4&0.0|73252&4&1.6244884019048416|73253&4&7.813490761954629|73254&4&118.46190046670242|73255&4&13.191464510410388|73256&4&2.419051149623642|73257&4&76.36980481382002|73258&4&116.29045136042711|73263&4&158.53591689816457|73266&4&112.26952586533466|73267&4&197.72964367536687|73274&4&450.4191454607624|73276&4&78.84555134611898|73277&4&46.92378037686139|73278&4&100.79777631563617|73282&4&113.33662192099769|73291&4&9.279105558211759|73294&4&23.025018584139467|73296&4&15.573038519588678|73298&4&14.883689244338155|73300&4&20.971534043453808|73301&4&83.93183912971918|73302&4&-1.27675647831893E-15|73304&4&48.19468440663458|73305&4&19.347146300718173,2|73190&4&272.9905604340524|73202&4&560.8227300518441|73205&4&9.52646290644372|73206&4&499.7219504162126|73207&4&103.46782788198207|73211&4&221.43269518093888|73216&4&127.7492550885724|73220&4&101.54342709540533|73222&4&207.7343437004925|73234&4&51.016462556542265|73236&4&34.51115844823594|73242&4&294.4072434385561|73250&4&297.1606896068652|73259&4&2.7915816509873883|73260&4&6.998643363667395|73261&4&15.284303712924384|73262&4&34.6736998590268|73263&4&5.836528800340413|73264&4&4.159524657038439|73265&4&5.541219726438909|73266&4&4.299760869602737|73267&4&121.3871575323607|73268&4&2.8081080841854926|73270&4&262.5141785546649|73275&4&199.84083508974877|73279&4&232.43109599909147|73282&4&184.5133989353528|73285&4&139.49380345036923|73288&4&235.3328734277955|73293&4&9.918618823275445|73295&4&4.954027356718717|73303&4&1.2486664919738388,2|73191&4&73.7154685719781|73193&4&10.823817687204361|73194&4&9.980174952300622|73197&4&10.797734109867164|73204&4&490.36775271724224|73207&4&21.66893758099384|73215&4&517.7829577513453|73221&4&557.1097610450603|73225&4&12.295074206668925|73229&4&349.6818380666719|73231&4&57.72574108160955|73235&4&380.0823090553681|73237&4&5.602531204441934|73247&4&446.22217381133964|73249&4&437.35966829226686|73251&4&270.4030109188308|73261&4&95.9317523145679|73269&4&537.4312830962344|73270&4&36.26466502664848|73271&4&123.59842807021565|73272&4&3.30817098528796|73273&4&2.7437911456917896|73274&4&5.638390886338927|73275&4&1.4210854715202004E-14|73276&4&2.8047367411261046|73277&4&9.76380339389662|73278&4&1.687538997430238E-14|73281&4&156.98201627697298|73286&4&225.5424211961325|73287&4&215.49755373396363|73288&4&141.23519832469836|73293&4&63.5223982473353|73304&4&20.50138912350654|73305&4&1.275267959125182|73306&4&3.841112150875579,2|73189&4&195.2288592460145|73191&4&9.81643053341351|73192&4&21.311049268913248|73196&4&19.16070262977958|73207&4&4.172971714605286|73208&4&408.501900426931|73210&4&344.76589483915046|73212&4&63.15529053166907|73216&4&93.3025635674704|73223&4&6.854119351097082|73227&4&68.18310840833692|73229&4&102.74079463407702|73232&4&190.4353050777474|73242&4&1.1194920887351079|73251&4&74.47762591946208|73254&4&35.24878321090328|73257&4&382.0613197273683|73260&4&94.48528079078548|73266&4&173.8350068512474|73268&4&146.36574089915666|73271&4&492.9162879153848|73276&4&4.987919395612646|73277&4&351.517244597315|73278&4&477.1787921049085|73280&4&11.507730470395673|73281&4&11.139059323824473|73282&4&8.858191619392215|73283&4&6.22735777939803|73284&4&255.5129553428526|73285&4&7.86998331994025|73287&4&3.35681644814213|73288&4&6.260708007606223
22|4,130,1,1,1,1,1,1,1,1,1,1,1,1,1,1,1,1,1,1,1,1,1,1,1,1,1,1,1,1,1,1,1,1,1,1,1,1,1,1,1,1,1,1,1,1,1,1,1,1,1,1,1,1,1,1,1,1,1,1,1,1,1,1,1,1,1,1,1,1,1,1,1,1,1,1,1,1,1,1,1,1,1,1,1,1,1,1,1,1,1,1,1,1,1,1,1,1,1,1,1,1,0,0,0,0,0,0,0,0,0,0,0,0,0,0,0,0,0,0,0,0,2|73189&4&-1.865174681370263E-14|73190&4&0.7926696403234006|73191&4&0.5082930061158094|73192&4&1.3217290679712987|73193&4&1.8444692249160717|73194&4&1.6933698064134077|73195&4&1.4684000722081334|73196&4&161.78591314818135|73197&4&490.23740621459706|73198&4&1.0728358641380185|73205&4&85.20560125678647|73207&4&173.45629076065788|73210&4&33.6579067062584|73211&4&4.3521130190333315|73213&4&41.451610339667994|73219&4&393.2848176050554|73220&4&27.943219630028832|73222&4&223.9598234072678|73225&4&35.74380389934179|73230&4&278.54942490177086|73234&4&48.706380871846875|73241&4&18.25497878982623|73243&4&17.154086887540657|73254&4&31.464447138716153|73255&4&248.97196355329186|73256&4&21.19760436585|73259&4&37.32356428572849|73262&4&101.96410623252257|73268&4&146.82289050192418|73273&4&90.1262361626795|73275&4&12.052780487274426|73280&4&110.84824492792274|73284&4&36.49017083273559|73289&4&0.688703130677087|73290&4&0.40262427705579973|73299&4&13.13511169282259,2|73189&4&0.956832986451451|73191&4&194.92835693111294|73197&4&1.3120003008229886|73198&4&96.01276864775485|73199&4&1.8783648362107597|73200&4&13.52587241704196|73201&4&0.3953360971242581|73202&4&2.2720539060285505|73203&4&30.26627310994462|73204&4&2.6631888037960882|73205&4&3.209732682422092|73206&4&23.173366411253166|73208&4&92.01373271636218|73212&4&93.90414413505457|73214&4&123.32730214260977|73218&4&134.58196567856214|73226&4&510.54019967570844|73227&4&327.2950023496829|73229&4&8.208733881838121|73233&4&20.449941072887974|73234&4&12.285479574544642|73239&4&15.363227804296516|73244&4&461.02890662290827|73250&4&87.98198678518756|73252&4&172.33821223824407|73253&4&567.6700523056597|73258&4&331.9933294128726|73260&4&74.48621893526136|73263&4&21.994498592303813|73265&4&23.334102248612382|73271&4&13.859045739469886|73275&4&1.7341852427579427|73278&4&6.778247661771895|73280&4&115.92978252708485|73282&4&35.82743246755182|73286&4&7.379170704001175|73289&4&7.015902204087453|73291&4&0.5962400473081078|73292&4&0.9810861203174697|73297&4&48.28621504975477|73302&4&15.524690307700405|73303&4&71.56406477220986,2|73192&4&201.02711117960388|73193&4&164.16034897285806|73209&4&1.8409753653003154|73210&4&77.57761601766828|73212&4&0.2799794534499429|73213&4&347.06132250574996|73214&4&119.1662865910029|73215&4&14.372675712743936|73216&4&21.036480630183142|73217&4&92.09319064300612|73218&4&317.7839495368374|73220&4&453.7835027848844|73223&4&129.21342970066434|73231&4&56.238526655767984|73234&4&488.70815596496584|73241&4&165.51491134148011|73245&4&144.72796519469938|73248&4&20.059205183565222|73256&4&127.39319831540512|73262&4&3.207383119122167|73265&4&311.3921952328574|73270&4&55.65377587648826|73273&4&332.4560272399909|73275&4&3.84979122190002|73278&4&16.61421949765158|73292&4&8.34583615129647|73293&4&0.5021678448609393|73294&4&0.4980737483627928|73302&4&1.887379141862766E-15,2|73195&4&126.27626809817373|73199&4&61.17133733361859|73200&4&233.54827103207725|73203&4&507.5494027536417|73212&4&136.7282435549514|73217&4&511.6551274822841|73220&4&2.3954460607810732|73221&4&5.371392522410835|73222&4&-1.687538997430238E-14|73223&4&0.764850729805476|73224&4&2.646401043248191|73225&4&0.5162643308290724|73226&4&0.8405910692275254|73227&4&2.9970071822856683|73228&4&0.8918218301104406|73231&4&453.7684785020613|73237&4&299.416288260249|73241&4&1.641140311789779|73243&4&566.9792091367677|73245&4&124.36431838135171|73251&4&12.000996123394383|73254&4&71.28651420463854|73259&4&166.91892364383222|73261&4&207.77309442347547|73263&4&183.0428964067031|73271&4&0.5504268635235608|73272&4&11.595953512297346|73273&4&17.445693737798415|73281&4&43.00840458494308|73284&4&8.379645090510996|73286&4&248.7807576998448|73292&4&40.90621254373741|73294&4&1.6608435774636696|73295&4&0.31058072464573794|73296&4&0.33609932012712396|73302&4&54.33076612608409,2|73192&4&50.7020857884675|73193&4&199.94017102960544|73195&4&24.491089759372773|73196&4&47.85224335535064|73198&4&16.16459986551017|73199&4&307.10507032622354|73200&4&25.109280066219316|73205&4&141.7793671857721|73207&4&146.2480733845289|73210&4&16.53726513069789|73219&4&2.286653011980928|73222&4&6.1059166693776366|73223&4&54.58684712106404|73225&4&348.6810342705036|73226&4&9.33618935439879|73229&4&0.5121262924471661|73230&4&4.071753259912735|73231&4&2.545683619183591|73232&4&62.66799511791942|73233&4&2.042810365310288E-14|73234&4&2.042810365310288E-14|73235&4&2.6797787851820383|73236&4&1.175470986473339|73237&4&0.5258893143892657|73238&4&538.7805578213253|73241&4&302.4468030773949|73242&4&12.410903303955966|73249&4&9.560862616492074|73252&4&116.86287933697338|73254&4&23.579524176750446|73256&4&288.2910635963945|73258&4&36.175338420906016|73259&4&46.983328741889636|73262&4&15.728419746226207|73268&4&46.07579903201034|73270&4&15.212777084379441|73274&4&5.089096648307235|73276&4&463.4248463465576|73283&4&346.1052556966306|73285&4&254.2097546676915|73287&4&198.91102597463458|73297&4&0.5040559845198036|73298&4&0.4093596324639378|73306&4&40.66996636119797,2|73189&4&173.56466426791965|73191&4&144.71793238779793|73198&4&515.8461477166834|73199&4&44.80760250359583|73201&4&428.25566472483945|73212&4&11.476776605525313|73223&4&33.121367691147114|73228&4&460.6471463680202|73237&4&4.148340490518178|73239&4&209.7071995022053|73240&4&352.7037538816101|73242&4&-1.865174681370263E-14|73243&4&2.5882215013531917|73244&4&1.7601293598418302|73245&4&2.2229907752138485|73246&4&518.7009635878674|73247&4&2.4567202233470664|73248&4&4.0556491797845355|73249&4&22.068898787519316|73251&4&21.309974855214904|73256&4&176.0145246774215|73264&4&348.28732178122965|73265&4&37.62622012934306|73272&4&618.9163293664064|73284&4&49.16043116803886|73286&4&2.5552288436040174|73299&4&1.196431039935193|73300&4&2.330443039923337|73304&4&-2.6645352591003757E-15,2|73193&4&18.557316032348552|73194&4&576.5670701822671|73209&4&501.65002973014094|73211&4&112.59585045796031|73214&4&124.86190761225691|73217&4&70.30713662755113|73224&4&461.27645039726906|73230&4&111.25775857704902|73233&4&380.3744392089476|73235&4&56.79767689991748|73236&4&245.41120008728552|73240&4&12.068544535841994|73243&4&4.0382876201194975|73245&4&179.96639180743435|73248&4&291.1807373749957|73249&4&1.7421892689583547|73250&4&1.1616069937690743|73252&4&1.021405182655144E-14|73253&4&2.504088946514515|73254&4&100.59275529263802|73255&4&6.053846555124601|73256&4&2.3092638912203256E-14|73257&4&62.68034008031847|73258&4&99.34158753930313|73263&4&191.84731475566923|73266&4&98.18656347939829|73267&4&187.84316149159852|73274&4&439.32327760706227|73276&4&69.47000050518042|73277&4&41.15148046771784|73278&4&87.80300555084395|73282&4&150.31047704811633|73291&4&13.863426586585334|73292&4&10.340307550014723|73294&4&28.55247191899786|73296&4&19.979839067627598|73298&4&19.432891600345798|73300&4&26.430605928199952|73301&4&87.74279864005727|73304&4&56.00187597490866|73305&4&23.954977379348016,2|73190&4&282.83794534484656|73195&4&191.52609691011594|73202&4&588.6346796765765|73205&4&33.404131563312674|73206&4&518.7655545048832|73207&4&96.32399155792459|73211&4&200.5023352074963|73216&4&116.41771811261884|73220&4&91.67160423027593|73222&4&211.52648645358798|73232&4&29.137813375056982|73234&4&46.1787582429707|73236&4&32.41806099366758|73242&4&313.0960435804611|73250&4&318.3146388959615|73259&4&-1.687538997430238E-14|73260&4&1.9698529527269149|73261&4&8.173610666715149|73262&4&25.006281134584945|73263&4&2.028393058789988|73264&4&0.7066812727627307|73265&4&1.3740181846857131|73266&4&0.7511270684856557|73267&4&103.1717460274208|73268&4&-1.865174681370263E-14|73270&4&245.75147303448577|73275&4&199.5429780026847|73279&4&234.07209318878824|73282&4&169.10133137719322|73285&4&123.54208751006436|73286&4&51.61466989821678|73288&4&236.32138076978515|73293&4&19.727658245909232|73295&4&9.444246891251964|73303&4&0.4937007913140224,2|73191&4&64.01675730229717|73193&4&8.659054149763488|73194&4&8.554435673400533|73197&4&8.638187287893732|73204&4&504.00251191168445|73207&4&17.335150064795066|73215&4&540.0553044744919|73221&4&571.4959032598614|73225&4&9.836059365335139|73229&4&321.1600423409202|73231&4&49.14456749246742|73235&4&349.26879664556066|73237&4&4.482024963553547|73247&4&435.68125775749417|73249&4&433.7590865745676|73251&4&247.08322040677737|73261&4&85.70628166633901|73269&4&551.2261977964793|73270&4&27.58245117701247|73271&4&108.60419066268113|73272&4&-2.398081733190338E-14|73273&4&-9.769962616701378E-15|73274&4&1.4200676135193604|73276&4&1.687538997430238E-14|73277&4&3.607706774404872|73281&4&139.73012211805116|73286&4&202.76423442844055|73287&4&194.5249290261355|73288&4&125.73445375309004|73293&4&59.123755551816174|73304&4&18.45556492006268|73305&4&0.5106763040589485|73306&4&2.2496900440839642,2|73189&4&239.04225398843855|73191&4&7.8531444267308075|73192&4&18.943154905700666|73196&4&15.328562103823668|73207&4&0.902610775942688|73208&4&439.5484176238143|73210&4&382.76752995550424|73212&4&58.45054678350242|73216&4&138.4185010572866|73223&4&6.425736891653514|73227&4&62.011991429740874|73229&4&97.19453017426666|73232&4&179.51644059370904|73233&4&16.461653080497943|73242&4&0.5597460443675526|73251&4&112.21508090064941|73254&4&32.75972730686473|73257&4&409.56004653399657|73260&4&87.13056204821626|73262&4&234.37292338092436|73266&4&161.50165742069538|73268&4&193.0748386280094|73271&4&520.6986017865436|73276&4&2.4939596978063325|73277&4&384.76311660645507|73278&4&439.4758028145817|73280&4&4.343656058534451|73281&4&4.440934213372247|73282&4&3.2592682828170974|73283&4&1.8845049595958796|73284&4&271.56288207527854|73285&4&2.6702474651638743|73287&4&0.2784731003588151|73288&4&1.9198596015902005
23|4,130,1,1,1,1,1,1,1,1,1,1,1,1,1,1,1,1,1,1,1,1,1,1,1,1,1,1,1,1,1,1,1,1,1,1,1,1,1,1,1,1,1,1,1,1,1,1,1,1,1,1,1,1,1,1,1,1,1,1,1,1,1,1,1,1,1,1,1,1,1,1,1,1,1,1,1,1,1,1,1,1,1,1,1,1,1,1,1,1,1,1,1,1,1,1,1,1,1,1,1,1,0,0,0,0,0,0,0,0,0,0,0,0,0,0,0,0,0,0,0,0,2|73190&4&-7.993605777301127E-15|73191&4&-1.5543122344752192E-15|73192&4&7.105427357601002E-15|73193&4&-1.3322676295501878E-15|73194&4&0.0|73195&4&-1.2878587085651816E-14|73196&4&143.5161497905808|73197&4&472.6897812181614|73198&4&0.0|73205&4&79.59701795821269|73207&4&153.46066404662236|73210&4&28.048255588548678|73211&4&0.0|73213&4&34.54300861638999|73219&4&420.7257089316763|73220&4&87.69023654785576|73222&4&201.318842249344|73225&4&29.7865032494515|73230&4&256.2917651542675|73234&4&96.87575414791397|73241&4&15.212482324855188|73243&4&14.295072406283879|73254&4&68.35958625955146|73255&4&224.73218300120016|73256&4&18.080997917717536|73259&4&35.85910029441254|73262&4&89.43188068499242|73268&4&131.7841822586499|73273&4&136.7091114117409|73275&4&10.043983739395355|73280&4&97.93200843136847|73284&4&31.38244165604208|73289&4&4.6629367034256575E-15|73290&4&2.9976021664879227E-15|73299&4&16.985592398772003,2|73189&4&0.7176247398385882|73191&4&239.43152434429678|73197&4&7.105427357601002E-15|73198&4&145.37957336545173|73199&4&5.773159728050814E-15|73200&4&6.883731263014511|73201&4&2.3314683517128287E-15|73202&4&0.0|73203&4&23.703060929281243|73204&4&2.3092638912203256E-14|73205&4&-2.398081733190338E-14|73206&4&18.341159228531307|73208&4&75.22861819302041|73212&4&140.74423846885685|73214&4&106.51405712668667|73216&4&48.108460919537464|73218&4&176.0381507526396|73226&4&533.9987361241026|73227&4&367.73761014568095|73229&4&6.1565504113785945|73233&4&15.337455804665993|73234&4&9.214109680908486|73239&4&42.146313405148824|73244&4&471.0055194174073|73250&4&73.00380903807292|73252&4&150.58902168500407|73253&4&582.2605201703016|73258&4&360.14318038656006|73260&4&63.39563893567954|73263&4&16.495873944227846|73265&4&17.36751200890471|73271&4&10.394284304602412|73275&4&1.3006389320684577|73278&4&5.083685746328923|73280&4&108.42450804839251|73282&4&29.81006254996104|73286&4&5.534378028000882|73289&4&11.517612242218132|73291&4&2.6645352591003757E-15|73292&4&0.4724116838556126|73297&4&52.52927717359728|73302&4&14.185750742346755|73303&4&76.49960644504228,2|73192&4&184.13872802765187|73193&4&147.94676580513277|73209&4&9.325873406851315E-15|73210&4&69.52432327623801|73212&4&2.220446049250313E-15|73213&4&310.4026466677547|73214&4&109.1287462926333|73215&4&7.704033043865443|73216&4&13.674042635408803|73217&4&73.93755355785751|73218&4&288.33982972310775|73220&4&425.20230870904925|73223&4&115.92405812159332|73231&4&51.12593332342544|73234&4&458.05363686537453|73241&4&151.25418969659353|73245&4&130.57882687206228|73248&4&18.28043098743298|73256&4&114.0235297064727|73262&4&2.940101192528653|73265&4&330.2499828219417|73270&4&64.73071165050523|73273&4&306.21789206120616|73275&4&0.0|73278&4&41.613823204253606|73292&4&7.681192992116074|73293&4&-4.440892098500626E-15|73294&4&3.3306690738754696E-16,2|73195&4&113.93365411236948|73199&4&55.11550938166114|73200&4&208.93525460363242|73203&4&491.817059905683|73212&4&117.11938110468064|73217&4&476.12972487800937|73220&4&3.552713678800501E-15|73221&4&0.9803826396166979|73223&4&-4.6629367034256575E-15|73224&4&-1.687538997430238E-14|73225&4&4.440892098500626E-15|73226&4&5.995204332975845E-15|73227&4&-2.042810365310288E-14|73228&4&2.886579864025407E-15|73231&4&490.8297822085507|73237&4&315.6927634512859|73241&4&1.199040866595169E-14|73243&4&526.9601312400321|73245&4&116.08318758291135|73251&4&5.736965634096455|73254&4&64.51367467844797|73259&4&150.0278228687473|73261&4&240.04529315355612|73263&4&163.10484647521375|73271&4&1.5543122344752192E-15|73272&4&8.696965134223005|73273&4&14.953451775255783|73281&4&40.38271047891118|73284&4&7.8210020844769295|73286&4&233.7650854102773|73292&4&38.4348057559791|73294&4&0.8304217887318304|73295&4&2.886579864025407E-15|73296&4&-3.1086244689504383E-15|73302&4&61.26273823713997,2|73192&4&41.98453282547217|73193&4&239.20858148791064|73195&4&20.821371886907066|73196&4&78.82112530159844|73198&4&12.123449899132634|73199&4&353.7810981987345|73200&4&57.2225604451837|73205&4&125.84895953479588|73207&4&190.57223132837572|73210&4&12.402948848023417|73219&4&6.217248937900877E-15|73222&4&4.57943750203323|73223&4&49.13119045498968|73225&4&366.6186378661262|73226&4&7.00214201579909|73229&4&-2.6645352591003757E-15|73230&4&-3.019806626980426E-14|73231&4&-1.0658141036401503E-14|73232&4&51.50968241231861|73235&4&2.4868995751603507E-14|73236&4&2.220446049250313E-15|73237&4&3.774758283725532E-15|73238&4&495.0527398704768|73241&4&339.9266316744578|73242&4&9.30817747796697|73249&4&6.858535477588696|73252&4&158.70237389702027|73254&4&17.684643132562844|73256&4&315.8957203951408|73258&4&32.88667129173274|73259&4&37.914950649637646|73262&4&14.73160098790647|73268&4&35.26122909585989|73270&4&11.409582813284576|73274&4&3.8168224862304245|73276&4&498.4855293391056|73283&4&323.4723058049248|73285&4&237.9350558277421|73287&4&240.45600797888693|73297&4&5.329070518200751E-15|73298&4&-4.440892098500626E-15|73306&4&47.56218971359297,2|73189&4&154.3455807474693|73191&4&133.414917971745|73198&4&474.403348465914|73199&4&37.752618745279534|73201&4&451.14885442838226|73212&4&10.801672099317942|73223&4&27.601139742622586|73228&4&487.15786709354484|73237&4&3.456950408765148|73239&4&186.19632646536354|73240&4&369.19732345169547|73243&4&7.105427357601002E-15|73244&4&-2.220446049250313E-15|73245&4&-1.1546319456101628E-14|73246&4&486.49825492872657|73247&4&1.687538997430238E-14|73248&4&0.0|73249&4&18.39074898959943|73251&4&17.758312379345753|73256&4&159.64795430475908|73264&4&365.9039202203451|73265&4&31.355183441119223|73272&4&624.5042603007415|73284&4&45.11830567979161|73286&4&1.7763568394002505E-14|73299&4&1.1102201872767186|73300&4&1.0013156132668195,2|73193&4&17.29670410605642|73194&4&596.768073655692|73209&4&526.8303711612307|73211&4&129.64586232106325|73214&4&119.18282631615114|73217&4&139.8349708415644|73224&4&479.7000801947243|73230&4&104.16367011639757|73233&4&348.59063500885946|73235&4&89.21264797274529|73236&4&257.7714991455392|73238&4&48.82347655955946|73240&4&9.051408401881496|73243&4&3.0287157150896236|73245&4&170.05764788492473|73248&4&269.79948991032654|73249&4&-1.021405182655144E-14|73250&4&-2.220446049250313E-15|73253&4&-2.3092638912203256E-14|73254&4&85.422818566395|73255&4&17.178753183341502|73257&4&51.68535108955718|73258&4&84.5889463758378|73260&4&216.5280043630258|73263&4&233.63121790917566|73266&4&84.10360109346192|73267&4&177.95667930783017|73274&4&433.86147147476106|73276&4&60.09444966424185|73277&4&35.37918055857429|73278&4&74.80823478605171|73282&4&187.04331973639006|73285&4&17.01151323139751|73291&4&18.1883166863343|73292&4&19.918499007836346|73294&4&36.1928597217103|73296&4&24.06571483864874|73298&4&23.66114455194901|73300&4&34.29178034015893|73301&4&91.76139163005213|73304&4&63.18432310839741|73305&4&28.450155266474408,2|73190&4&298.1755341299483|73195&4&183.057324298023|73202&4&611.0566943969122|73205&4&69.13389712450193|73206&4&531.3044677535498|73207&4&89.18015523386711|73211&4&179.5719752340537|73216&4&105.08618113666529|73220&4&81.79978136514654|73222&4&218.51284091620101|73232&4&61.89540395094278|73234&4&41.34105392939914|73236&4&30.324963539099215|73242&4&334.9360883043691|73250&4&342.8917135752746|73260&4&1.3322676295501878E-15|73261&4&3.613372100265516|73262&4&18.143220094663473|73263&4&-1.7763568394002505E-14|73264&4&-4.218847493575595E-15|73265&4&-9.325873406851315E-15|73266&4&0.0|73267&4&87.5126403794414|73270&4&228.9887675143066|73275&4&238.40295393248041|73279&4&247.8796091173541|73282&4&153.6892638190336|73285&4&107.59037156975951|73286&4&104.80542671092752|73288&4&223.9169795477264|73290&4&3.896379361582291|73293&4&29.06037854800431|73295&4&13.752621138361343|73303&4&3.3306690738754696E-16,2|73191&4&54.31804603261622|73193&4&6.494290612322614|73194&4&7.1286963945004445|73197&4&6.478640465920301|73204&4&518.37510361705|73207&4&13.00136254859629|73215&4&499.53216003331187|73221&4&582.6586155432952|73225&4&7.377044524001351|73229&4&292.63824661516855|73231&4&40.563393903325284|73235&4&318.4552842357531|73237&4&3.3615187226651595|73247&4&442.504005720486|73249&4&432.3189898121326|73251&4&223.76342989472394|73261&4&75.48081101811013|73269&4&570.5950925215635|73270&4&21.292664265661234|73271&4&93.60995325514665|73274&4&-3.1086244689504383E-15|73277&4&0.0|73281&4&122.47822795912936|73286&4&179.9860476607486|73287&4&173.55230431830745|73288&4&110.23370918148171|73293&4&54.725112856297045|73304&4&16.409740716618824|73305&4&-8.881784197001252E-16|73306&4&0.916158114268304,2|73189&4&281.2600988504092|73191&4&5.889858320048106|73192&4&16.575260542488085|73196&4&11.496421577867757|73207&4&0.0|73208&4&468.2369416103087|73210&4&412.96107219099423|73212&4&53.74580303533577|73216&4&131.11559947965858|73223&4&5.997354432209947|73227&4&55.840874451144835|73229&4&91.64826571445631|73232&4&168.59757610967063|73233&4&38.899288529386276|73242&4&-2.6645352591003757E-15|73251&4&153.03006714698182|73254&4&30.270671402826192|73257&4&438.162637752082|73260&4&79.77584330564703|73262&4&227.73249276449857|73266&4&149.16830799014335|73268&4&238.79881534447398|73271&4&540.0461656888594|73276&4&1.865174681370263E-14|73277&4&418.72558975739054|73278&4&404.33571715723787|73280&4&3.019806626980426E-14|73281&4&0.2505623811803138|73282&4&0.0|73283&4&4.440892098500626E-16|73284&4&295.5062905116216|73285&4&2.4868995751603507E-14|73287&4&2.220446049250313E-15|73288&4&-1.3766765505351941E-14
24|4,130,1,1,1,1,1,1,1,1,1,1,1,1,1,1,1,1,1,1,1,1,1,1,1,1,1,1,1,1,1,1,1,1,1,1,1,1,1,1,1,1,1,1,1,1,1,1,1,1,1,1,1,1,1,1,1,1,1,1,1,1,1,1,1,1,1,1,1,1,1,1,1,1,1,1,1,1,1,1,1,1,1,1,1,1,1,1,1,1,1,1,1,1,1,1,1,1,1,1,1,1,0,0,0,0,0,0,0,0,0,0,0,0,0,0,0,0,0,0,0,0,2|73196&4&125.26332075411557|73197&4&460.17247532362273|73205&4&73.98843465963891|73207&4&133.46503733258686|73210&4&22.438604470838953|73213&4&27.634406893111986|73219&4&444.62270522201663|73220&4&86.00872381442521|73222&4&178.67786109142023|73225&4&23.829202599561206|73230&4&247.07462560748326|73234&4&97.68406998243417|73241&4&12.169985859884147|73243&4&11.4360579250271|73254&4&112.43821387204746|73255&4&200.4924024491084|73256&4&14.964391469585072|73259&4&57.600301482783976|73262&4&76.89965513746228|73268&4&116.74547401537563|73272&4&12.739837238719247|73273&4&151.06895673160489|73275&4&8.035186991516284|73280&4&285.3487949549615|73281&4&198.96134960273787|73284&4&26.274712479348565|73299&4&20.894484341360787,2|73189&4&0.47841649322572544|73191&4&282.11304194917926|73198&4&138.42799454735234|73200&4&4.589154175343003|73203&4&18.314225806916127|73206&4&14.452853295245898|73208&4&62.49948601382729|73212&4&192.10015928048946|73214&4&89.70081211076356|73216&4&111.27478818194952|73218&4&230.6220788594386|73226&4&508.0317084982354|73227&4&407.12664228229306|73229&4&4.104366940919068|73233&4&10.224970536444012|73234&4&6.142739787272331|73239&4&81.70552247073803|73244&4&436.2091286421038|73250&4&58.02563129095827|73252&4&128.83983113176413|73253&4&580.0485128674806|73258&4&395.7719331057068|73260&4&52.30505893609771|73263&4&10.997249296151878|73265&4&11.400921769197042|73271&4&6.929522869734937|73275&4&0.8670926213789728|73278&4&3.389123830885951|73280&4&100.91923356970018|73282&4&23.792692632370255|73286&4&3.689585352000589|73289&4&15.450466691603964|73292&4&3.3306690738754696E-16|73297&4&59.24959588631447|73302&4&12.862123048944287|73303&4&81.31569443076384,2|73192&4&167.2503448756998|73193&4&131.73318263740748|73210&4&61.47103053480775|73213&4&277.4247032149974|73214&4&99.91031548545725|73215&4&5.136022029243653|73216&4&10.403725201826074|73217&4&60.118921632420104|73218&4&262.9520780036543|73220&4&396.6211146332141|73223&4&102.63468654252233|73231&4&46.0133399910829|73234&4&427.3991177657834|73241&4&136.99346805170697|73245&4&116.42968854942515|73248&4&16.501656791300732|73256&4&100.65386109754029|73262&4&2.672819265935139|73265&4&353.11334763855194|73270&4&93.38174187642339|73273&4&279.97975688242155|73278&4&70.33791333601067|73292&4&7.016549832935677,2|73195&4&101.59104012656522|73199&4&49.05968142970369|73200&4&184.32223817518758|73203&4&486.6163920310183|73212&4&97.51051865440989|73217&4&440.60432227373474|73221&4&0.6535884264111111|73231&4&474.57450894488744|73237&4&338.13623697338124|73243&4&486.94105334329635|73245&4&107.80205678447102|73251&4&3.8246437560643125|73254&4&57.74083515225742|73259&4&133.1367220936624|73261&4&275.12971098213666|73263&4&143.1667965437244|73272&4&5.797976756148664|73273&4&12.46120981271315|73281&4&37.75701637287928|73284&4&7.262359078442863|73286&4&218.74941312070985|73292&4&35.9633989682208|73294&4&-8.881784197001252E-15|73302&4&68.09048046547935,2|73192&4&33.266979862476845|73193&4&283.6544761333669|73195&4&17.151654014441355|73196&4&74.62218100165876|73198&4&8.082299932755099|73199&4&396.41125439285054|73200&4&102.81935990079731|73205&4&109.91855188381966|73207&4&232.98733839857354|73210&4&8.268632565348945|73222&4&3.052958334688823|73223&4&43.6755337889153|73225&4&391.55550451937984|73226&4&4.66809467719939|73232&4&44.419233544473876|73238&4&455.37200207745553|73241&4&330.73515625916286|73242&4&6.205451651977974|73249&4&4.15620833868532|73252&4&196.3591047189597|73254&4&11.789762088375241|73256&4&343.9052616958501|73258&4&29.598004162559462|73259&4&28.84657255738565|73262&4&13.734782229586735|73268&4&24.446659159709434|73270&4&7.606388542189711|73274&4&2.544548324153614|73276&4&483.2671604575856|73283&4&315.4266613412631|73285&4&221.66035698779268|73287&4&227.8857707903726|73306&4&44.80406129417886,2|73189&4&135.12649722701894|73191&4&122.11190355569215|73198&4&432.9605492151446|73199&4&30.69763498696324|73201&4&466.19418303015107|73212&4&10.126567593110572|73223&4&22.080911794098057|73228&4&514.8422761228303|73237&4&2.7655603270121176|73239&4&163.60519041841494|73240&4&383.73062590424354|73246&4&468.30032269629703|73249&4&14.712599191679544|73251&4&14.206649903476603|73256&4&143.28138393209667|73264&4&385.10620777792235|73265&4&25.084146752895386|73272&4&575.2455987669209|73284&4&41.07618019154436|73299&4&1.0408314255719238|73300&4&1.7763568394002505E-15,2|73193&4&16.036092179764285|73194&4&552.7655572882496|73209&4&501.6423553344308|73211&4&157.35852217209964|73214&4&112.499267366988|73217&4&150.5546477205865|73223&4&35.77638726625633|73224&4&481.8775097730106|73230&4&97.0695816557461|73233&4&316.8068308087714|73235&4&125.33054542126902|73236&4&273.80782557239166|73238&4&86.35891186201866|73240&4&6.034272267920997|73243&4&2.0191438100597496|73245&4&160.14890396241515|73248&4&248.4182424456573|73254&4&71.57178276477123|73255&4&55.207587978918205|73257&4&41.602501425786656|73258&4&71.23936541148129|73260&4&216.60811310347498|73263&4&274.49502114096964|73266&4&70.02063870752556|73267&4&168.07019712406182|73274&4&432.464929921227|73276&4&50.718898823303284|73277&4&29.60688064943075|73278&4&61.813464021259506|73282&4&208.43441593750475|73285&4&42.893870228432604|73288&4&11.044987300461704|73291&4&21.901694153870082|73292&4&26.851366394907416|73294&4&43.67555170861414|73296&4&27.59508508654231|73298&4&27.523023371483404|73300&4&41.77471481144639|73301&4&95.79265704128832|73304&4&70.14639636839453|73305&4&36.55217714173644,2|73190&4&317.9473670667451|73194&4&26.56601046749148|73195&4&173.42564284084654|73202&4&569.3225523999333|73205&4&111.06340998541363|73206&4&514.0956274213817|73207&4&82.03631890980964|73211&4&158.6416152606111|73216&4&93.75464416071172|73220&4&71.92795850001716|73222&4&233.17921850480747|73232&4&107.87987681285114|73234&4&36.50334961582757|73236&4&28.231866084530854|73242&4&369.6132912833505|73250&4&365.08316313313065|73261&4&2.408914733510355|73262&4&15.62248743545832|73267&4&75.69587520833879|73270&4&212.2260619941274|73275&4&265.3642138181465|73279&4&268.26519538295867|73282&4&138.27719626087406|73285&4&91.63865562945463|73286&4&154.42043572765846|73288&4&211.51257832566768|73290&4&7.677488017322593|73293&4&38.05139913802056|73295&4&17.649089024647044,2|73191&4&44.61933476293528|73193&4&4.3295270748817405|73194&4&5.702957115600356|73197&4&4.31909364394687|73204&4&529.5148763751247|73207&4&8.667575032397515|73215&4&458.04476628405985|73221&4&561.5873160721846|73225&4&4.918029682667564|73229&4&264.1164508894169|73231&4&31.982220314183152|73235&4&287.6417718259456|73237&4&2.241012481776772|73247&4&432.08616493125544|73249&4&431.206410841386|73251&4&200.44363938267045|73261&4&65.25534036988125|73269&4&579.8705860864688|73270&4&16.718571083160022|73271&4&78.61571584761214|73281&4&105.22633380020757|73286&4&157.2078608930566|73287&4&152.5796796104794|73288&4&94.73296460987338|73293&4&50.32647016077792|73304&4&14.857236829324378|73306&4&-1.5543122344752192E-15,2|73189&4&317.44980846855117|73191&4&3.9265722133654037|73192&4&14.207366179275503|73196&4&7.664281051911847|73208&4&459.48133732892524|73210&4&445.80501985762453|73212&4&49.04105928716911|73216&4&123.81269790203056|73223&4&5.568971972766379|73227&4&49.66975747254879|73229&4&86.10200125464598|73232&4&157.67871162563227|73233&4&68.90342328160574|73251&4&193.94819551858112|73254&4&27.781615498787648|73257&4&439.12691811931563|73260&4&72.4211245630778|73262&4&215.75993581782134|73266&4&136.83495855959134|73268&4&281.96734645332765|73271&4&503.59420526179105|73277&4&445.02325804379643|73278&4&373.24622077045194|73281&4&0.16704158745354272|73284&4&326.432701594368
25|4,130,1,1,1,1,1,1,1,1,1,1,1,1,1,1,1,1,1,1,1,1,1,1,1,1,1,1,1,1,1,1,1,1,1,1,1,1,1,1,1,1,1,1,1,1,1,1,1,1,1,1,1,1,1,1,1,1,1,1,1,1,1,1,1,1,1,1,1,1,1,1,1,1,1,1,1,1,1,1,1,1,1,1,1,1,1,1,1,1,1,1,1,1,1,1,1,1,1,1,1,1,0,0,0,0,0,0,0,0,0,0,0,0,0,0,0,0,0,0,0,0,2|73196&4&107.01049171765034|73197&4&447.04101942364167|73205&4&68.37985136106514|73207&4&113.46941061855135|73209&4&43.82710896865211|73210&4&16.82895335312923|73213&4&20.725805169833983|73219&4&434.17992769428827|73220&4&108.76504806981231|73222&4&156.03687993349644|73225&4&17.871901949670914|73230&4&251.41650729263665|73234&4&98.18221175779442|73241&4&9.127489394913106|73243&4&8.577043443770322|73254&4&160.99787279208638|73255&4&226.68678133675326|73256&4&11.847785021452609|73259&4&89.53019289936202|73262&4&76.19740450512481|73268&4&101.70676577210135|73272&4&19.663867067534888|73273&4&142.82075647731102|73275&4&6.026390243637212|73280&4&262.41590730739983|73281&4&189.01328212260097|73283&4&32.66354460860131|73284&4&21.166983302655048|73299&4&19.734459154390834,2|73189&4&0.2392082466128627|73191&4&269.4414455919736|73198&4&143.26625406185659|73200&4&2.29457708767151|73203&4&12.925390684551013|73206&4&10.564547361960486|73208&4&49.77035383463415|73212&4&238.85087326202242|73214&4&72.88756709484048|73216&4&171.20373561347674|73218&4&282.0388220697465|73226&4&490.2232947412362|73227&4&421.65414177822277|73229&4&2.0521834704595414|73233&4&5.112485268222031|73234&4&3.0713698936361755|73239&4&119.16416897353955|73244&4&407.58756519544323|73250&4&43.04745354384362|73252&4&107.09064057852413|73253&4&566.1125612995677|73258&4&369.0935718272698|73260&4&41.21447893651589|73263&4&5.498624648075911|73265&4&5.434331529489374|73271&4&3.464761434867462|73275&4&0.4335463106894879|73278&4&1.6945619154429787|73280&4&93.41395909100785|73282&4&17.77532271477947|73286&4&1.844792676000296|73289&4&14.624441067341284|73297&4&55.54576837545187|73302&4&11.53849535554182|73303&4&75.55815074103118,2|73192&4&150.36196172374778|73193&4&115.51959946968216|73196&4&9.309830479285324|73210&4&53.4177377933775|73213&4&244.44675976224022|73214&4&90.69188467828118|73215&4&2.568011014621834|73216&4&7.133407768243353|73217&4&46.30028970698271|73218&4&237.56432628420094|73220&4&368.039920557379|73223&4&89.34531496345132|73231&4&40.90074665874036|73234&4&396.7445986661921|73241&4&122.73274640682041|73245&4&102.28055022678802|73248&4&14.722882595168487|73256&4&87.28419248860786|73262&4&2.405537339341625|73265&4&382.91277200551303|73270&4&129.12325942269612|73273&4&253.7416217036369|73278&4&113.06617729325454|73292&4&6.351906673755281,2|73195&4&96.53351222746873|73199&4&43.00385347774624|73200&4&219.07248648171495|73203&4&461.1030767831609|73212&4&77.90165620413913|73217&4&405.07891966945994|73221&4&0.3267942132055545|73228&4&34.9815839788705|73231&4&457.9996238330782|73237&4&358.1695591907573|73243&4&446.92197544656074|73245&4&99.52092598603068|73251&4&1.912321878032156|73254&4&50.96799562606685|73258&4&54.76318468137402|73259&4&116.24562131857755|73261&4&310.0783163597843|73263&4&123.22874661223506|73272&4&2.8989883780743226|73273&4&9.968967850170518|73281&4&35.13132226684738|73284&4&6.703716072408796|73286&4&203.73374083114234|73292&4&33.491992180462496|73302&4&63.89109581949427,2|73192&4&24.549426899481517|73193&4&323.54503753728676|73195&4&13.481936141975648|73196&4&70.42323670171905|73198&4&4.0411499663775645|73199&4&396.6924482487686|73200&4&97.44976338956681|73205&4&93.98814423284344|73207&4&277.2341485072353|73210&4&4.134316282674473|73222&4&1.5264791673444167|73223&4&38.21987712284093|73225&4&401.8610584341253|73226&4&2.3340473385996896|73232&4&37.32878467662911|73238&4&415.6912642844344|73241&4&329.46923415709506|73242&4&3.1027258259889776|73249&4&1.4538811997819439|73252&4&235.90711295250594|73254&4&5.894881044187639|73256&4&346.58079703811865|73258&4&26.309337033386186|73259&4&19.778194465133662|73262&4&12.737963471266998|73268&4&13.632089223558982|73270&4&3.803194271094845|73274&4&1.2722741620768034|73276&4&467.5165704786688|73283&4&283.4781226207147|73285&4&205.38565814784326|73287&4&223.15578345620708|73306&4&42.04593287476474,2|73189&4&115.90741370656855|73191&4&110.80888913963925|73198&4&391.51774996437535|73199&4&23.642651228646947|73201&4&441.2621572207568|73212&4&9.451463086903201|73223&4&16.56068384557353|73228&4&473.5061658290506|73237&4&2.0741702452590873|73239&4&141.01405437146633|73240&4&401.9962180344903|73246&4&430.10060109842243|73249&4&11.034449393759658|73251&4&10.654987427607452|73256&4&126.91481355943424|73264&4&396.8568285501548|73265&4&18.813110064671548|73272&4&525.9869372331002|73284&4&37.034054703297116|73299&4&0.9714426638671289,2|73193&4&14.77548025347215|73194&4&508.76304092080716|73209&4&460.5209618119094|73211&4&196.25913266901276|73214&4&105.81570841782481|73217&4&196.60253653565317|73223&4&33.98756790294351|73224&4&446.88759519895615|73230&4&89.97549319509466|73233&4&285.0230266086833|73235&4&161.44083197533956|73236&4&285.7738025349065|73238&4&87.08269083641534|73240&4&3.0171361339604985|73243&4&1.0095719050298757|73245&4&150.2401600399055|73248&4&227.03699498098814|73254&4&57.72074696314744|73255&4&51.968247417838185|73257&4&31.519651762016125|73258&4&57.889784447124775|73260&4&205.23638743739366|73263&4&307.72445950397497|73266&4&55.9376763215892|73267&4&158.18371494029347|73274&4&429.58542251518196|73276&4&41.34334798236471|73277&4&23.834580740287205|73278&4&48.81869325646727|73282&4&246.10329106908563|73285&4&72.74148779693203|73288&4&29.549690111771962|73291&4&20.68697902004948|73292&4&25.431858520323665|73294&4&41.16441784693899|73296&4&26.009334602183646|73298&4&25.952076819621034|73300&4&39.39269529864764|73301&4&88.23729336685325|73304&4&65.81971054934947|73305&4&34.45589719420395,2|73190&4&339.36620061136233|73194&4&34.564601658087746|73195&4&163.79396138367008|73202&4&527.6968184447776|73205&4&164.34496588876198|73206&4&491.37220817331496|73207&4&74.89248258575215|73211&4&137.7112552871685|73213&4&2.0250976493014026|73216&4&82.42310718475818|73220&4&62.05613563488777|73221&4&5.549671825934695|73222&4&255.25796128688614|73223&4&24.33732865181275|73232&4&132.43414470423843|73234&4&31.665645302256003|73236&4&26.13876862996249|73242&4&396.7607604525782|73250&4&391.7688106133976|73261&4&1.2044573667551732|73262&4&13.10175477625318|73267&4&63.879110037236174|73270&4&195.46335647394824|73275&4&289.81031491379883|73279&4&287.30258789217373|73282&4&122.86512870271446|73285&4&75.68693968914977|73286&4&164.95348832920234|73288&4&199.1081771036089|73290&4&7.283872668052507|73293&4&35.99705493872235|73295&4&16.693166378182276,2|73191&4&34.92062349325434|73193&4&2.1647635374408667|73194&4&4.277217836700267|73197&4&2.1595468219734384|73204&4&493.15480237750853|73207&4&4.33378751619874|73215&4&416.55737253480777|73221&4&515.0312590800947|73225&4&2.4590148413337767|73229&4&235.59465516366524|73231&4&23.40104672504102|73235&4&256.82825941613805|73237&4&1.1205062408883841|73247&4&425.4732914049968|73249&4&437.2008277058259|73251&4&177.12384887061702|73261&4&55.029869721652354|73269&4&538.7540189662268|73270&4&12.867069295720912|73271&4&63.621478440077645|73281&4&87.97443964128577|73286&4&134.42967412536464|73287&4&131.60705490265133|73288&4&79.23222003826505|73293&4&45.92782746525879|73304&4&13.304732942029931,2|73189&4&335.08053842878365|73191&4&1.9632861066827019|73192&4&11.839471816062922|73196&4&3.8321405259559373|73208&4&451.5120581898603|73210&4&464.30168233401264|73212&4&44.336315539002456|73216&4&116.50979632440256|73223&4&5.140589513322811|73227&4&43.49864049395274|73229&4&80.55573679483562|73232&4&146.75984714159387|73233&4&98.01203152557274|73251&4&246.74565409918276|73254&4&25.292559594749104|73257&4&446.0699522575929|73260&4&65.06640582050858|73262&4&203.78737887114409|73266&4&124.50160912903931|73268&4&327.9248646723585|73271&4&489.86382233314015|73277&4&433.66121615035024|73278&4&342.1567243836661|73281&4&0.08352079372677162|73284&4&347.7364835331331
26|4,130,1,1,1,1,1,1,1,1,1,1,1,1,1,1,1,1,1,1,1,1,1,1,1,1,1,1,1,1,1,1,1,1,1,1,1,1,1,1,1,1,1,1,1,1,1,1,1,1,1,1,1,1,1,1,1,1,1,1,1,1,1,1,1,1,1,1,1,1,1,1,1,1,1,1,1,1,1,1,1,1,1,1,1,1,1,1,1,1,1,1,1,1,1,1,1,1,1,1,1,1,0,0,0,0,0,0,0,0,0,0,0,0,0,0,0,0,0,0,0,0,2|73196&4&88.75766268118511|73197&4&428.3178198123221|73205&4&62.77126806249137|73207&4&93.47378390451584|73209&4&95.72541185323001|73210&4&11.219302235419505|73213&4&13.817203446555977|73219&4&414.27999655199943|73220&4&184.11794750848975|73222&4&133.39589877557268|73225&4&11.914601299780623|73230&4&253.59191451920904|73234&4&130.84750876690975|73241&4&6.0849929299420635|73243&4&5.718028962513544|73254&4&199.54503131855495|73255&4&250.08027419347263|73256&4&8.731178573320143|73259&4&118.13356429501893|73262&4&70.97263167153321|73268&4&86.66805752882709|73272&4&88.1990863833328|73273&4&134.57255622301713|73275&4&4.01759349575814|73280&4&249.11443092287928|73281&4&196.07899504765336|73283&4&62.65777029759639|73284&4&16.059254125961534|73299&4&18.574433967420887,2|73189&4&-5.551115123125783E-17|73191&4&300.3816937053731|73198&4&192.4842333604294|73200&4&1.687538997430238E-14|73203&4&7.536555562185899|73206&4&6.6762414286750715|73208&4&37.04122165544102|73212&4&271.71589544291083|73214&4&56.07432207891739|73216&4&221.72494277260975|73218&4&290.685327639087|73226&4&486.3655491234306|73227&4&397.56716622178476|73229&4&1.509903313490213E-14|73233&4&4.973799150320701E-14|73234&4&2.042810365310288E-14|73239&4&150.61559263965316|73244&4&373.5939148562225|73250&4&28.588197160759385|73252&4&85.34145002528415|73253&4&520.0541699345322|73258&4&342.41521054883293|73260&4&33.458268901181796|73263&4&-5.6843418860808015E-14|73265&4&-1.2434497875801753E-14|73271&4&-1.3322676295501878E-14|73275&4&2.9976021664879227E-15|73278&4&6.661338147750939E-15|73280&4&85.90868461231551|73282&4&11.757952797188686|73286&4&3.1086244689504383E-15|73289&4&13.798415443078598|73297&4&51.841940864589276|73302&4&10.214867662139351|73303&4&69.80060705129854,2|73192&4&133.47357857179574|73193&4&99.30601630195684|73196&4&23.04267588784632|73210&4&45.364445051947236|73213&4&211.99056984011753|73214&4&81.47345387110512|73215&4&1.4210854715202004E-14|73216&4&3.8630903346606322|73217&4&32.48165778154531|73218&4&212.17657456474757|73220&4&339.4587264815438|73223&4&76.0559433843803|73229&4&0.3489697407649294|73231&4&35.78815332639782|73234&4&366.09007956660076|73241&4&108.47202476193385|73245&4&88.13141190415092|73248&4&12.944108399036242|73256&4&73.91452387967544|73262&4&2.138255412748111|73265&4&402.0549383752565|73270&4&162.8029552285047|73273&4&227.50348652485232|73278&4&147.62450461868414|73292&4&5.6872635145748855,2|73195&4&96.7708754305488|73199&4&36.948025525788786|73200&4&240.29822378982672|73203&4&422.15408292206575|73212&4&58.292793753868374|73214&4&4.300172098185134|73217&4&369.55351706518525|73221&4&-2.1094237467877974E-15|73228&4&33.23250477992698|73231&4&503.09151029163644|73237&4&348.59076145384563|73243&4&431.00750285570786|73245&4&91.23979518759033|73248&4&1.6430564321869796|73251&4&-4.440892098500626E-16|73254&4&44.19515609987631|73258&4&103.70921851623447|73259&4&99.35452054349268|73261&4&331.11360497069074|73263&4&103.29069668074573|73272&4&-1.865174681370263E-14|73273&4&7.476725887627885|73281&4&32.505628160815476|73284&4&6.14507306637473|73286&4&188.71806854157484|73292&4&31.020585392704188|73302&4&59.6917111735092,2|73192&4&15.831873936486186|73193&4&335.5648133750457|73195&4&9.812218269509941|73196&4&66.22429240177937|73198&4&3.019806626980426E-14|73199&4&424.56185229692295|73200&4&92.08016687833633|73205&4&78.05773658186723|73207&4&309.23236436199625|73210&4&1.7763568394002505E-15|73222&4&1.021405182655144E-14|73223&4&32.76422045676655|73225&4&409.619837420008|73226&4&-1.0658141036401503E-14|73232&4&30.238335808784342|73238&4&376.0105264914131|73241&4&307.76861738471035|73242&4&-1.865174681370263E-14|73249&4&-9.325873406851315E-15|73252&4&263.5254847035115|73254&4&3.730349362740526E-14|73256&4&367.85918135346634|73258&4&23.02066990421291|73259&4&12.003474962061695|73262&4&11.74114471294726|73268&4&2.8175192874085297|73270&4&-2.042810365310288E-14|73274&4&-7.105427357601002E-15|73276&4&499.1082979283161|73283&4&251.52958390016633|73285&4&189.11095930789384|73287&4&227.91425312233912|73306&4&39.28780445535062,2|73189&4&96.68833018611818|73191&4&99.50587472358637|73198&4&350.074950713606|73199&4&16.587667470330654|73201&4&403.0175513728369|73212&4&8.776358580695831|73223&4&11.040455897049|73228&4&432.17005553527105|73237&4&1.3827801635060568|73239&4&118.42291832451772|73240&4&411.9430363271547|73246&4&416.14718705058215|73249&4&7.356299595839772|73251&4&7.103324951738301|73256&4&110.54824318677184|73264&4&410.5490708455221|73265&4&12.542073376447712|73272&4&476.7282756992796|73284&4&32.991929215049865|73299&4&0.9020539021623339,2|73193&4&13.514868327180016|73194&4&464.76052455336475|73209&4&419.39956828938807|73211&4&228.52886751945329|73214&4&99.13214946866164|73217&4&240.34998348655793|73223&4&32.19874853963069|73224&4&450.37465620652495|73230&4&82.88140473444321|73233&4&253.2392224085952|73235&4&174.3217253080004|73236&4&300.3236738887507|73238&4&82.9663656413281|73240&4&0.0|73243&4&1.7763568394002505E-15|73245&4&140.33141611739595|73248&4&205.65574751631894|73254&4&43.869711161523654|73255&4&48.72890685675817|73257&4&21.43680209824559|73258&4&44.54020348276826|73260&4&193.86466177131234|73263&4&337.13707738371374|73266&4&41.85471393565283|73267&4&148.29723275652512|73274&4&417.84843922145626|73276&4&31.96779714142614|73277&4&18.06228083114366|73278&4&35.82392249167505|73282&4&274.52624588148615|73285&4&104.27037421023172|73288&4&47.15098669206905|73291&4&19.47226388622888|73292&4&24.012350645739918|73294&4&38.65328398526384|73296&4&24.42358411782498|73298&4&24.38113026775867|73300&4&37.010675785848875|73301&4&80.68192969241818|73304&4&61.493024730304384|73305&4&32.359617246671455,2|73190&4&309.0905032640305|73194&4&43.66336966201401|73195&4&154.16227992649365|73202&4&545.9931292553174|73205&4&206.30313676824915|73206&4&452.35360654043325|73207&4&67.74864626169466|73211&4&116.78089531372592|73213&4&12.443559176924083|73216&4&71.09157020880461|73220&4&52.18431276975837|73221&4&53.28152194702244|73222&4&273.26836672867796|73223&4&47.50879818502884|73232&4&151.49739405269642|73234&4&26.82794098868444|73236&4&24.04567117539413|73242&4&409.1374781609927|73250&4&409.9391284975358|73261&4&-8.43769498715119E-15|73262&4&10.581022117048041|73267&4&52.06234486613356|73270&4&178.70065095376907|73275&4&313.66755636006843|73279&4&298.34905998470833|73282&4&107.45306114455488|73285&4&59.73522374884491|73286&4&206.69508659654934|73288&4&186.70377588155017|73290&4&6.890257318782422|73293&4&33.94271073942415|73295&4&15.737243731717516,2|73191&4&25.221912223573398|73193&4&-7.105427357601002E-15|73194&4&2.851478557800178|73197&4&7.105427357601002E-15|73204&4&451.43628803012825|73207&4&-3.552713678800501E-14|73215&4&375.06997878555575|73221&4&468.47520208800483|73225&4&-1.0658141036401503E-14|73229&4&207.07285943791354|73231&4&14.81987313589889|73235&4&226.01474700633054|73237&4&-3.552713678800501E-15|73247&4&392.44347911853174|73249&4&437.3807081035842|73251&4&153.8040583585636|73261&4&44.80439907342347|73269&4&503.46188504562997|73270&4&9.015567508281803|73271&4&48.62724103254315|73281&4&70.72254548236398|73286&4&111.65148735767268|73287&4&110.63443019482322|73288&4&63.73147546665673|73293&4&41.52918476973965|73304&4&11.752229054735484,2|73189&4&356.3013062587702|73191&4&0.0|73192&4&9.47157745285034|73196&4&2.7533531010703882E-14|73208&4&474.48744728232043|73210&4&483.48748937833136|73212&4&39.63157179083581|73216&4&109.20689474677454|73223&4&4.7122070538792435|73227&4&37.327523515356695|73229&4&75.00947233502527|73232&4&135.84098265755551|73233&4&121.13627063302536|73251&4&288.6236901300245|73254&4&22.803503690710563|73257&4&456.0955917132185|73260&4&57.71168707793935|73262&4&191.81482192446686|73266&4&112.1682596984873|73267&4&7.029055252065314|73268&4&361.2372970049003|73271&4&488.6859971960811|73277&4&457.6897002809552|73278&4&311.0672279968802|73281&4&5.273559366969494E-16|73284&4&327.13434384624406
27|4,130,1,1,1,1,1,1,1,1,1,1,1,1,1,1,1,1,1,1,1,1,1,1,1,1,1,1,1,1,1,1,1,1,1,1,1,1,1,1,1,1,1,1,1,1,1,1,1,1,1,1,1,1,1,1,1,1,1,1,1,1,1,1,1,1,1,1,1,1,1,1,1,1,1,1,1,1,1,1,1,1,1,1,1,1,1,1,1,1,1,1,1,1,1,1,1,1,1,1,1,1,0,0,0,0,0,0,0,0,0,0,0,0,0,0,0,0,0,0,0,0,2|73192&4&8.927235147208966|73196&4&70.50483364471987|73197&4&418.3341411898433|73205&4&57.162684763917596|73207&4&73.47815719048033|73209&4&127.63597304858035|73210&4&5.609651117709781|73213&4&6.908601723277972|73219&4&377.07349836850517|73220&4&203.29236652909108|73222&4&110.75491761764889|73225&4&5.957300649890332|73230&4&254.6859054754896|73234&4&168.3839188145878|73241&4&3.0424964649710216|73243&4&2.859014481256766|73254&4&234.32284638380128|73255&4&268.8340389232649|73256&4&5.614572125187679|73259&4&394.143325129494|73262&4&72.14999858513423|73268&4&71.62934928555282|73272&4&149.17217329136233|73273&4&150.4090819727104|73275&4&2.0087967478790683|73280&4&242.25336107488533|73281&4&185.280238547257|73283&4&90.96579208929569|73284&4&10.95152494926802|73299&4&17.414408780450934,2|73191&4&336.1626601813734|73198&4&231.94548365452772|73203&4&5.024370374790614|73206&4&4.450827619116726|73208&4&24.312089476247884|73212&4&308.1859946956467|73214&4&42.989582069559326|73216&4&253.95930280519718|73218&4&305.2049147565838|73226&4&462.88785650629353|73227&4&377.8305949760262|73239&4&178.77544032296174|73244&4&336.1147835531239|73250&4&17.847795830856136|73252&4&64.50059458600967|73253&4&510.5919939227264|73258&4&317.45763890609163|73260&4&22.20097040338758|73280&4&78.40341013362317|73282&4&5.740582879597902|73289&4&12.972389818815916|73297&4&48.13811335372668|73302&4&8.891239968736881|73303&4&64.04306336156588,2|73192&4&116.58519541984369|73193&4&83.09243313423154|73196&4&210.33651613121737|73210&4&37.31115231051698|73213&4&182.68234684624204|73214&4&72.25502306392909|73216&4&1.9315451673303163|73217&4&19.923896286063556|73218&4&186.78882284529416|73220&4&310.8775324057086|73223&4&62.766571805309304|73229&4&9.849460158020198|73231&4&30.675559994055277|73234&4&335.4355604670095|73241&4&94.2113031170473|73245&4&73.9822735815138|73246&4&39.0777469794335|73248&4&11.165334202903997|73256&4&60.54485527074302|73260&4&7.993688794278342|73262&4&1.870973486154597|73265&4&424.6823528994781|73270&4&195.16023127089045|73273&4&201.26535134606763|73278&4&180.99241775463938|73281&4&33.99403791113172|73292&4&5.02262035539449,2|73195&4&101.48585983962221|73199&4&30.892197573831336|73200&4&270.41784613480206|73203&4&381.0399157713944|73212&4&39.420967857603486|73214&4&18.235500141088004|73217&4&334.0281144609106|73228&4&66.58506135493626|73231&4&533.8674008943015|73237&4&321.57983184890645|73243&4&416.5988140678226|73245&4&82.95866438914999|73248&4&11.138745796556801|73254&4&37.42231657368574|73258&4&146.23528582261375|73259&4&82.4634197684078|73261&4&307.87235719083094|73263&4&83.35264674925638|73273&4&4.984483925085252|73281&4&29.879934054783583|73284&4&5.586430060340663|73286&4&173.70239625200736|73292&4&28.549178604945883|73302&4&55.49232652752412,2|73192&4&7.114320973490861|73193&4&319.08307283147514|73195&4&9.057432248778388|73196&4&62.02534810183966|73199&4&437.2688590353156|73200&4&86.71057036710584|73205&4&62.54066308715342|73207&4&340.9846929529242|73223&4&30.437572482080636|73225&4&420.8781097812235|73232&4&23.147886940939575|73238&4&337.15900806637364|73241&4&299.551182637973|73252&4&283.60812687524225|73256&4&355.9067252031018|73258&4&19.732002775039632|73259&4&10.813998882541785|73262&4&10.744325954627524|73268&4&1.687538997430238E-14|73276&4&479.7918558079536|73283&4&222.0729285424735|73285&4&172.83626046794444|73287&4&236.1811389469453|73306&4&36.5296760359365,2|73189&4&77.46924666566781|73191&4&88.20286030753348|73198&4&308.6321514628367|73199&4&9.532683712014357|73201&4&369.91767739822507|73212&4&8.10125407448846|73223&4&5.520227948524472|73228&4&394.7527253978804|73237&4&0.6913900817530263|73239&4&95.83178227756912|73240&4&400.8992825276704|73246&4&374.6799702101225|73249&4&3.678149797919886|73251&4&3.5516624758691506|73256&4&99.50874428080499|73264&4&422.56593313944677|73265&4&6.271036688223877|73272&4&427.46961416545895|73284&4&28.949803726802614|73299&4&0.832665140457539,2|73193&4&12.254256400887883|73194&4&420.7580081859224|73209&4&378.2781747668667|73211&4&264.51836183034|73214&4&92.4485905194985|73217&4&281.0841576651|73223&4&30.409929176317874|73224&4&455.6531691382403|73230&4&75.78731627379176|73233&4&221.4554182085071|73235&4&172.2701984773676|73236&4&310.6365281920513|73238&4&82.50071121092306|73245&4&130.42267219488633|73248&4&184.27450005164974|73254&4&30.018675359899866|73255&4&45.97809770091709|73257&4&12.178260029663988|73258&4&31.190622518411743|73260&4&182.49293610523102|73263&4&358.75935001235115|73266&4&27.771751549716463|73267&4&138.41075057275677|73274&4&413.2983366439204|73276&4&22.592246300487574|73277&4&12.289980922000119|73278&4&22.82915172688282|73282&4&299.80144308230075|73285&4&136.28447756946798|73288&4&65.82038838612513|73291&4&18.257548752408283|73292&4&22.592842771156164|73294&4&36.14215012358869|73296&4&22.83783363346631|73298&4&22.8101837158963|73300&4&34.62865627305011|73301&4&73.12656601798312|73304&4&57.166338911259324|73305&4&30.26333729913896,2|73190&4&291.87433795763513|73194&4&68.4898136638771|73195&4&144.5305984693172|73202&4&549.7903359638275|73205&4&194.96940342744327|73206&4&425.7155155769681|73207&4&60.604809937637185|73211&4&95.85053534028333|73213&4&42.474796880763684|73216&4&59.76003323285106|73220&4&42.31248990462898|73221&4&99.12192780595156|73222&4&282.80362617844526|73223&4&73.1857647506938|73232&4&150.8675375108794|73234&4&21.99023667511287|73236&4&21.952573720825768|73242&4&413.9093493062374|73250&4&420.3677874828492|73262&4&9.405352992931594|73266&4&201.9253955826497|73267&4&40.24557969503093|73270&4&161.9379454335899|73275&4&314.7661400548019|73279&4&307.321546939133|73282&4&92.0409935863953|73285&4&43.78350780854005|73286&4&245.35198740585608|73288&4&174.29937465949143|73290&4&6.4966419695123365|73293&4&31.888366540125947|73295&4&14.78132108525275,2|73191&4&15.523200953892456|73194&4&1.425739278900089|73204&4&417.04633569548093|73215&4&333.5825850363037|73221&4&421.91914509591504|73229&4&178.5510637121619|73231&4&8.091862162646176|73235&4&195.20123459652302|73247&4&354.7086730965148|73249&4&438.1306734865541|73251&4&130.48426784651014|73261&4&34.578928425194576|73269&4&497.91453990222703|73270&4&5.164065720842695|73271&4&33.633003625008655|73281&4&53.470651323442176|73286&4&88.8733005899807|73287&4&89.66180548699515|73288&4&50.4570166153939|73293&4&37.130542074220514|73304&4&10.199725167441036,2|73189&4&378.09369842656986|73192&4&7.103683089637759|73208&4&492.45083380898103|73210&4&449.64805908628273|73212&4&34.92682804266916|73216&4&101.90399316914653|73223&4&4.283824594435676|73227&4&31.15640653676065|73229&4&69.46320787521492|73232&4&124.92211817351715|73233&4&148.69387442221984|73251&4&273.11436444694476|73254&4&20.31444778667202|73257&4&459.52611876063435|73260&4&50.35696833537013|73262&4&179.8422649777896|73266&4&99.83491026793527|73267&4&21.580409227905974|73268&4&394.28259503442206|73271&4&449.2774471858455|73277&4&465.086150404365|73278&4&279.97773161009434|73284&4&333.80870440706644
28|4,130,1,1,1,1,1,1,1,1,1,1,1,1,1,1,1,1,1,1,1,1,1,1,1,1,1,1,1,1,1,1,1,1,1,1,1,1,1,1,1,1,1,1,1,1,1,1,1,1,1,1,1,1,1,1,1,1,1,1,1,1,1,1,1,1,1,1,1,1,1,1,1,1,1,1,1,1,1,1,1,1,1,1,1,1,1,1,1,1,1,1,1,1,1,1,1,1,1,1,1,1,0,0,0,0,0,0,0,0,0,0,0,0,0,0,0,0,0,0,0,0,2|73192&4&280.82085013413854|73196&4&52.25200460825464|73197&4&369.58153173381044|73205&4&51.55410146534382|73207&4&53.48253047644483|73209&4&183.2985331918131|73210&4&5.6843418860808015E-14|73213&4&-3.375077994860476E-14|73219&4&339.867000185011|73220&4&267.2086816942999|73222&4&88.1139364597251|73225&4&4.085620730620576E-14|73230&4&254.17133203361269|73234&4&204.42403280677954|73241&4&-2.042810365310288E-14|73243&4&-1.1546319456101628E-14|73254&4&289.93724535723857|73255&4&237.16365121400088|73256&4&2.4979656770552143|73259&4&425.7536012511802|73262&4&81.2666139900603|73268&4&56.59064104227854|73272&4&212.28654099971976|73273&4&141.00268953356132|73275&4&-3.552713678800501E-15|73280&4&218.01123344603567|73281&4&174.48148204686063|73283&4&86.17511625448932|73284&4&5.843795772574504|73299&4&16.25438359348098,2|73191&4&358.1786802882342|73198&4&284.25432297392655|73203&4&2.51218518739531|73206&4&2.2254138095583706|73208&4&13.18962014713812|73212&4&336.3161068073602|73214&4&29.904842060201275|73216&4&239.811685474414|73218&4&336.10848608569484|73226&4&424.9111286653058|73227&4&349.62528239124447|73239&4&168.77674651852055|73244&4&298.6356522500255|73250&4&8.868527846694946|73252&4&44.64994543388091|73253&4&498.75448968314254|73258&4&292.5000672633504|73260&4&12.815745586372529|73280&4&70.89813565493084|73282&4&0.9247239858831375|73289&4&12.146364194553232|73297&4&44.43428584286409|73302&4&7.5676122753344135|73303&4&58.28551967183325,2|73192&4&99.69681226789163|73193&4&66.87884996650624|73196&4&232.60526526842847|73210&4&29.257859569086726|73213&4&153.3741238523666|73214&4&63.03659225675303|73215&4&11.303231166396715|73216&4&4.440892098500626E-16|73217&4&8.969948307980978|73218&4&161.40107112584082|73220&4&282.29633832987355|73223&4&49.4772002262383|73229&4&29.69985327350353|73231&4&25.562966661712736|73234&4&304.78104136741825|73241&4&79.95058147216072|73245&4&59.83313525887668|73246&4&63.748081800571526|73248&4&9.386560006771752|73256&4&47.1751866618106|73260&4&21.26591831812405|73262&4&1.6036915595610832|73265&4&452.8670006268785|73270&4&241.778485606079|73273&4&175.02721616728303|73278&4&210.20513072232012|73281&4&69.62680114364792|73292&4&4.357977196214094,2|73195&4&113.95820388527201|73199&4&24.836369621873885|73200&4&297.26111294719726|73203&4&375.5892971266478|73212&4&23.98922507789778|73214&4&47.62902439339713|73217&4&298.50271185663587|73228&4&117.67151708238481|73231&4&570.3061101440487|73237&4&292.1054298370818|73243&4&403.0613715074147|73245&4&74.67753359070963|73248&4&26.396970292845822|73254&4&30.64947704749519|73258&4&148.65830977802457|73259&4&65.57231899332294|73261&4&284.631109410971|73263&4&63.41459681776703|73273&4&2.492241962542619|73281&4&27.25423994875168|73284&4&5.027787054306597|73286&4&158.68672396243988|73292&4&26.07777181718758|73302&4&51.29294188153906,2|73192&4&2.2319562730570723|73193&4&348.28281942492526|73195&4&8.302646228046857|73196&4&57.826403801899964|73199&4&415.03307544917897|73200&4&81.34097385587535|73205&4&47.023589592439606|73207&4&363.55164670681165|73223&4&28.110924507394703|73225&4&431.72193398972024|73232&4&16.057438073094808|73238&4&298.3074896413343|73241&4&281.56687711629763|73252&4&266.3354716238273|73256&4&339.5908894059359|73258&4&16.443335645866355|73259&4&9.624522803021947|73262&4&9.747507196307787|73276&4&532.6006410060371|73283&4&192.9474788267183|73285&4&156.56156162799502|73287&4&247.47025425536816|73306&4&33.771547616522376,2|73189&4&58.25016314521743|73191&4&76.8998458914806|73198&4&267.1893522120673|73199&4&2.477699953698063|73201&4&392.40671012475923|73212&4&7.426149568281089|73223&4&-5.6843418860808015E-14|73228&4&357.3353952604897|73237&4&-4.218847493575595E-15|73239&4&73.24064623062051|73240&4&362.05700289631534|73246&4&333.2127533696632|73249&4&0.0|73251&4&0.0|73256&4&88.46924537483812|73264&4&449.7238077902045|73265&4&4.085620730620576E-14|73272&4&378.2109526316383|73283&4&37.072997658178764|73284&4&24.90767823855537|73299&4&0.7632763787527441,2|73193&4&10.993644474595747|73194&4&376.75549181848|73209&4&337.1567812443454|73211&4&299.0584525315597|73214&4&85.76503157033532|73217&4&314.10815786277783|73219&4&29.564529354456795|73223&4&28.621109813005056|73224&4&451.85391659467626|73230&4&68.6932278131403|73233&4&189.67161400841903|73235&4&206.97434212863413|73236&4&314.2546960768308|73238&4&133.26322549842263|73245&4&120.51392827237675|73248&4&162.89325258698054|73254&4&16.167639558276083|73255&4&44.529022542647326|73257&4&3.799568851343474|73258&4&17.841041554055224|73260&4&171.1212104391497|73263&4&335.5062414071855|73266&4&17.671130888250413|73267&4&128.52426838898842|73274&4&407.6013431798626|73276&4&13.216695459549005|73277&4&6.517681012856576|73278&4&9.834380962090593|73282&4&300.8417032194695|73285&4&168.03639870399726|73288&4&89.12240830058097|73291&4&17.042833618587682|73292&4&21.173334896572413|73294&4&33.63101626191355|73296&4&21.25208314910764|73298&4&21.239237164033934|73300&4&32.246636760251356|73301&4&65.95764102294582|73304&4&52.83965309221424|73305&4&28.167057351606466,2|73190&4&312.25978261387047|73194&4&152.92126816600125|73195&4&134.89891701214077|73202&4&504.54758998214936|73205&4&229.2369937985991|73206&4&390.44173487916385|73207&4&53.460973613579704|73211&4&76.31501925921296|73213&4&92.2951012946169|73216&4&48.42849625689751|73220&4&32.44066703949959|73221&4&97.9834907590056|73222&4&296.13898563507763|73223&4&69.34381902998553|73232&4&144.2884167980954|73234&4&17.152532361541304|73236&4&19.859476266257406|73242&4&377.2589391995023|73250&4&439.4541444612992|73262&4&8.229683868815146|73266&4&191.82912580351723|73267&4&28.428814523928313|73270&4&145.1752399134107|73275&4&303.06524555441786|73279&4&286.8337543584664|73282&4&76.62892602823572|73285&4&29.7053412197317|73286&4&286.4236928656419|73288&4&161.8949734374327|73290&4&6.103026620242251|73293&4&29.834022340827744|73295&4&13.825398438787987,2|73191&4&5.824489684211512|73194&4&0.0|73197&4&40.49745937330425|73204&4&417.2253251491379|73215&4&292.09519128705165|73221&4&375.36308810382525|73229&4&150.0292679864102|73231&4&1.3638511893934657|73233&4&43.424525385037875|73235&4&164.3877221867155|73247&4&379.3913493027291|73249&4&434.33062435592143|73251&4&107.1644773344567|73261&4&24.353457776965683|73269&4&501.3543157435991|73270&4&1.3125639334035855|73271&4&18.638766217474156|73280&4&18.915749961782677|73281&4&36.218757164520376|73286&4&66.09511382228872|73287&4&68.68918077916707|73288&4&37.83571748803425|73293&4&32.731899378701385|73304&4&8.647221280146589,2|73189&4&362.47945753817476|73192&4&4.735788726425177|73208&4&478.06042533127834|73210&4&415.8086287942341|73212&4&30.2220842945025|73216&4&94.60109159151853|73223&4&3.855442134992108|73227&4&24.985289558164602|73229&4&63.91694341540457|73232&4&114.00325368947877|73233&4&140.34654330363045|73251&4&256.2923650697168|73254&4&17.82539188263348|73257&4&435.9056372590468|73260&4&43.0022495928009|73262&4&167.86970803111234|73266&4&87.50156083738324|73267&4&38.95490436810205|73268&4&438.8422834408959|73271&4&423.37030040930796|73277&4&432.8032291320525|73278&4&248.8882352233084|73284&4&310.5288108475402
29|4,130,1,1,1,1,1,1,1,1,1,1,1,1,1,1,1,1,1,1,1,1,1,1,1,1,1,1,1,1,1,1,1,1,1,1,1,1,1,1,1,1,1,1,1,1,1,1,1,1,1,1,1,1,1,1,1,1,1,1,1,1,1,1,1,1,1,1,1,1,1,1,1,1,1,1,1,1,1,1,1,1,1,1,1,1,1,1,1,1,1,1,1,1,1,1,1,1,1,1,1,1,0,0,0,0,0,0,0,0,0,0,0,0,0,0,0,0,0,0,0,0,2|73192&4&296.0464209813311|73196&4&36.88576035453593|73197&4&324.5374883478878|73205&4&45.94551816677005|73207&4&36.45536463767422|73209&4&220.45194647789714|73219&4&302.66050200151676|73220&4&265.6484908803133|73222&4&69.30352657130099|73230&4&261.5919820009255|73234&4&200.56846835958703|73254&4&335.7572029339103|73255&4&209.34151769686355|73256&4&1.7763568394002505E-14|73259&4&431.65961286421594|73262&4&102.0212763518389|73268&4&41.55193279900428|73272&4&274.8836727045596|73273&4&131.5479507733009|73280&4&196.60665101943772|73281&4&163.68272554646427|73283&4&81.38444041968299|73284&4&2.0456093142821783|73299&4&15.09435840651103,2|73191&4&381.78511100762273|73198&4&332.1146098020171|73203&4&6.217248937900877E-15|73206&4&1.509903313490213E-14|73208&4&7.1130480824903355|73212&4&374.4754197535593|73214&4&18.279183369886475|73216&4&278.07914619576377|73218&4&364.18835933204923|73226&4&435.8572259387437|73227&4&375.67226297799266|73239&4&158.7780527140793|73240&4&7.216804389874532|73244&4&292.0742244678296|73250&4&3.632565757388681|73252&4&32.12177554300358|73253&4&464.22419181081386|73256&4&54.8916124139858|73258&4&267.54249562060915|73260&4&7.1754969085988485|73273&4&49.444445176212824|73280&4&63.392861176238505|73282&4&6.8833827526759706E-15|73289&4&11.32033857029055|73297&4&40.730458332001504|73302&4&6.2439845819319455|73303&4&52.5279759821006,2|73192&4&82.80842911593959|73193&4&50.665266798780934|73196&4&235.24695025539972|73210&4&21.204566827656468|73213&4&124.0659008584912|73214&4&53.81816144957698|73215&4&20.848684355031537|73217&4&2.8513043581468915|73218&4&136.01331940638738|73220&4&253.71514425403836|73223&4&36.187828647167294|73229&4&51.590027830799485|73231&4&20.450373329370194|73234&4&274.12652226782706|73241&4&65.68985982727416|73245&4&45.683996936239566|73246&4&62.096970499508686|73248&4&7.607785810639507|73256&4&33.80551805287818|73260&4&42.79641929633544|73262&4&1.3364096329675694|73265&4&480.1490568072128|73270&4&242.96067289599583|73273&4&148.78908098849837|73278&4&244.42872071204826|73281&4&106.75119703924506|73292&4&3.693334037033698,2|73195&4&127.01941631582129|73199&4&18.78054166991644|73200&4&327.63635797184526|73203&4&333.78225937686267|73212&4&14.490657952266565|73214&4&82.14633952219111|73217&4&262.97730925236124|73228&4&111.43782525898916|73231&4&523.7656096518115|73237&4&267.9130437066349|73243&4&385.982663831192|73245&4&66.39640279226928|73248&4&44.18372338706256|73254&4&23.876637521304637|73258&4&184.70130041319095|73259&4&48.68121821823806|73261&4&261.3898616311112|73263&4&48.90410154716267|73273&4&-1.4210854715202004E-14|73281&4&24.62854584271978|73284&4&4.46914404827253|73286&4&143.67105167287238|73292&4&23.606365029429274|73302&4&47.09355723555397,2|73192&4&-7.105427357601002E-15|73193&4&373.63539858214574|73195&4&7.547860207315325|73196&4&53.62745950196026|73199&4&385.2177126647608|73200&4&75.97137734464485|73205&4&31.506516097725786|73207&4&386.72538879604883|73223&4&25.784276532708766|73225&4&435.8052243186807|73232&4&8.96698920525004|73238&4&259.4559712162949|73241&4&265.6621200907539|73252&4&249.06281637241227|73256&4&314.58289193459683|73258&4&13.15466851669308|73259&4&8.43504672350211|73262&4&8.75068843798805|73276&4&547.5938589643349|73283&4&165.6620769031372|73285&4&140.28686278804562|73287&4&255.94439415381595|73306&4&31.013419197108252,2|73189&4&43.08474385875131|73191&4&65.59683147542769|73198&4&226.9900546916376|73199&4&1.7763568394002505E-14|73201&4&404.14603620626303|73212&4&6.751045062073718|73228&4&322.5482162789262|73239&4&55.62093808641879|73240&4&328.7394270186208|73246&4&291.7455365292036|73256&4&77.42974646887126|73264&4&479.4468221446737|73272&4&329.3057335788859|73283&4&83.34724336342893|73284&4&20.86555275030812|73299&4&0.6938876170479492,2|73193&4&9.733032548303612|73194&4&332.7529754510375|73209&4&296.7587662101996|73211&4&329.07090798932995|73213&4&330.86593626437553|73214&4&79.08147262117215|73217&4&337.2578825029127|73219&4&58.500805011638846|73223&4&26.832290449692238|73224&4&455.64313274479565|73230&4&61.599139352488855|73233&4&159.99357497512366|73235&4&247.998032758732|73236&4&327.04932794126944|73238&4&191.2770536532623|73245&4&131.43122008393507|73248&4&144.0346604140451|73251&4&7.0539392517907|73252&4&7.725179648955174|73254&4&7.888435973101589|73255&4&51.86559561760486|73257&4&1.7118899593556427|73258&4&9.533213393348756|73260&4&159.7494847730684|73263&4&313.6606315357571|73266&4&11.715831760755222|73267&4&0.0|73274&4&377.4906199994922|73276&4&4.304905315689692|73277&4&0.7592799454160968|73278&4&3.1436485426329797|73282&4&329.1901179858435|73285&4&197.47671552381385|73288&4&112.16509315906902|73291&4&15.828118484767085|73292&4&19.753827021988663|73294&4&31.119882400238403|73296&4&19.66633266474897|73298&4&19.668290612171567|73300&4&29.8646172474526|73301&4&58.78871602790852|73304&4&48.51296727316917|73305&4&26.070777404073972,2|73190&4&304.2742664839056|73194&4&234.6691208808197|73195&4&125.26723555496432|73202&4&510.727583774925|73205&4&275.0325689010922|73206&4&400.3811605055348|73207&4&46.31713728952222|73211&4&58.11056012955832|73213&4&87.53591321944882|73216&4&37.09695928094395|73220&4&22.5688441743702|73221&4&128.2214894914561|73222&4&305.27273115646267|73223&4&65.50187330927726|73232&4&179.85751513160494|73234&4&12.31482804796974|73236&4&17.766378811689044|73242&4&389.82313693874374|73250&4&457.72930388148995|73262&4&7.054014744698698|73266&4&181.73285602438474|73267&4&0.0|73270&4&128.41253439323157|73275&4&295.7639398244672|73279&4&310.682648990174|73282&4&61.21685847007615|73285&4&20.52265627640707|73286&4&321.3378518905958|73288&4&149.49057221537396|73290&4&5.709411270972166|73293&4&27.779678141529537|73295&4&12.869475792323223,2|73191&4&1.8141425424018562|73197&4&78.80478948942516|73204&4&405.94764664335344|73215&4&250.60779753779963|73221&4&329.249713694369|73229&4&121.50747226065853|73231&4&5.773159728050814E-15|73233&4&80.26208343023637|73235&4&133.574209776908|73247&4&400.4753375470639|73249&4&436.0379381390775|73251&4&83.84468682240325|73261&4&14.256986337699036|73269&4&503.0643434408279|73270&4&-1.2434497875801753E-14|73271&4&9.083477194987141|73280&4&39.15798330449699|73281&4&25.40327295241185|73286&4&46.73753818013144|73287&4&53.19261176676487|73288&4&26.868896598410775|73293&4&28.333256683182256|73304&4&7.094717392852141,2|73189&4&371.7138406413867|73192&4&2.367894363212596|73208&4&489.54773616155165|73210&4&381.9691985021855|73212&4&25.51734054633585|73216&4&87.29819001389052|73223&4&3.4270596755485405|73227&4&18.814172579568556|73229&4&58.37067895559421|73232&4&103.08438920544039|73233&4&131.99921218504107|73251&4&239.47036569248894|73254&4&15.336335978594935|73257&4&440.69608880627084|73260&4&35.647530850231675|73262&4&155.8971510844351|73266&4&75.1682114068312|73267&4&0.0|73268&4&445.6020929718904|73271&4&404.76586066267544|73277&4&395.16862503074265|73278&4&217.7987388365225|73284&4&349.11848342734265
30|4,130,1,1,1,1,1,1,1,1,1,1,1,1,1,1,1,1,1,1,1,1,1,1,1,1,1,1,1,1,1,1,1,1,1,1,1,1,1,1,1,1,1,1,1,1,1,1,1,1,1,1,1,1,1,1,1,1,1,1,1,1,1,1,1,1,1,1,1,1,1,1,1,1,1,1,1,1,1,1,1,1,1,1,1,1,1,1,1,1,1,1,1,1,1,1,1,1,1,1,1,1,0,0,0,0,0,0,0,0,0,0,0,0,0,0,0,0,0,0,0,0,2|73192&4&298.02642536485126|73196&4&25.245227078719|73197&4&283.58273390029746|73205&4&40.33693486819628|73207&4&25.212954452426914|73209&4&278.24670245850996|73219&4&271.1966724277069|73220&4&250.04653494618026|73222&4&53.54021292822792|73230&4&276.2625307545246|73234&4&246.23283714787053|73254&4&391.52210091071197|73255&4&187.5415672643275|73259&4&407.3259977819305|73262&4&131.58170976967784|73268&4&29.389202739341517|73272&4&259.8784751903442|73273&4&122.09321201304043|73280&4&177.96463581697546|73281&4&152.8839690460679|73283&4&76.59376458487662|73284&4&0.0|73299&4&13.934333219541077,2|73191&4&355.7123944373147|73198&4&379.21973362270035|73208&4&2.5799711767812754|73212&4&417.53696026405873|73214&4&9.302307246035177|73216&4&331.0557593865319|73218&4&401.88100349753904|73226&4&450.58499207262884|73227&4&410.4184382352199|73239&4&148.77935890963812|73240&4&6.855964170380806|73244&4&290.29743176856573|73250&4&-1.3322676295501878E-14|73252&4&22.105412621593786|73253&4&444.23876990919746|73256&4&52.14703179328651|73258&4&242.58492397786782|73260&4&4.431338236755712|73273&4&97.32426929441388|73275&4&35.77553115982465|73280&4&55.88758669754617|73289&4&10.494312946027868|73297&4&37.02663082113891|73302&4&4.9203568885294775|73303&4&46.77043229236796,2|73192&4&65.92004596398753|73193&4&34.45168363105563|73196&4&244.65676629827962|73210&4&13.556090689907284|73213&4&98.64965137390269|73214&4&44.59973064240093|73215&4&42.27666473942753|73217&4&-9.769962616701378E-15|73218&4&110.625567686934|73220&4&225.13395017820318|73223&4&25.545375015362406|73229&4&48.90946012531296|73231&4&15.337779997027651|73234&4&243.47200316823574|73241&4&51.42913818238761|73245&4&31.534858613602445|73246&4&97.53662833575308|73248&4&0.0|73256&4&20.43584944394576|73260&4&74.79129348150965|73262&4&1.0691277063740556|73265&4&516.2168920014424|73270&4&289.4515482605756|73273&4&122.55094580971377|73278&4&289.1561316389042|73281&4&153.60904769675986|73292&4&3.028690877853302,2|73195&4&146.32451255358163|73199&4&12.724713717958988|73200&4&356.0529596730605|73203&4&290.830399459586|73212&4&7.435226838024321|73214&4&90.10076581029672|73217&4&227.45190664808646|73228&4&105.2041334355935|73231&4&477.22510915957434|73237&4&298.7341664163088|73243&4&379.69674621857666|73245&4&58.11527199382894|73248&4&0.0|73254&4&17.103797995114082|73258&4&229.57610140578137|73259&4&31.79011744315318|73261&4&238.14861385125133|73263&4&35.0362898216821|73281&4&22.002851736687884|73284&4&3.9105010422384634|73286&4&128.65537938330488|73292&4&21.13495824167097|73302&4&42.8941725895689,2|73193&4&404.12935277005863|73195&4&6.793074186583793|73196&4&49.42851520202056|73199&4&407.80092521439207|73200&4&70.60178083341437|73205&4&18.86455205428426|73207&4&411.6208863641716|73223&4&23.457628558022833|73225&4&410.1843327298567|73232&4&4.351098385350749|73238&4&221.8787844258943|73241&4&298.28327294280626|73252&4&231.79016112099725|73256&4&289.5748944632579|73258&4&9.866001387519805|73259&4&7.245570643982271|73262&4&7.7538696796683135|73276&4&581.5330593733388|73283&4&139.69598455255823|73285&4&124.0121639480962|73287&4&275.1049442165343|73306&4&28.25529077769413,2|73189&4&31.69043885500436|73191&4&54.2938170593748|73198&4&188.48403216715013|73201&4&371.9757967314601|73212&4&6.075940555866347|73228&4&290.50164586395704|73239&4&40.36250179852678|73240&4&295.42185114092615|73246&4&254.6638166712821|73256&4&66.3902475629044|73264&4&496.51996436347224|73272&4&287.9365314699594|73283&4&132.17145805061955|73284&4&16.823427262060868|73299&4&0.6244988553431543,2|73193&4&8.472420622011477|73194&4&288.7504590835952|73205&4&55.02501486996112|73208&4&56.1318647162841|73209&4&256.36075117605384|73210&4&17.785091861035152|73211&4&365.43562117089857|73213&4&314.32263945115676|73214&4&72.39791367200901|73217&4&371.6544939120308|73219&4&66.53154061891335|73223&4&25.04347108637942|73224&4&451.9827893918358|73230&4&54.50505089183741|73233&4&132.47791511652184|73235&4&285.5016686621524|73236&4&353.08973231286325|73238&4&239.53756119879648|73239&4&24.342288987546183|73245&4&144.73475029218432|73248&4&0.0|73251&4&30.856081990523755|73252&4&28.676397413927717|73254&4&2.6071597963713953|73255&4&73.93792625659192|73256&4&56.618730457960915|73257&4&-1.199040866595169E-14|73258&4&4.070078415021833|73260&4&148.37775910698707|73263&4&311.06183920537467|73266&4&5.760532633260032|73267&4&160.22844280356028|73274&4&336.06293781964|73276&4&0.24443057088193154|73277&4&0.0|73278&4&-2.5757174171303632E-14|73282&4&306.9880178108755|73285&4&240.37494980508092|73288&4&144.17481568075019|73291&4&14.613403350946486|73292&4&18.334319147404912|73294&4&28.608748538563255|73296&4&18.08058218039031|73298&4&18.097344060309204|73300&4&27.48259773465384|73301&4&51.99457779057327|73304&4&44.1862814541241|73305&4&23.974497456541478,2|73190&4&271.72045803197057|73194&4&307.9669844448691|73195&4&115.63555409778787|73202&4&506.44419672615953|73205&4&258.4483006432434|73206&4&408.0351742194856|73207&4&39.17330096546474|73211&4&40.31521457439756|73213&4&82.77672514428076|73216&4&25.765422304990402|73220&4&12.69702130924081|73221&4&167.18539312600979|73222&4&302.9504859925335|73223&4&61.65992758856899|73232&4&216.74078588218666|73234&4&7.477123734398173|73236&4&15.673281357120683|73242&4&370.34094169505903|73250&4&473.8799901138312|73262&4&5.87834562058225|73266&4&171.63658624525226|73270&4&111.6498288730524|73275&4&265.03539819020574|73279&4&287.97802204888865|73282&4&45.80479091191657|73285&4&12.517923945023739|73286&4&351.314299641243|73288&4&137.0861709933152|73290&4&5.3157959217020805|73293&4&25.725333942231337|73295&4&11.91355314585846,2|73190&4&10.9290175202608|73191&4&-1.3322676295501878E-15|73197&4&117.41570303342192|73204&4&410.0661746775054|73215&4&215.65603047169145|73221&4&287.472582654361|73229&4&95.50853322626048|73233&4&130.81155125209938|73235&4&108.0198015314|73247&4&427.3911707404343|73249&4&447.87090670776746|73251&4&63.32901407149257|73259&4&33.03397709103584|73261&4&5.979021473182758|73269&4&461.0018298480359|73271&4&2.9899032461803383|73280&4&64.75956740695925|73281&4&14.710602470965425|73286&4&31.34131158530772|73287&4&39.86813917895057|73288&4&17.91106367618999|73293&4&23.934613987663127|73304&4&5.542213505557694,2|73189&4&386.0843281204618|73192&4&1.509903313490213E-14|73208&4&447.7423053715101|73210&4&348.12976821013683|73212&4&20.812596798169196|73216&4&79.99528843626251|73223&4&2.998677216104973|73227&4&12.643055600972508|73229&4&52.824414495783856|73232&4&92.16552472140202|73233&4&123.6518810664517|73251&4&222.64836631526106|73254&4&12.847280074556393|73257&4&454.2319703971723|73260&4&28.29281210766245|73262&4&143.92459413775785|73266&4&62.834861976279186|73268&4&452.2546506741874|73271&4&399.26795309563397|73277&4&403.1803785143146|73278&4&186.70924244973665|73284&4&325.5953558460909
31|4,130,1,1,1,1,1,1,1,1,1,1,1,1,1,1,1,1,1,1,1,1,1,1,1,1,1,1,1,1,1,1,1,1,1,1,1,1,1,1,1,1,1,1,1,1,1,1,1,1,1,1,1,1,1,1,1,1,1,1,1,1,1,1,1,1,1,1,1,1,1,1,1,1,1,1,1,1,1,1,1,1,1,1,1,1,1,1,1,1,1,1,1,1,1,1,1,1,1,1,1,1,0,0,0,0,0,0,0,0,0,0,0,0,0,0,0,0,0,0,0,0,2|73192&4&305.3122417979784|73196&4&16.370217997651633|73197&4&245.53896810170943|73205&4&34.728351569622504|73207&4&17.216449566660422|73209&4&323.1644488781891|73219&4&241.24993302094234|73220&4&253.35035029548376|73222&4&39.866918717664575|73230&4&290.03252614402686|73234&4&293.5822895981828|73254&4&444.2936566725923|73255&4&167.19451063120724|73259&4&382.99238269964485|73262&4&164.91803850921772|73268&4&18.387122553928872|73272&4&244.8732776761288|73273&4&112.63847325277996|73280&4&160.42407770460233|73281&4&142.08521254567154|73283&4&71.80308875007029|73299&4&12.774308032571128,2|73191&4&329.63967786700664|73198&4&418.81415348839374|73208&4&-7.993605777301127E-15|73212&4&453.8287751209797|73214&4&3.1379200135406706|73216&4&376.3494009334047|73218&4&399.4881990871019|73226&4&445.3373016478886|73227&4&394.5066483272637|73239&4&138.7806651051969|73240&4&6.495123950887079|73244&4&304.51060738826095|73252&4&14.198657414055782|73253&4&420.0885973979782|73256&4&49.40245117258722|73258&4&217.62735233512655|73260&4&2.500777473185808|73273&4&150.61474208724707|73275&4&70.72314209250584|73280&4&48.38231221885383|73289&4&9.668287321765185|73297&4&33.32280331027631|73302&4&3.596729195127009|73303&4&41.012888602635314,2|73192&4&49.03166281203549|73193&4&20.97157454313639|73196&4&270.88562641070195|73204&4&53.36827507640996|73206&4&48.89373595591708|73210&4&35.03841284289371|73213&4&76.89741687226599|73214&4&35.38129983522487|73215&4&84.28104168273133|73218&4&89.41597973976779|73220&4&196.55275610236805|73223&4&17.113473032486|73229&4&46.228892419826444|73231&4&10.225186664685108|73234&4&212.81748406864452|73241&4&37.168416537501045|73245&4&21.996765204840564|73246&4&151.77366313720654|73256&4&10.193755876928678|73260&4&111.95141590782453|73262&4&0.8018457797805418|73264&4&3.1242536416031044|73265&4&530.9042534151853|73270&4&271.6248600246962|73273&4&98.2783724017658|73278&4&329.06720233897164|73281&4&205.96123822283323|73292&4&2.3640477186729063,2|73195&4&171.77187483623064|73199&4&6.668885766001537|73200&4&402.8150778426755|73203&4&252.7359471820233|73212&4&2.5430559435814355|73214&4&117.97568037787721|73217&4&191.92650404381178|73228&4&98.97044161219785|73231&4&455.15376757870723|73237&4&266.59826677513763|73243&4&374.90565973668174|73245&4&49.83414119538859|73248&4&166.7517493866069|73254&4&10.330958468923525|73258&4&248.45629596894247|73259&4&20.44776764186668|73261&4&214.90736607139146|73263&4&21.408916356139848|73281&4&19.377157630655987|73284&4&3.351858036204397|73286&4&113.6397070937374|73292&4&18.663551453912664|73302&4&38.69478794358383,2|73193&4&439.6382866922749|73195&4&6.0382881658522605|73196&4&45.22957090208086|73199&4&377.33733526041186|73200&4&65.23218432218388|73205&4&9.510642651949658|73207&4&429.55253146160874|73223&4&21.130980583336896|73225&4&413.4279513564634|73232&4&1.3701428046960673|73238&4&186.26614869712446|73241&4&325.11369001324675|73252&4&214.51750586958224|73256&4&264.56689699191895|73258&4&6.57733425834653|73259&4&6.056094564462433|73262&4&6.757050921348577|73276&4&581.6535146352633|73283&4&118.19089222736105|73285&4&107.73746510814681|73287&4&295.10894629049193|73306&4&25.497162358280015,2|73189&4&22.434842384090498|73191&4&42.99080264332191|73198&4&154.22559075841107|73201&4&391.45357759508624|73212&4&5.400836049658976|73228&4&258.4550754489878|73239&4&27.315481075649203|73240&4&262.1042752632315|73246&4&217.5820968133606|73256&4&55.35074865693755|73264&4&457.2111343641749|73272&4&249.1988419966376|73283&4&173.5102620654444|73284&4&12.78130177381362|73299&4&0.5551100936383594,2|73193&4&7.211808695719341|73194&4&248.99711596100695|73205&4&115.44559344344249|73208&4&111.25540599892759|73209&4&222.602215810087|73210&4&16.895837267983396|73211&4&395.52850141785234|73213&4&297.779342637938|73214&4&65.71435472284584|73217&4&405.34699562746295|73219&4&108.9003694822764|73223&4&23.2546517230666|73224&4&414.73907900741466|73230&4&47.41096243118596|73233&4&107.24598538928058|73235&4&334.0009523397597|73236&4&355.31409159847783|73238&4&241.21858350968384|73239&4&72.42722870349151|73245&4&157.61807530687182|73251&4&68.11609516593894|73252&4&58.8763431836978|73254&4&6.217248937900877E-15|73255&4&115.0829408765523|73256&4&117.21677560388252|73258&4&0.8683982694380608|73260&4&137.00603344090575|73263&4&316.28065898150555|73266&4&2.316949484741596|73267&4&152.21702066338227|73274&4&297.07699406019526|73276&4&-7.216449660063518E-16|73282&4&320.35840234029536|73285&4&270.98264880965246|73288&4&179.27408248673754|73291&4&13.398688217125887|73292&4&16.91481127282116|73294&4&26.097614676888114|73296&4&16.494831696031635|73298&4&16.526397508446838|73300&4&25.10057822185508|73301&4&45.54487622737538|73304&4&39.859595635079025|73305&4&21.878217509008984,2|73190&4&244.32916636429314|73194&4&357.38867266724543|73195&4&106.00387264061142|73202&4&480.96308252792204|73205&4&241.86403238539455|73206&4&363.7434970640323|73207&4&32.02946464140726|73211&4&27.183510662620957|73213&4&78.01753706911268|73216&4&16.096845714243816|73220&4&2.8251984441114195|73221&4&209.99307575241107|73222&4&327.2664342317038|73223&4&57.817981867860716|73232&4&239.25298620616473|73234&4&2.6394194208266057|73236&4&13.58018390255232|73242&4&399.26961446563337|73250&4&481.2624561366512|73262&4&4.702676496465802|73266&4&161.54031646611978|73270&4&96.08494534591833|73275&4&237.33637038328482|73279&4&265.2733951076033|73282&4&32.73210371165423|73285&4&6.494881017630484|73286&4&391.58358546650913|73288&4&124.68176977125646|73290&4&4.922180572431995|73293&4&23.670989742933134|73295&4&10.957630499393696,2|73190&4&32.47097755272047|73197&4&168.22655138300814|73204&4&366.7432369760141|73215&4&184.04537419237352|73221&4&248.2139246814256|73223&4&227.14001726631213|73229&4&83.87100846161917|73233&4&178.84098716237907|73235&4&85.38486199473249|73247&4&423.3750069099761|73249&4&475.81682559991145|73251&4&45.44117203717507|73259&4&67.5604928199575|73261&4&2.4708001909367727|73269&4&474.94151532530213|73271&4&-1.865174681370263E-14|73274&4&4.105768373162964|73280&4&104.35637426102625|73281&4&7.847742397863223|73286&4&19.10948153192102|73287&4&28.537972829241042|73288&4&9.18588092017451|73293&4&19.837962186271415|73301&4&8.343685755911451|73304&4&3.9897096182632463,2|73189&4&403.7554946381131|73208&4&405.9368745814686|73210&4&314.29033791808814|73212&4&16.107853050002543|73216&4&72.6923868586345|73223&4&2.570294756661405|73227&4&6.471938622376462|73229&4&47.27815003597351|73232&4&81.24666023736364|73233&4&115.30454994786231|73251&4&205.8263669380332|73254&4&10.358224170517849|73257&4&458.0940177238869|73260&4&20.938093365093223|73262&4&131.95203719108062|73266&4&50.50151254572716|73268&4&486.1664830656993|73271&4&401.4931552542679|73277&4&412.82282040266597|73278&4&155.61974606295072|73284&4&373.5635381416535
32|4,130,1,1,1,1,1,1,1,1,1,1,1,1,1,1,1,1,1,1,1,1,1,1,1,1,1,1,1,1,1,1,1,1,1,1,1,1,1,1,1,1,1,1,1,1,1,1,1,1,1,1,1,1,1,1,1,1,1,1,1,1,1,1,1,1,1,1,1,1,1,1,1,1,1,1,1,1,1,1,1,1,1,1,1,1,1,1,1,1,1,1,1,1,1,1,1,1,1,1,1,1,0,0,0,0,0,0,0,0,0,0,0,0,0,0,0,0,0,0,0,0,2|73192&4&316.2076776530266|73196&4&9.914715059562273|73197&4&210.1663716579819|73205&4&29.119768271048734|73207&4&10.437637604545927|73209&4&304.4265938345036|73219&4&211.30319361417776|73220&4&236.7630910383555|73222&4&26.288825493512785|73230&4&258.8407963451408|73234&4&332.1122571058487|73254&4&498.8493487752828|73255&4&149.32847417780584|73259&4&358.6587676173592|73262&4&207.306934176612|73268&4&8.994116521476116|73272&4&229.86808016191338|73273&4&103.18373449251953|73280&4&142.88351959222913|73281&4&131.28645604527517|73283&4&67.01241291526392|73299&4&11.614282845601176,2|73191&4&303.56696129669854|73198&4&430.23333065691753|73212&4&482.67897068149614|73214&4&6.217248937900877E-15|73216&4&421.665479667289|73218&4&426.43018154391257|73225&4&57.483434173833814|73226&4&404.6734630124498|73227&4&427.2429952282001|73239&4&128.7819713007557|73240&4&6.134283731393352|73244&4&325.26666331940976|73252&4&8.60359432384924|73253&4&403.2944719341441|73256&4&46.65787055188793|73258&4&192.66978069238527|73260&4&2.3340589749734137|73270&4&3.8111779274491937|73272&4&1.3984228919577504|73273&4&199.19683614747902|73275&4&97.5985827696324|73280&4&40.8770377401615|73289&4&8.8422616975025|73297&4&29.61897579941372|73302&4&2.2731015017245406|73303&4&35.49458147044681,2|73192&4&34.63316181932096|73193&4&10.357958793202393|73196&4&254.76260844001587|73204&4&50.69986132258946|73206&4&107.06140213066621|73209&4&32.097406878421566|73210&4&29.366796698660746|73213&4&58.54388829561962|73214&4&26.16286902804882|73215&4&134.6681343877974|73218&4&71.57566784412649|73220&4&183.70938211436908|73223&4&11.085109364401738|73229&4&43.54832471433993|73230&4&59.14305395253544|73231&4&5.1125933323425645|73234&4&182.16296496905326|73241&4&22.90769489261448|73245&4&13.84478731370779|73246&4&201.256907794458|73256&4&3.442560069354106|73260&4&147.76452073976048|73262&4&0.534563853187028|73263&4&34.872530323390734|73264&4&83.75835523621667|73265&4&511.82768109846387|73266&4&14.383424074200784|73268&4&71.6714578653835|73270&4&253.7981717888169|73273&4&76.30720205387638|73278&4&365.4259041183743|73281&4&200.44445956415632|73292&4&1.6994045594925102,2|73195&4&204.3314874284767|73199&4&3.1740118107365203|73200&4&446.7095676774022|73203&4&217.565297395222|73211&4&58.31872269903576|73212&4&7.993605777301127E-15|73214&4&160.44494769931185|73217&4&156.40110143953706|73228&4&92.7367497888022|73231&4&440.0273045853009|73237&4&236.59561432772892|73243&4&378.0106607348166|73245&4&41.553010396948245|73248&4&215.48895586721463|73254&4&3.5581189427329685|73258&4&296.90601896758767|73259&4&10.576061293267438|73261&4&191.6661182915316|73263&4&10.536631010523411|73281&4&16.751463524624086|73284&4&2.7932150301703302|73286&4&98.62403480416991|73292&4&16.192144666154363|73302&4&34.495403297598756,2|73193&4&471.93750987769994|73195&4&5.283502145120728|73196&4&41.03062660214116|73199&4&399.97679160431176|73200&4&59.86258781095339|73205&4&3.4214179969165603|73207&4&453.89428753016546|73223&4&18.80433260865096|73225&4&372.969561161271|73232&4&9.325873406851315E-15|73238&4&153.02750842916885|73241&4&346.9631959481238|73252&4&197.24485061816725|73256&4&239.55889952057998|73258&4&3.288667129173255|73259&4&4.866618484942595|73262&4&5.7602321630288404|73276&4&589.3583660507213|73283&4&97.86499088784198|73285&4&91.46276626819738|73287&4&272.0782672884346|73306&4&22.73903393886589,2|73189&4&15.343927975508127|73191&4&31.687788227269024|73198&4&121.8417848953871|73201&4&352.67314636395224|73212&4&4.725731543451604|73228&4&226.40850503401862|73239&4&16.64631396233412|73240&4&230.7961343551463|73245&4&37.49730833440603|73246&4&182.84748780755206|73256&4&44.31124975097068|73264&4&417.9023043648774|73272&4&212.65401241933452|73283&4&230.65064197983003|73284&4&8.739176285566373|73299&4&0.4857213319335645,2|73193&4&5.951196769427206|73194&4&211.75578812361283|73205&4&171.28344107054482|73208&4&149.79052921067634|73209&4&192.13565502030985|73210&4&16.00658267493164|73211&4&368.20432888509373|73213&4&281.2360458247192|73214&4&59.030795773682684|73217&4&445.8461708568095|73219&4&103.05397030942652|73223&4&21.465832359753783|73224&4&427.1401433759496|73230&4&40.3168739705345|73233&4&83.43313001327974|73235&4&382.21943147759276|73236&4&374.86458725713794|73238&4&286.4995216330505|73239&4&111.77298758743908|73245&4&144.20304832579703|73251&4&111.11982888077316|73252&4&104.47988439139742|73255&4&165.00501114913612|73256&4&111.2143899975435|73258&4&-5.995204332975845E-15|73260&4&125.63430777482444|73263&4&290.4420139851516|73266&4&1.687538997430238E-14|73267&4&210.9810635949088|73274&4&260.63642628339807|73282&4&296.37767793010795|73285&4&306.9046590116836|73288&4&212.3244672671413|73291&4&12.183973083305286|73292&4&15.49530339823741|73294&4&23.58648081521297|73296&4&14.909081211672966|73298&4&14.95545095658447|73300&4&22.71855870905632|73301&4&39.45257843582309|73304&4&35.53290981603395|73305&4&19.78193756147649,2|73190&4&217.8174611340736|73194&4&406.7632110298854|73195&4&96.37219118343498|73202&4&458.7979760821947|73205&4&225.27976412754575|73206&4&321.926212024905|73207&4&24.88562831734978|73211&4&17.179200633698283|73213&4&73.25834899394462|73216&4&8.07118300450244|73220&4&9.769962616701378E-15|73221&4&250.10096873149146|73222&4&352.69522347391234|73223&4&53.97603614715244|73232&4&223.8723401495026|73234&4&1.0658141036401503E-14|73236&4&11.487086447983959|73242&4&436.04016188370997|73250&4&498.07559340340936|73256&4&66.5285739041212|73262&4&3.5270073723493542|73266&4&151.4440466869873|73270&4&84.13242123467731|73275&4&213.09835187997217|73279&4&242.56876816631797|73282&4&19.819632688528365|73285&4&2.8683651581693383|73286&4&425.1702044449626|73288&4&112.27736854919772|73290&4&4.52856522316191|73293&4&21.61664554363493|73295&4&10.001707852928932,2|73190&4&75.87058715091786|73197&4&164.19279654704962|73204&4&325.4920962493744|73215&4&153.7840997168559|73221&4&211.45399970991974|73223&4&215.93069145797867|73229&4&293.9490014524883|73233&4&222.13197947729273|73235&4&65.4194581929341|73247&4&445.5553113934294|73249&4&505.8191656947459|73251&4&30.887901734154134|73259&4&122.81134104676843|73261&4&0.0|73269&4&439.6144271346878|73274&4&3.900479954504816|73280&4&143.7250167883264|73281&4&1.2832620127407777|73286&4&9.829031158717084|73287&4&71.59727045483753|73288&4&3.0575987652902428|73293&4&16.069650672881767|73301&4&17.500241736951832|73304&4&2.437205730968799,2|73189&4&374.45046239806993|73208&4&364.1314437914271|73210&4&280.4509076260395|73212&4&11.40310930183589|73216&4&65.3894852810065|73223&4&2.1419122972178375|73227&4&2.8864261438712457|73229&4&41.73188557616315|73232&4&70.32779575332526|73233&4&106.95721882927293|73240&4&34.672572039565694|73251&4&189.00436756080532|73254&4&7.869168266479306|73257&4&467.4808323594692|73260&4&13.583374622523998|73262&4&119.97948024440336|73266&4&38.168163115175126|73268&4&450.8019505174051|73271&4&410.5451344074384|73277&4&388.61934492243125|73278&4&124.53024967616483|73284&4&404.48499012257025
33|4,130,1,1,1,1,1,1,1,1,1,1,1,1,1,1,1,1,1,1,1,1,1,1,1,1,1,1,1,1,1,1,1,1,1,1,1,1,1,1,1,1,1,1,1,1,1,1,1,1,1,1,1,1,1,1,1,1,1,1,1,1,1,1,1,1,1,1,1,1,1,1,1,1,1,1,1,1,1,1,1,1,1,1,1,1,1,1,1,1,1,1,1,1,1,1,1,1,1,1,1,1,0,0,0,0,0,0,0,0,0,0,0,0,0,0,0,0,0,0,0,0,2|73192&4&297.19587498458486|73196&4&5.91383199890103|73197&4&177.55935960421982|73205&4&23.511184972474958|73207&4&3.79385871049335|73209&4&285.6887387908181|73219&4&183.1734422440783|73220&4&220.17583178122723|73222&4&15.622990783623703|73230&4&231.31598386769605|73234&4&346.86712859274667|73254&4&544.6873371551244|73255&4&131.7519559357432|73259&4&334.3251525350737|73262&4&252.9941832223229|73268&4&2.8766197697209046|73272&4&214.86288264769797|73273&4&93.72899573225907|73280&4&128.03095183596162|73281&4&120.48769954487882|73283&4&62.22173708045758|73299&4&10.454257658631223,2|73191&4&277.4942447263905|73198&4&401.4571699150448|73212&4&489.88959146314005|73216&4&422.509840950014|73218&4&463.52549759771244|73225&4&71.88568397937807|73226&4&432.73448247456673|73227&4&402.9902864395725|73239&4&118.78327749631448|73240&4&5.773443511899625|73244&4&355.716954031859|73252&4&5.483853303680276|73253&4&391.6792436741399|73256&4&43.91328993118864|73258&4&167.71220904964403|73260&4&2.167340476761027|73261&4&6.270300703375362|73270&4&59.4209368105901|73272&4&1.3285017473598628|73273&4&255.41210101168838|73275&4&117.29778939590027|73280&4&33.37176326146916|73289&4&8.016236073239819|73297&4&25.91514828855113|73302&4&1.1533361658086503|73303&4&30.334589379398032,2|73191&4&35.057403353414394|73192&4&22.844530402891927|73193&4&3.405616780439435|73196&4&238.63959046932973|73204&4&48.03144756876897|73206&4&159.0990029768565|73209&4&94.47957238299982|73210&4&27.563416277685587|73213&4&44.140907867426286|73214&4&16.944438220872765|73215&4&195.68285471512587|73218&4&54.768924970450314|73220&4&154.34129703414214|73223&4&7.615929054450016|73229&4&40.8677570088534|73230&4&116.81010660229884|73231&4&2.1316282072803006E-14|73234&4&151.50844586946198|73241&4&11.11637139698318|73245&4&7.207597978487193|73246&4&254.12402704259557|73256&4&2.398081733190338E-14|73260&4&190.7157948576698|73262&4&0.2672819265935142|73263&4&78.8389844334962|73264&4&148.42165945259728|73265&4&467.92145453447586|73266&4&35.83616661271459|73268&4&139.86506547957373|73270&4&235.97148355293754|73273&4&56.988598404230345|73278&4&405.25224886828914|73281&4&195.6061320833279|73287&4&50.87464636684239|73292&4&1.0347614003121142,2|73195&4&221.75839595558972|73199&4&-2.4868995751603507E-14|73200&4&494.7186577394166|73203&4&185.0776166683446|73211&4&115.2113497233182|73214&4&210.3427888543199|73217&4&124.70593924436062|73228&4&86.50305796540654|73231&4&435.664100809772|73237&4&209.09341428944344|73243&4&383.19977092955924|73245&4&33.271879598507894|73248&4&205.33402156867726|73254&4&0.1553414369911053|73258&4&285.5775445086506|73259&4&3.6485597415138638|73261&4&168.42487051167177|73263&4&3.44116057640639|73281&4&14.125769418592187|73282&4&3.2502192096647247|73284&4&2.2345720241362637|73286&4&83.60836251460242|73292&4&13.720737878396058|73302&4&30.296018651613686,2|73193&4&510.5716428728897|73195&4&4.528716124389196|73196&4&36.831682302201465|73199&4&366.7624307069369|73200&4&54.4929912997229|73204&4&4.043962182900857|73205&4&-1.3322676295501878E-14|73207&4&482.36980644950336|73223&4&16.477684633965026|73225&4&332.5111709660785|73238&4&122.53573488102414|73241&4&316.12095779734136|73252&4&179.9721953667522|73256&4&214.55090204924102|73258&4&-2.042810365310288E-14|73259&4&3.6771424054227575|73262&4&4.7634134047091035|73276&4&591.0439347236611|73283&4&79.43497348085504|73285&4&75.18806742824796|73287&4&249.04758828637728|73306&4&19.980905519451767,2|73189&4&9.178172008906099|73191&4&20.384773811216135|73196&4&2.476760335439977|73198&4&94.28027452052706|73201&4&381.8005338221254|73212&4&4.050627037244233|73228&4&195.25373390273273|73239&4&8.450644861414679|73240&4&199.5301124276715|73245&4&86.87325502099694|73246&4&150.83336565131148|73256&4&33.27175084500382|73264&4&378.59347436557994|73272&4&177.77423259822234|73283&4&280.9711343962116|73284&4&4.697050797319124|73299&4&0.41633257022876957,2|73193&4&4.69058484313507|73194&4&177.09858192034525|73205&4&239.53828735521023|73208&4&151.75925510283076|73209&4&163.12993549474498|73210&4&15.117328081879881|73211&4&340.88015635233506|73213&4&264.69274901150044|73214&4&52.34723682451952|73217&4&478.23856154017284|73219&4&97.20757113657665|73223&4&19.677012996440965|73224&4&441.2943317390429|73230&4&33.22278550988306|73233&4&62.662452183568725|73235&4&432.0992727495384|73236&4&342.00179436971166|73238&4&342.212482933048|73239&4&163.27011997760928|73245&4&130.78802134472224|73251&4&165.70904145846802|73252&4&149.6340710329318|73255&4&192.51350805235003|73256&4&105.21200439120449|73260&4&114.26258210874312|73263&4&264.6033689887978|73267&4&199.63086820114555|73274&4&226.78835879154934|73282&4&272.39695351992066|73285&4&351.95320246652943|73288&4&244.98490865915295|73291&4&10.969257949484689|73292&4&14.075795523653662|73294&4&21.075346953537824|73296&4&13.3233307273143|73298&4&13.384504404722104|73300&4&20.33653919625756|73301&4&33.74032317055422|73304&4&31.206223996988875|73305&4&17.68565761394399,2|73190&4&193.1845290732373|73194&4&413.05788107086124|73195&4&86.74050972625854|73202&4&452.58883065700354|73205&4&208.69549586969694|73206&4&282.66616343503443|73207&4&17.741791993292303|73211&4&10.127687261137407|73213&4&68.49916091877655|73216&4&2.6629221885873506|73219&4&5.654018968115937|73221&4&245.52952799819275|73222&4&381.76429377186656|73223&4&50.134090426444175|73232&4&208.4916940928405|73236&4&9.393988993415597|73237&4&19.73327532141217|73242&4&397.4454721941088|73250&4&514.3584678526283|73256&4&137.31258578121913|73262&4&2.3513382482329064|73266&4&141.3477769078548|73270&4&72.17989712343626|73275&4&192.18688991774104|73279&4&219.86414122503263|73282&4&9.835553093089358|73285&4&1.865174681370263E-14|73286&4&462.7008654116547|73288&4&99.87296732713898|73290&4&4.1349498738918244|73293&4&19.562301344336724|73295&4&9.045785206464169,2|73190&4&86.03082999315089|73197&4&181.02877202214634|73204&4&287.03152968802146|73215&4&126.26712704616396|73221&4&177.30046812168376|73223&4&204.56630684191393|73228&4&31.985529402324126|73229&4&300.0444574852525|73233&4&244.74683843476748|73235&4&48.24260531249821|73247&4&455.30066291476294|73249&4&527.4874232645609|73251&4&19.509172620678264|73259&4&126.88413599599137|73269&4&457.1122861175306|73274&4&3.695191535846668|73280&4&180.22449144349517|73281&4&-8.43769498715119E-15|73286&4&3.451892169894817|73287&4&60.49593557597805|73288&4&6.217248937900877E-15|73293&4&12.650443890359409|73301&4&26.52905998001765|73304&4&1.2332181716311792,2|73189&4&396.2913925015081|73208&4&322.3260130013856|73210&4&246.61147733399088|73212&4&6.698365553669239|73216&4&58.0865837033785|73223&4&1.7135298377742698|73227&4&-6.217248937900877E-15|73229&4&36.1856211163528|73232&4&59.408931269286896|73233&4&98.60988771068355|73240&4&75.53295999249133|73251&4&172.18236818357744|73254&4&5.380112362440762|73257&4&466.4497041519547|73260&4&6.228655879954772|73262&4&108.00692329772612|73266&4&25.8348136846231|73268&4&415.4374179691109|73271&4&433.9450722631947|73277&4&407.75613807214455|73278&4&95.23883964472456|73284&4&445.2536354248102
34|4,130,1,1,1,1,1,1,1,1,1,1,1,1,1,1,1,1,1,1,1,1,1,1,1,1,1,1,1,1,1,1,1,1,1,1,1,1,1,1,1,1,1,1,1,1,1,1,1,1,1,1,1,1,1,1,1,1,1,1,1,1,1,1,1,1,1,1,1,1,1,1,1,1,1,1,1,1,1,1,1,1,1,1,1,1,1,1,1,1,1,1,1,1,1,1,1,1,1,1,1,1,0,0,0,0,0,0,0,0,0,0,0,0,0,0,0,0,0,0,0,0,2|73192&4&278.1840723161431|73196&4&2.8971752760986345|73197&4&147.67333431289083|73205&4&17.902601673901188|73207&4&8.881784197001252E-16|73209&4&266.95088374713254|73219&4&157.39027962157553|73220&4&203.588572524099|73222&4&7.690385467832988|73230&4&207.34990220314796|73234&4&398.52469485995005|73254&4&592.171342915198|73255&4&114.17543769368055|73259&4&309.99153745278807|73262&4&238.44263779947292|73268&4&1.687538997430238E-14|73272&4&199.85768513348256|73273&4&84.27425697199861|73280&4&116.70506070366618|73281&4&109.68894304448246|73283&4&57.43106124565123|73299&4&9.294232471661271,2|73191&4&251.42152815608247|73198&4&372.681009173172|73212&4&455.07427982822065|73216&4&394.14330413332374|73218&4&469.8103014045435|73225&4&123.06147157811333|73226&4&468.8446166724353|73227&4&365.94526601334303|73239&4&108.78458369187328|73240&4&5.412603292405898|73244&4&389.97007833913057|73252&4&3.6004811066658835|73253&4&376.7214210545283|73256&4&41.168709310489355|73258&4&142.75463740690276|73260&4&2.00062197854864|73261&4&27.806152033498364|73270&4&114.11360723105835|73272&4&1.2585806027619753|73273&4&301.48886695879924|73275&4&166.37296647242297|73280&4&25.866488782776827|73289&4&7.190210448977136|73293&4&4.691692063282574|73297&4&22.21132077768854|73302&4&0.38920280210537617|73303&4&25.540120368237133,2|73191&4&33.30453318574367|73192&4&14.477974623515266|73193&4&3.552713678800501E-14|73196&4&222.51657249864365|73204&4&45.36303381494847|73206&4&212.7599406342614|73209&4&150.02243842563766|73210&4&27.213271677278392|73213&4&33.389328853928085|73214&4&7.726007413696711|73215&4&255.96332345245207|73218&4&40.42545303581923|73220&4&127.45114217193863|73223&4&4.1674241074531055|73229&4&38.18718930336688|73230&4&181.92672813831632|73234&4&120.85392676987072|73241&4&4.788505548506574|73245&4&2.4906318550291884|73246&4&304.67581522457044|73260&4&227.37887132338776|73262&4&3.3306690738754696E-16|73263&4&128.939002662003|73264&4&220.7179829519663|73265&4&429.00080282870005|73266&4&70.24709642228325|73268&4&142.36515953076838|73270&4&218.1447953170582|73273&4&40.50359387932728|73278&4&438.95629885881976|73281&4&183.7316920665743|73287&4&51.28281398427411|73292&4&0.3701182411317181,2|73195&4&235.72907013342973|73200&4&459.65250679993557|73203&4&155.2902216468812|73211&4&189.3217513077933|73214&4&256.28487682533284|73217&4&96.27911671647614|73220&4&12.539525684853649|73228&4&80.26936614201088|73231&4&429.45859171527803|73237&4&183.89798751495218|73243&4&400.9195030820641|73245&4&24.99074880006755|73248&4&194.09087475843552|73254&4&-8.881784197001252E-16|73258&4&336.9460493512124|73259&4&-1.865174681370263E-14|73261&4&145.1836227318119|73263&4&-3.552713678800501E-14|73281&4&11.500075312560288|73282&4&37.6484782765779|73284&4&1.675929018102197|73286&4&68.59269022503494|73292&4&11.249331090637751|73302&4&26.09663400562861,2|73193&4&497.55839618477927|73195&4&3.773930103657664|73196&4&32.63273800226176|73199&4&399.81345805069327|73200&4&49.12339478849241|73204&4&22.500920885214786|73207&4&505.53394954012475|73216&4&0.7146526516314111|73223&4&14.151036659279091|73225&4&297.14280032903514|73227&4&75.76648995693853|73238&4&113.08702903963265|73241&4&285.27871964655895|73252&4&162.69954011533724|73256&4&189.54290457790208|73259&4&2.4876663259029197|73262&4&3.7665946463893665|73276&4&622.1951904066844|73283&4&62.93907387406846|73285&4&58.91336858829855|73287&4&226.0169092843199|73306&4&17.22277710003765,2|73189&4&3.1782168920232143|73191&4&51.21654629295427|73192&4&5.082214776574535|73196&4&24.86818158303826|73198&4&70.20287084472795|73201&4&425.1089279206352|73212&4&3.3755225310368617|73228&4&164.99891963458424|73235&4&48.364053566337304|73239&4&2.8501167706671082|73240&4&170.94246698012705|73245&4&130.72645037948288|73246&4&121.6892396769817|73256&4&22.23225193903696|73264&4&340.74112647766975|73272&4&145.3860277162218|73274&4&17.70960284745385|73283&4&337.10704042540095|73284&4&1.6870761963424512|73299&4&0.34694380852397466,2|73193&4&3.4299729168429343|73194&4&145.2174884292355|73205&4&229.34668299378936|73208&4&200.5750862738083|73209&4&135.8247864617154|73210&4&14.228073488828123|73211&4&313.5559838195764|73213&4&248.14945219828167|73214&4&45.663677875356356|73217&4&514.4937889543233|73219&4&91.36117196372678|73223&4&17.888193633128147|73224&4&446.8700869840909|73230&4&26.128697049231604|73233&4&45.04666930139319|73235&4&403.6837449197537|73236&4&327.0613374834665|73238&4&320.7778029061181|73239&4&214.48995622221392|73245&4&117.37299436364745|73251&4&226.49434026357392|73252&4&141.63522089634955|73255&4&238.29870963964578|73256&4&99.20961878486546|73260&4&102.89085644266181|73263&4&238.76472399244398|73267&4&188.2806728073823|73274&4&195.65851284441322|73282&4&248.41622910973325|73285&4&352.5511233297374|73288&4&287.5759800314852|73291&4&9.75454281566409|73292&4&12.65628764906991|73294&4&18.564213091862673|73296&4&11.737580242955632|73298&4&11.813557852859738|73300&4&17.954519683458802|73301&4&28.40720878696075|73304&4&26.879538177943804|73305&4&15.5893776664115,2|73190&4&170.85299799229028|73194&4&400.23236256289556|73195&4&77.10882826908208|73202&4&457.0376277037825|73203&4&176.0892402821703|73205&4&192.1112276118481|73206&4&246.11776721303545|73207&4&10.597955669234821|73211&4&3.472182899280836|73213&4&63.739972843608484|73216&4&7.993605777301127E-15|73219&4&35.73153581500986|73221&4&243.19106898111062|73222&4&409.94150878110645|73223&4&46.29214470573591|73232&4&246.1745409170455|73236&4&7.300891538847236|73237&4&48.75607698908297|73242&4&372.5833835747318|73250&4&529.1132041442488|73256&4&200.9994070719639|73262&4&1.1756691241164585|73266&4&131.25150712872232|73270&4&60.227373012195216|73275&4&171.27542795550988|73279&4&197.15951428374726|73282&4&3.2135957831432007|73286&4&488.70726639978056|73288&4&87.46856610508023|73290&4&3.741334524621739|73293&4&17.507957145038525|73295&4&8.089862559999405,2|73190&4&118.93428522478656|73197&4&209.8001191845038|73204&4&248.83029137498164|73215&4&101.69957946456098|73221&4&145.4181501667428|73223&4&218.51818537936774|73228&4&71.19708661781375|73229&4&298.33131970014136|73233&4&283.1155834858001|73235&4&32.43669975382029|73247&4&489.2571040692373|73249&4&510.0413011953203|73251&4&9.734116268395827|73259&4&122.43794240101779|73269&4&486.02843812274205|73274&4&3.4899031171885198|73280&4&225.24491877360236|73286&4&0.022912342798291796|73287&4&51.70305796441803|73293&4&9.606429060064194|73301&4&35.20253503069888|73304&4&0.4163824710760162,2|73189&4&427.9863576975263|73208&4&280.52058221134405|73210&4&212.77204704194224|73212&4&1.9936218055025874|73216&4&50.783682125750495|73223&4&1.2851473783307021|73229&4&30.639356656542446|73232&4&48.490066785248516|73233&4&90.26255659209417|73240&4&122.92033871462961|73251&4&155.36036880634956|73254&4&2.891056458402219|73257&4&465.9826421206734|73260&4&2.226275491125037|73262&4&96.03436635104887|73266&4&16.144507913694255|73268&4&380.0728854208167|73271&4&453.9565505501897|73277&4&428.21700733534544|73278&4&71.01902946647915|73284&4&422.74526648375894|73303&4&4.322546352496715
35|4,130,1,1,1,1,1,1,1,1,1,1,1,1,1,1,1,1,1,1,1,1,1,1,1,1,1,1,1,1,1,1,1,1,1,1,1,1,1,1,1,1,1,1,1,1,1,1,1,1,1,1,1,1,1,1,1,1,1,1,1,1,1,1,1,1,1,1,1,1,1,1,1,1,1,1,1,1,1,1,1,1,1,1,1,1,1,1,1,1,1,1,1,1,1,1,1,1,1,1,1,1,0,0,0,0,0,0,0,0,0,0,0,0,0,0,0,0,0,0,0,0,2|73192&4&259.17226964770134|73196&4&1.1546319456101628E-14|73197&4&121.23601399783588|73205&4&12.294018375327415|73209&4&248.21302870344698|73219&4&134.212657731683|73220&4&187.00131326697075|73222&4&2.6165220547094656|73230&4&186.66374284774503|73234&4&372.4091079656347|73254&4&552.6253423576087|73255&4&96.59891945161789|73259&4&285.65792237050243|73262&4&223.89109237662296|73272&4&184.85248761926712|73273&4&74.81951821173816|73280&4&105.37916957137078|73281&4&98.89018654408609|73283&4&52.64038541084488|73299&4&8.134207284691318,2|73191&4&225.34881158577446|73198&4&343.9048484312993|73212&4&420.2589681933013|73216&4&365.7767673166334|73218&4&499.74531356408437|73225&4&193.64101326212057|73226&4&505.2124173391516|73227&4&328.90024558711355|73239&4&98.78588988743209|73240&4&5.051763072912172|73244&4&433.0123328912638|73252&4&1.8002405533329489|73253&4&369.251103752598|73256&4&38.42412868979007|73258&4&117.79706576416149|73260&4&1.8339034803362533|73261&4&26.400168680065008|73270&4&179.0212709780962|73272&4&1.1886594581640877|73273&4&356.5649218644818|73275&4&224.65585180025363|73280&4&18.36121430408449|73289&4&6.364184824714454|73293&4&13.050675895098275|73297&4&18.50749326682595|73302&4&-2.55351295663786E-15|73303&4&21.116114759425912,2|73191&4&31.55166301807295|73192&4&9.410688974645439|73196&4&206.39355452795755|73204&4&42.69462006112798|73206&4&262.29406480084054|73209&4&205.3786217702102|73210&4&25.643290863380912|73213&4&22.637749840429873|73214&4&2.5223088895785235|73215&4&325.0521128818661|73218&4&28.780374211732187|73220&4&102.57396860965488|73223&4&1.019489764676829|73229&4&35.50662159788036|73230&4&246.98098575281594|73234&4&92.94925492892534|73241&4&1.0886340983315768|73245&4&1.4210854715202004E-14|73246&4&361.0258365269963|73252&4&50.81077796405315|73258&4&69.51901472082659|73260&4&261.6588971976313|73263&4&189.56741674770294|73264&4&276.60759483685456|73265&4&391.5292880440931|73266&4&105.93433736070438|73268&4&190.61136953127556|73270&4&200.31810708117888|73273&4&26.966728644101536|73278&4&483.5371698581514|73281&4&216.66137812798826|73287&4&56.432266786531606|73292&4&-2.55351295663786E-15,2|73195&4&259.06268293019974|73200&4&427.13878216383586|73203&4&128.2407239978157|73211&4&190.21207879170177|73214&4&241.4598665001315|73217&4&71.7548525984844|73220&4&38.7532445588798|73228&4&74.03567431861522|73231&4&428.6396041875116|73237&4&161.43311250035524|73243&4&416.56441564029564|73245&4&16.709618001627206|73248&4&182.84772794819378|73258&4&315.16359905963077|73261&4&123.65332660242692|73281&4&8.874381206528387|73282&4&84.6957682170032|73284&4&1.1172860120681305|73286&4&53.577017935467445|73292&4&8.777924302879446|73302&4&21.89724935964354,2|73193&4&526.1560767951589|73195&4&3.0191440829261316|73196&4&28.433793702322063|73198&4&15.380331901193799|73199&4&426.90710291989575|73200&4&43.75379827726192|73204&4&45.03796191371043|73207&4&535.018763182602|73216&4&51.34488119263678|73223&4&11.824388684593156|73225&4&262.7198030460811|73227&4&137.14782667226558|73238&4&105.87811712416277|73241&4&254.4364814957765|73252&4&145.42688486392223|73256&4&164.53490710656308|73259&4&1.2981902463830823|73262&4&2.76977588806963|73276&4&637.9468358172171|73283&4&48.33236584654867|73285&4&42.638669748349145|73287&4&202.98623028226257|73304&4&7.621026494039256|73306&4&14.464648680623528,2|73189&4&-2.4868995751603507E-14|73191&4&94.73096593266419|73192&4&24.44069064676369|73196&4&45.034469096743805|73198&4&49.398930621095445|73201&4&383.1204612196265|73212&4&2.7004180248294904|73228&4&136.5781259367271|73235&4&106.13020496926832|73239&4&1.865174681370263E-14|73240&4&145.4819170433734|73241&4&22.10322826908915|73245&4&126.12021546441946|73246&4&95.60318712222247|73256&4&11.1927530330701|73262&4&2.1508595858050565|73264&4&305.4538635361464|73265&4&45.22146623495581|73271&4&78.01154794138958|73272&4&115.80308622577573|73274&4&51.63260834624288|73283&4&327.27436925584493|73284&4&-7.549516567451064E-15|73299&4&0.27755504681917975,2|73193&4&2.169360990550799|73194&4&116.32865026935956|73205&4&220.90961740203852|73208&4&243.47995755602892|73209&4&110.59269364783009|73210&4&13.338818895776365|73211&4&286.23181128681773|73213&4&231.6061553850629|73214&4&38.98011892619319|73217&4&546.8642149684707|73219&4&85.51477279087689|73223&4&16.09937426981533|73224&4&449.2817154361957|73230&4&19.034608588580152|73233&4&30.518616129128205|73235&4&375.26821708996897|73236&4&339.179127980701|73238&4&299.34312287918806|73239&4&267.9027537613399|73245&4&103.95796738257266|73251&4&287.45466934519277|73252&4&133.63637075976732|73255&4&292.31755160882176|73256&4&93.20723317852642|73260&4&91.5191307765805|73263&4&212.92607899609007|73267&4&176.9304774136191|73274&4&168.14339656712926|73282&4&224.43550469954593|73285&4&397.2415362688472|73288&4&285.45877783311926|73291&4&8.53982768184349|73292&4&11.23677977448616|73294&4&16.053079230187528|73296&4&10.151829758596964|73298&4&10.242611300997371|73300&4&15.572500170660042|73301&4&23.490267627880772|73304&4&22.552852358898733|73305&4&13.493097718879005,2|73190&4&149.2779987955963|73194&4&424.95328408412115|73195&4&67.47714681190564|73200&4&36.91267598611455|73202&4&464.06646107038864|73203&4&187.05841878316923|73205&4&175.52695935399933|73206&4&211.0224845963502|73207&4&3.4541193451773404|73211&4&2.042810365310288E-14|73213&4&78.84045284683124|73219&4&49.52876912235662|73221&4&255.05042071414786|73222&4&443.9167602603998|73223&4&42.45019898502763|73232&4&289.0301634508952|73236&4&5.207794084278874|73237&4&87.92253151552366|73242&4&375.00337766683225|73250&4&556.2398904218722|73256&4&274.1531891377101|73259&4&30.630995263033867|73262&4&1.0658141036401503E-14|73266&4&121.15523734958984|73270&4&48.27484890095417|73275&4&150.36396599327878|73279&4&174.45488734246192|73282&4&-2.398081733190338E-14|73286&4&512.4048714983587|73288&4&75.06416488302149|73290&4&3.3477191753516538|73293&4&15.45361294574032|73295&4&7.1339399135346415,2|73190&4&138.63657194659717|73197&4&247.32099527500793|73204&4&213.65736964017196|73215&4&80.57633141830307|73221&4&116.02964701690074|73223&4&235.08724261470874|73228&4&117.48003345444171|73229&4&304.34027471743195|73233&4&320.04641655712896|73235&4&19.44133837717427|73247&4&467.17030540585944|73249&4&505.56663193007944|73251&4&3.174899312906267|73259&4&115.39463916806912|73269&4&435.831452463798|73274&4&3.2846146985303717|73280&4&272.9956902769101|73286&4&0.0|73287&4&45.8676212091967|73293&4&6.944744852841248|73301&4&43.91134575537497|73304&4&-1.4432899320127035E-15,2|73189&4&411.6588374735886|73208&4&241.31647951351988|73210&4&178.9326167498936|73212&4&0.0|73216&4&43.48078054812248|73223&4&0.8567649188871346|73229&4&25.093092196732098|73232&4&37.57120230121014|73233&4&81.91522547350479|73240&4&175.2750489698132|73251&4&138.53836942912167|73254&4&0.4020005543636752|73257&4&479.71671236093573|73260&4&0.0|73262&4&84.06180940437163|73266&4&9.212455568830855|73268&4&344.7083528725225|73271&4&405.26596813250114|73277&4&407.9047397797253|73278&4&50.54482444571329|73284&4&448.30288104552943|73303&4&12.426484618922661
36|4,130,1,1,1,1,1,1,1,1,1,1,1,1,1,1,1,1,1,1,1,1,1,1,1,1,1,1,1,1,1,1,1,1,1,1,1,1,1,1,1,1,1,1,1,1,1,1,1,1,1,1,1,1,1,1,1,1,1,1,1,1,1,1,1,1,1,1,1,1,1,1,1,1,1,1,1,1,1,1,1,1,1,1,1,1,1,1,1,1,1,1,1,1,1,1,1,1,1,1,1,1,0,0,0,0,0,0,0,0,0,0,0,0,0,0,0,0,0,0,0,0,2|73192&4&240.16046697925952|73197&4&98.09669793500765|73205&4&7.6526906412500715|73209&4&229.47517365976142|73219&4&112.75847339361549|73220&4&170.4140540098425|73222&4&-6.217248937900877E-15|73230&4&169.3022448621638|73234&4&346.2935210713194|73254&4&539.000966874137|73255&4&80.86089983093167|73259&4&261.3243072882169|73262&4&209.33954695377298|73272&4&169.84729010505168|73273&4&65.3647794514777|73280&4&94.05327843907538|73281&4&88.09143004368973|73283&4&47.84970957603852|73299&4&6.974182097721366,2|73191&4&199.27609501546638|73198&4&315.12868768942656|73212&4&385.443656558382|73216&4&337.41023049994317|73218&4&528.977204228705|73225&4&260.5205998895335|73226&4&533.3629907247239|73227&4&292.5356363744674|73239&4&88.78719608299086|73240&4&4.690922853418445|73244&4&395.43110763969776|73252&4&1.3766765505351941E-14|73253&4&325.6575988168075|73256&4&35.67954806909078|73258&4&94.88893531783663|73260&4&1.6671849821238665|73261&4&24.99418532663165|73270&4&234.35433367563837|73272&4&1.1187383135662001|73273&4&410.21738164439233|73275&4&258.0129569439511|73280&4&11.448380839574078|73289&4&5.538159200451772|73293&4&22.296298667370884|73297&4&14.974831016791665|73303&4&17.063483451566505,2|73191&4&29.79879285040223|73192&4&4.450745057594011|73196&4&190.27053655727144|73204&4&40.02620630730748|73206&4&247.79323730906106|73209&4&263.9934616917154|73210&4&24.07331004948343|73213&4&13.628728001707515|73214&4&0.993064395307022|73215&4&392.65501902515683|73218&4&19.546318970698422|73220&4&80.24650344685716|73223&4&1.7763568394002505E-15|73229&4&32.826053892393844|73230&4&319.07864393662743|73234&4&68.8260460723414|73241&4&7.549516567451064E-15|73246&4&410.8634853509446|73252&4&48.2702390658505|73258&4&66.04306398478526|73260&4&270.51020848221685|73263&4&246.57086587655414|73264&4&261.59591252964435|73265&4&354.0577732594861|73266&4&155.29055384618925|73268&4&180.1601979032595|73269&4&15.342216830201668|73270&4&182.4914188452995|73273&4&16.550673636676123|73278&4&524.8282411022058|73281&4&202.5467318073263|73287&4&84.91837321900496,2|73190&4&53.064658490489315|73195&4&282.5983688221494|73200&4&394.93023696810707|73203&4&102.97950665491237|73211&4&249.38065058487555|73214&4&226.63485617493012|73217&4&51.10546337303083|73220&4&77.20352636040542|73228&4&67.80198249521956|73231&4&435.59402277798847|73237&4&141.52219896657334|73243&4&419.7079765964537|73245&4&8.428487203186858|73248&4&202.5338527978422|73258&4&293.3811487680491|73261&4&104.52932935960644|73264&4&4.41089910986949|73268&4&64.0450576920066|73281&4&6.248687100496488|73282&4&142.95395305866163|73284&4&0.5586430060340638|73286&4&38.561345645899955|73292&4&6.306517515121142|73302&4&17.69786471365846,2|73193&4&542.6703216820711|73195&4&2.2643580621945993|73196&4&24.234849402382363|73198&4&22.592188157318013|73199&4&461.1864868344813|73200&4&38.38420176603144|73204&4&85.91028649978088|73207&4&531.9850633689717|73216&4&104.9736657783267|73223&4&9.497740709907221|73225&4&231.1974247327849|73227&4&204.76491964148767|73238&4&125.60198156542425|73241&4&223.59424334499408|73244&4&82.39942211937796|73250&4&42.07662743564504|73252&4&140.77378408086688|73256&4&139.52690963522411|73258&4&78.38070416011436|73259&4&0.10871416686324474|73262&4&1.7729571297498934|73276&4&651.6229966127298|73283&4&35.937348838259815|73285&4&88.85369327998097|73287&4&179.95555128020524|73304&4&18.38485267039055|73306&4&11.706520261209407,2|73191&4&146.87883172013792|73192&4&56.14038206135275|73196&4&58.3786672035169|73198&4&32.57726495136619|73201&4&343.46278427119387|73212&4&2.025313518622119|73228&4&110.52545343752925|73235&4&162.67116596821765|73240&4&123.34435242981256|73241&4&54.48972089204956|73245&4&132.53420198156613|73246&4&72.77680769637065|73256&4&3.799317172823142|73262&4&16.748695763207266|73264&4&272.440769584394|73265&4&106.3066678014967|73271&4&157.9380849353203|73272&4&89.14109947945481|73274&4&95.06405060150388|73283&4&336.43260588183057|73299&4&0.20816628511438487,2|73193&4&0.9087490642586632|73194&4&90.4945407928151|73205&4&269.98690620519096|73208&4&291.62738392991525|73209&4&87.68241361158147|73210&4&12.449564302724607|73211&4&258.90763875405906|73213&4&215.06285857184412|73214&4&32.296559977030036|73217&4&584.5633006256262|73219&4&79.668373618027|73223&4&14.310554906502512|73224&4&474.10595195923213|73230&4&11.9405201279287|73233&4&19.101688565179536|73235&4&346.8526892601843|73236&4&360.7263474596783|73238&4&277.9084428522581|73239&4&278.1912993955153|73245&4&90.54294040149787|73251&4&349.08372237812176|73252&4&125.63752062318511|73255&4&344.1260739700923|73256&4&87.2048475721874|73260&4&80.14740511049918|73263&4&187.08743399973628|73267&4&165.58028201985584|73274&4&141.98827520133466|73282&4&200.45478028935855|73285&4&370.6264834369124|73288&4&316.5452575841877|73291&4&7.325112548022892|73292&4&9.81727189990241|73294&4&20.69122651498517|73296&4&9.534448901893091|73298&4&8.671664749135005|73300&4&13.190480657861283|73301&4&18.98916969273625|73304&4&18.226166539853654|73305&4&11.396817771346509,2|73190&4&130.41158168769482|73194&4&460.20923326709845|73195&4&57.84546535472921|73200&4&35.06704218680882|73202&4&484.47901944901764|73203&4&190.6898501063231|73205&4&158.9426910961505|73206&4&178.82644554745775|73207&4&0.0|73213&4&73.08828136774363|73219&4&91.70323915196778|73221&4&237.93589859992102|73222&4&479.16875734526377|73223&4&38.60825326431936|73232&4&331.04458671706453|73236&4&3.1146966297105125|73237&4&130.21587007639218|73242&4&381.12318298253257|73250&4&510.31003886053423|73256&4&297.8063826287837|73259&4&56.12270897567783|73266&4&111.05896757045736|73270&4&36.64273103308302|73275&4&130.94830876399743|73279&4&151.7502604011766|73286&4&542.1800100352175|73288&4&62.659763660962746|73290&4&2.9541038260815684|73293&4&13.399268746442116|73295&4&6.178017267069878,2|73190&4&130.84527464040934|73197&4&289.175830966109|73204&4&181.91002856977158|73215&4&62.71399481775782|73221&4&90.43347338249846|73223&4&260.51313275594373|73228&4&167.1580422797678|73229&4&315.86572278899075|73233&4&367.91410308052866|73235&4&9.47478622880421|73247&4&502.16885184335314|73249&4&509.66065171461764|73251&4&1.865174681370263E-14|73259&4&108.35133593512046|73269&4&388.943965844952|73274&4&3.0793262798722236|73280&4&318.5554874706059|73287&4&43.16952584394985|73293&4&4.681472814709695|73301&4&52.26076676459881,2|73189&4&434.21292008527473|73208&4&205.323967371717|73210&4&148.30823003873337|73216&4&36.177878970494476|73223&4&0.428382459443567|73229&4&19.54682773692175|73232&4&26.652337817171773|73233&4&73.56789435491541|73240&4&236.19460274732495|73251&4&121.71637005189379|73254&4&0.15080494982239284|73257&4&491.39597203087305|73262&4&72.08925245769439|73266&4&3.1274861936993394|73268&4&309.3438203242282|73271&4&360.36951890538296|73277&4&435.9909236810292|73278&4&33.52317533111889|73284&4&455.2814789751119|73303&4&21.290502453833753
37|4,130,1,1,1,1,1,1,1,1,1,1,1,1,1,1,1,1,1,1,1,1,1,1,1,1,1,1,1,1,1,1,1,1,1,1,1,1,1,1,1,1,1,1,1,1,1,1,1,1,1,1,1,1,1,1,1,1,1,1,1,1,1,1,1,1,1,1,1,1,1,1,1,1,1,1,1,1,1,1,1,1,1,1,1,1,1,1,1,1,1,1,1,1,1,1,1,1,1,1,1,1,0,0,0,0,0,0,0,0,0,0,0,0,0,0,0,0,0,0,0,0,2|73192&4&221.14866431081776|73197&4&78.16604242986065|73205&4&4.5429226383979655|73209&4&210.7373186160759|73219&4&91.30428905554797|73220&4&153.82679475271422|73230&4&155.1028487938789|73234&4&320.1779341770041|73254&4&553.308418812684|73255&4&68.55810101552173|73259&4&236.99069220593128|73262&4&194.78800153092305|73272&4&154.84209259083627|73273&4&55.91004069121725|73280&4&82.72738730677997|73281&4&77.29267354329336|73283&4&43.05903374123217|73299&4&5.8141569107514135,2|73191&4&173.20337844515836|73198&4&286.3525269475538|73212&4&351.71088614619094|73216&4&309.04369368325285|73218&4&487.0037350232833|73225&4&290.87642095432074|73226&4&483.82284900715445|73227&4&257.7297975657069|73239&4&78.78850227854966|73240&4&4.330082633924718|73244&4&359.7445340420377|73253&4&285.2433167383972|73256&4&32.93496744839149|73258&4&74.46761721744194|73260&4&1.5004664839114796|73261&4&23.58820197319829|73270&4&221.71470685122483|73272&4&1.0488171689683126|73273&4&459.91186252637425|73275&4&247.3526095247304|73280&4&5.993523626174387|73289&4&4.712133576189089|73293&4&31.59123050227357|73297&4&11.787842932270468|73303&4&13.403199925994146,2|73191&4&28.045922682731508|73192&4&1.187431777287406|73196&4&174.1475185865853|73204&4&37.35779255348699|73206&4&233.2924098172815|73209&4&317.78699864800774|73210&4&22.50332923558595|73213&4&6.9997301329367385|73214&4&0.49653219765350703|73215&4&399.7592761672997|73218&4&11.819831373947997|73220&4&60.65673717792413|73229&4&30.145486186907323|73230&4&390.4035732159049|73234&4&48.508937978168326|73246&4&385.986049310727|73252&4&45.72970016764784|73258&4&62.56711324874394|73260&4&309.93496495103756|73263&4&255.30374213400466|73264&4&246.58423022243414|73265&4&317.55216955703924|73266&4&201.27007683378537|73268&4&169.70902627524345|73269&4&57.79753511120689|73270&4&164.66473060942022|73273&4&8.601593192646831|73278&4&542.8672959915915|73281&4&200.57966173685298|73287&4&123.49152899170717,2|73190&4&64.32548621101593|73195&4&312.5057652067194|73200&4&365.3564083751483|73203&4&80.56274610752259|73211&4&293.9572122357696|73214&4&211.80984584972876|73217&4&34.07684985109023|73220&4&126.8653395426607|73224&4&70.65572192782024|73228&4&61.56829067182392|73231&4&449.5209275647214|73237&4&122.65380632011411|73243&4&386.3442009296862|73245&4&2.8432869345677565|73246&4&65.53182554025975|73248&4&189.74424240460593|73258&4&271.59869847646746|73261&4&192.72613362435874|73264&4&75.25356752035721|73268&4&127.45523202575431|73272&4&15.33664294371056|73281&4&3.622992994464588|73282&4&207.29581054927706|73284&4&-2.886579864025407E-15|73286&4&25.851246477860897|73292&4&4.203921272628856|73302&4&13.903144463623764,2|73193&4&516.6043108826059|73195&4&1.5095720414630673|73196&4&20.035905102442662|73198&4&53.21838815535186|73199&4&491.6097733638968|73200&4&33.01460525480094|73204&4&135.60517776797565|73207&4&553.7556464351389|73216&4&160.06266707990298|73223&4&7.171092735221288|73225&4&202.73099992829216|73227&4&269.5910643645591|73238&4&159.5781639596757|73241&4&192.75200519421162|73244&4&156.008561819333|73250&4&110.84989482491396|73252&4&180.28815865293623|73256&4&114.51891216388516|73258&4&145.16186581958578|73259&4&-4.163336342344337E-16|73262&4&0.7761383714301571|73276&4&659.5925073484921|73283&4&25.781558975390833|73285&4&142.2556861527588|73287&4&156.92487227814792|73304&4&28.18848244504864|73306&4&8.948391841795285,2|73191&4&199.61336736579057|73192&4&69.48325285421248|73196&4&103.8373890729366|73198&4&19.39148913541912|73201&4&306.02872815915543|73210&4&8.3263706006446|73212&4&1.3502090124147479|73214&4&1.1754611838627629|73228&4&86.97677302938135|73235&4&230.3326408763802|73240&4&104.47976324227443|73241&4&94.08431069534699|73245&4&149.16756117579664|73246&4&53.83929860138393|73253&4&5.011978200465139|73256&4&9.769962616701378E-15|73262&4&39.69796756555337|73264&4&241.87665776764774|73265&4&121.42554151959283|73271&4&234.09147501578718|73272&4&66.34183469077608|73274&4&90.13527884308851|73283&4&364.0269831571152|73299&4&0.13877752340959,2|73193&4&9.769962616701378E-15|73194&4&67.72998842147396|73205&4&319.0678063000457|73208&4&336.53960066196794|73209&4&67.31008283099439|73210&4&11.560309709672849|73211&4&231.58346622130034|73213&4&198.51956175862534|73214&4&25.61300102786688|73217&4&620.1271583161024|73219&4&73.82197444517713|73223&4&12.521735543189696|73224&4&428.71365386650075|73230&4&4.8464316672772485|73233&4&10.641465785407018|73235&4&318.4371614303996|73236&4&357.27605683141974|73238&4&256.4737628253281|73239&4&261.977691716717|73245&4&77.12791342042308|73251&4&395.80063906721955|73252&4&117.63867048660286|73255&4&369.27943016263725|73256&4&81.20246196584839|73260&4&68.77567944441786|73263&4&161.77777949397608|73267&4&154.2300866260926|73274&4&119.00990172161575|73282&4&176.47405587917123|73285&4&344.0114306049778|73288&4&349.84174528499125|73291&4&6.1103974142022945|73292&4&8.397764025318661|73294&4&24.50726870835662|73296&4&18.764663175755835|73298&4&7.10071819727264|73300&4&10.808461145062527|73301&4&14.927434030414092|73304&4&14.316575386662883|73305&4&9.300537823814015,2|73190&4&112.53643673212652|73194&4&493.9198671019548|73195&4&48.213783897552766|73200&4&33.22140838750309|73202&4&504.7955166462808|73203&4&206.23760225479074|73205&4&142.3584228383017|73206&4&157.27407826524032|73213&4&67.33610988865603|73219&4&140.2252947039522|73221&4&220.8213764856942|73222&4&502.7445706203797|73223&4&34.76630754361109|73232&4&306.8116580482012|73236&4&1.021599175142151|73237&4&187.43050990242568|73242&4&388.3499040753363|73250&4&467.7791322211515|73256&4&313.3768209145249|73259&4&54.31242301598046|73266&4&100.96269779132487|73270&4&25.872988199461357|73275&4&115.17085769863709|73279&4&129.04563345989126|73286&4&563.527332700722|73288&4&50.255362438904|73290&4&2.560488476811483|73293&4&11.344924547143913|73295&4&5.222094620605114,2|73190&4&123.05397733422151|73197&4&341.80711065675945|73204&4&153.51568969391485|73215&4&44.85165821721259|73221&4&83.20956560528981|73223&4&289.1205201390483|73228&4&213.00967611753475|73229&4&330.4888795965427|73233&4&411.7537573870271|73235&4&3.1995947017806947|73247&4&531.2293284670075|73249&4&529.8176343543962|73259&4&101.30803270217179|73269&4&345.503543242643|73274&4&2.8740378612140756|73280&4&356.22611204829786|73287&4&40.471430478702985|73293&4&2.837357045927404|73301&4&60.688220755799826,2|73189&4&392.4255912920374|73208&4&172.69159577191778|73210&4&121.49875155758488|73216&4&28.874977392866473|73223&4&-5.551115123125783E-16|73229&4&14.000563277111395|73232&4&15.7334733331334|73233&4&65.22056323632603|73240&4&295.2161086157447|73251&4&104.8943706746659|73254&4&2.7755575615628914E-16|73257&4&468.49609106030266|73262&4&60.11669551101714|73266&4&-1.865174681370263E-14|73268&4&274.36964182879296|73271&4&319.7793632303027|73277&4&463.54295037333054|73278&4&19.829161271808537|73284&4&417.83651613550376|73303&4&30.007349908606926
38|4,130,1,1,1,1,1,1,1,1,1,1,1,1,1,1,1,1,1,1,1,1,1,1,1,1,1,1,1,1,1,1,1,1,1,1,1,1,1,1,1,1,1,1,1,1,1,1,1,1,1,1,1,1,1,1,1,1,1,1,1,1,1,1,1,1,1,1,1,1,1,1,1,1,1,1,1,1,1,1,1,1,1,1,1,1,1,1,1,1,1,1,1,1,1,1,1,1,1,1,1,1,0,0,0,0,0,0,0,0,0,0,0,0,0,0,0,0,0,0,0,0,2|73192&4&202.136861642376|73197&4&62.185261258425065|73205&4&1.6452316724930642|73209&4&191.99946357239037|73219&4&71.51848596312158|73220&4&137.23953549558598|73230&4&140.90345272559398|73234&4&294.06234728268873|73237&4&60.9059709215369|73254&4&547.5004920183014|73255&4&59.32429940153683|73259&4&212.6570771236457|73262&4&180.23645610807304|73272&4&139.83689507662086|73273&4&46.45530193095679|73280&4&71.40149617448458|73281&4&66.49391704289701|73283&4&38.26835790642582|73299&4&4.654131723781461,2|73191&4&147.13066187485032|73198&4&257.5763662056811|73207&4&62.538489716733636|73212&4&380.3413607986514|73216&4&280.6771568665626|73218&4&466.84337585244873|73225&4&300.34256280498556|73226&4&466.12479700962086|73227&4&224.74576152954592|73239&4&68.78980847410844|73240&4&3.9692424144309912|73244&4&325.68758301455586|73253&4&248.7087000907581|73256&4&30.1903868276922|73258&4&56.47966488341927|73260&4&1.3337479856990928|73261&4&22.18221861976493|73270&4&235.0456200148682|73272&4&0.978896024370425|73273&4&431.79871338691584|73274&4&26.18021045221735|73275&4&282.4578004564321|73280&4&2.1239641718704125|73289&4&6.566403892100299|73293&4&40.555794004699045|73297&4&8.947127728990962|73303&4&10.146942298764383,2|73191&4&26.293052515060786|73192&4&-8.43769498715119E-15|73196&4&158.0245006158992|73204&4&34.68937879966649|73206&4&218.79158232550205|73209&4&320.2164381922127|73210&4&20.933348421688468|73213&4&2.486625514408729|73214&4&-3.3306690738754696E-16|73215&4&413.9019657571654|73218&4&5.938696278237741|73220&4&43.92041505283211|73229&4&27.464918481420803|73230&4&454.08245938182375|73234&4&31.802564502603477|73246&4&361.1086132705095|73252&4&43.18916126944519|73258&4&59.09116251270261|73260&4&340.59822091162414|73263&4&254.50688667984053|73264&4&231.57254791522394|73265&4&282.8086172523065|73266&4&241.8427336798106|73268&4&159.25785464722742|73269&4&68.12179743337043|73270&4&146.83804237354084|73273&4&3.6042245297629036|73278&4&568.5676042654675|73281&4&185.85763660368158|73287&4&164.74506425993675,2|73190&4&116.59039974186808|73195&4&341.61807328438744|73200&4&335.78257978218966|73203&4&61.940296225144166|73211&4&342.7671678617567|73214&4&196.98483552452737|73217&4&20.204752436629207|73220&4&191.7119514282851|73224&4&141.33226914178994|73228&4&55.33459884842827|73231&4&476.0056562009885|73237&4&104.17162807796427|73243&4&375.73812596780505|73245&4&2.8421709430404007E-14|73246&4&138.1639488700198|73248&4&228.86441527391884|73258&4&249.81624818488584|73261&4&173.09232920664365|73264&4&129.4085289487769|73268&4&193.69785626189505|73272&4&53.624948191679465|73281&4&1.3653745104611612|73282&4&269.6823622130833|73286&4&15.723669524453703|73292&4&2.4699969194930844|73302&4&10.527304388515308,2|73193&4&469.6064221877719|73195&4&0.7547860207315353|73196&4&15.836960802502961|73198&4&50.46061490595034|73199&4&523.2719870337379|73200&4&27.645008743570457|73204&4&189.47191677205353|73207&4&506.1319442228961|73216&4&151.66034948696029|73223&4&4.844444760535354|73225&4&176.90615139591523|73227&4&332.2110165810539|73238&4&212.80154020112155|73241&4&164.8073214857055|73244&4&148.00213517306793|73250&4&162.31304114795077|73252&4&223.6606398752397|73256&4&89.5109146925462|73258&4&211.62004324887835|73262&4&-4.6629367034256575E-15|73276&4&674.4473682245098|73283&4&17.75728110243587|73285&4&176.73000890030187|73287&4&134.840284076823|73304&4&34.962285467120005|73306&4&6.516613092230368,2|73191&4&251.29203188540433|73192&4&92.4750599994519|73196&4&149.76076337918818|73198&4&58.10579301516067|73201&4&289.39783212410407|73210&4&218.76462502795647|73212&4&0.6751045062073767|73214&4&16.434119528106176|73228&4&65.76873359856111|73235&4&235.43540004718193|73240&4&88.42102365902221|73241&4&135.9491167407409|73245&4&174.79472475484627|73246&4&38.281862269680076|73253&4&23.084780847255338|73262&4&72.92488442076609|73264&4&213.498733456602|73265&4&182.7869756230796|73271&4&317.9278175183097|73272&4&47.16274980673791|73274&4&85.20650708467315|73283&4&393.31128349833415|73299&4&0.0693887617047951,2|73194&4&48.15235782333388|73205&4&307.6818420368667|73208&4&385.1533965988935|73209&4&49.65575228035425|73210&4&10.67105511662109|73211&4&205.00497472803275|73213&4&181.97626494540657|73214&4&18.929442078703715|73217&4&641.4913472453972|73219&4&67.97557527232726|73223&4&10.732916179876879|73224&4&385.7797207192549|73230&4&0.9681085378487011|73233&4&4.618806979609312|73235&4&290.0216336006149|73236&4&383.81750121648594|73238&4&235.0390827983981|73239&4&302.2290215316983|73245&4&63.712886439348296|73251&4&372.5962872908894|73252&4&109.63982035002064|73255&4&349.05372638875934|73256&4&75.20007635950935|73260&4&57.40395377833654|73263&4&137.7009482449544|73267&4&142.87989123232938|73274&4&99.4514534088935|73282&4&152.68699408021325|73285&4&317.3963777730432|73288&4&380.2565958979935|73291&4&4.8956822803816955|73292&4&6.978256150734911|73294&4&28.17797003588418|73296&4&22.773014146079014|73298&4&5.529771645410274|73300&4&8.426441632263767|73301&4&11.313047143645768|73304&4&10.84398224212871|73305&4&7.20425787628152,2|73190&4&97.62270192486669|73194&4&528.8975657745858|73195&4&38.58210244037633|73200&4&84.33503091712167|73202&4&536.8689904215441|73203&4&230.56421171048152|73205&4&125.77415458045289|73206&4&162.63105133773746|73213&4&61.583938409568425|73219&4&183.30548562229677|73221&4&203.7068543714673|73222&4&511.0175775217866|73223&4&30.92436182290282|73232&4&298.5515059433696|73236&4&7.549516567451064E-15|73237&4&177.31115481757413|73240&4&61.4411689205906|73242&4&409.183987820481|73250&4&425.2482255817687|73256&4&346.85635678995556|73259&4&99.94283928582192|73266&4&90.86642801219239|73270&4&16.365740837901004|73275&4&101.00957144175125|73279&4&106.34100651860591|73286&4&589.4787658638841|73288&4&37.85096121684526|73290&4&2.1668731275413977|73293&4&9.29058034784571|73295&4&4.2661719741403505,2|73190&4&115.26268002803369|73197&4&338.2989621557434|73204&4&128.1365336119752|73215&4&29.808423501647344|73221&4&97.09261923701347|73223&4&313.69126279081144|73228&4&268.47787518623653|73229&4&357.9491013996179|73233&4&463.15964053732836|73235&4&1.865174681370263E-14|73247&4&484.7339175281312|73249&4&553.7861839495043|73259&4&94.26472946922311|73269&4&305.4168522389355|73274&4&2.6687494425559275|73280&4&334.56509884266757|73287&4&37.77333511345612|73293&4&1.4225052989532707|73301&4&68.92312473199343,2|73189&4&365.78753524540616|73208&4&143.45740893685766|73210&4&96.9870009821686|73216&4&21.572075815238463|73229&4&8.454298817301044|73232&4&4.814608849095025|73233&4&56.87323211773664|73240&4&278.7419615638888|73251&4&88.07237129743802|73257&4&486.3851891896296|73262&4&48.144138564339904|73268&4&240.39756576198295|73271&4&282.71868851726765|73277&4&495.7242680583347|73278&4&9.888052040540243|73284&4&428.21446107762665|73303&4&38.637381350631614
39|4,130,1,1,1,1,1,1,1,1,1,1,1,1,1,1,1,1,1,1,1,1,1,1,1,1,1,1,1,1,1,1,1,1,1,1,1,1,1,1,1,1,1,1,1,1,1,1,1,1,1,1,1,1,1,1,1,1,1,1,1,1,1,1,1,1,1,1,1,1,1,1,1,1,1,1,1,1,1,1,1,1,1,1,1,1,1,1,1,1,1,1,1,1,1,1,1,1,1,1,1,1,0,0,0,0,0,0,0,0,0,0,0,0,0,0,0,0,0,0,0,0,2|73192&4&183.1250589739342|73197&4&49.81127386169362|73205&4&5.773159728050814E-15|73209&4&173.2616085287048|73219&4&53.97207442552715|73220&4&120.6522762384577|73230&4&126.70405665730908|73234&4&267.9467603883734|73237&4&122.14584882544041|73248&4&33.562403948785544|73254&4&513.814294289303|73255&4&51.89369224436455|73259&4&188.32346204136016|73262&4&165.68491068522312|73272&4&124.83169756240545|73273&4&37.00056317069634|73280&4&60.07560504218917|73281&4&55.69516054250065|73283&4&33.47768207161946|73299&4&8.117105518515084|73302&4&7.852318370432727,2|73191&4&122.42344396948305|73198&4&228.80020546380837|73207&4&133.59911509962166|73212&4&342.2969264351698|73216&4&252.31062004987234|73218&4&428.3142426825312|73225&4&338.5803182292365|73226&4&464.92007416483335|73227&4&193.76191111255656|73229&4&52.43313988974654|73239&4&58.79111466966723|73240&4&3.6084021949372644|73244&4&293.8503858493515|73253&4&215.92584330608906|73256&4&27.445806206992913|73258&4&40.66222473134543|73260&4&1.167029487486706|73261&4&20.776235266331575|73270&4&248.08722991232543|73272&4&0.9089748797725374|73273&4&464.54539839701243|73274&4&24.87119992960648|73275&4&320.44548878268205|73280&4&-6.217248937900877E-15|73289&4&16.392632522202476|73293&4&48.507626392101116|73297&4&6.45097453879835|73303&4&7.306800026325865,2|73191&4&24.540182347390065|73196&4&141.90148264521306|73204&4&32.020965045846|73206&4&204.29075483372253|73209&4&364.5175091170932|73210&4&19.363367607790988|73213&4&0.14914026935067404|73215&4&445.1068990077562|73218&4&1.944073994319216|73220&4&30.154760677307117|73229&4&24.784350775934282|73230&4&436.81579084555597|73234&4&18.68952058544202|73246&4&336.231177230292|73252&4&40.64862237124253|73258&4&55.61521177666128|73260&4&370.8016046528679|73263&4&274.2552726927344|73264&4&216.56086560801378|73265&4&249.8044688515031|73266&4&288.4348954905485|73268&4&148.80668301921136|73269&4&90.77062318527878|73270&4&129.01135413766153|73273&4&1.8021122648814591|73278&4&592.7964680305051|73281&4&171.13561147051018|73287&4&183.65389618710452,2|73190&4&166.9588948224657|73195&4&330.43842114324934|73200&4&306.20875118923095|73203&4&46.520916391563574|73211&4&334.7930989731508|73214&4&182.15982519932598|73217&4&10.05466523812989|73220&4&255.19171547266473|73224&4&208.05883125522428|73228&4&49.10090702503262|73231&4&500.8710841029795|73237&4&86.5803666240758|73243&4&375.2311958129382|73246&4&202.864626266699|73248&4&213.47931571755512|73258&4&228.03379789330415|73261&4&154.84058847042485|73264&4&197.4735929430254|73268&4&254.03782890371497|73272&4&112.89286673963886|73281&4&-5.773159728050814E-15|73282&4&318.4765867953841|73286&4&7.861770089348843|73292&4&1.1807711228465378|73302&4&7.58895922700965,2|73193&4&423.87342156095815|73195&4&3.3306690738754696E-15|73196&4&11.638016502563262|73198&4&47.70284165654883|73199&4&548.3671341458247|73200&4&22.27541223233997|73204&4&249.10417213296844|73207&4&458.852582926436|73216&4&159.28149589971886|73223&4&2.51779678584942|73225&4&152.06441308151818|73227&4&392.69681423313506|73238&4&263.8039787433064|73241&4&140.04698480419717|73244&4&139.99570852680284|73250&4&227.47792553108587|73252&4&260.85748433232453|73256&4&68.34035694236476|73258&4&274.3998824842548|73276&4&685.4205824606468|73283&4&12.14219805630421|73285&4&233.7597435954887|73287&4&114.16718538346268|73304&4&44.05228864732382|73306&4&4.442162728587698,2|73191&4&303.0440811306238|73192&4&120.92451627902955|73196&4&186.10548837592262|73198&4&105.64559224398762|73201&4&277.20582876075713|73210&4&207.80557785005703|73212&4&5.551115123125783E-15|73214&4&39.262874158075135|73228&4&47.375538580289046|73235&4&291.3888748227135|73240&4&72.44628859634001|73241&4&187.61306521086297|73245&4&217.220559376263|73246&4&25.97044248334498|73253&4&57.995572120833984|73262&4&103.26143366730348|73264&4&185.2503728342806|73265&4&236.9609433060947|73271&4&395.3724905626071|73272&4&31.135664526977074|73274&4&80.27773532625778|73283&4&430.26175426299625|73299&4&2.220446049250313E-16,2|73194&4&31.84434620678311|73205&4&357.6537504717283|73208&4&419.74552877579686|73209&4&34.90872144673158|73210&4&9.781800523569332|73211&4&179.98731748179577|73213&4&165.4329681321878|73214&4&12.245883129540553|73217&4&656.1867375922126|73219&4&62.129176099477384|73223&4&8.944096816564063|73224&4&345.6100497842501|73230&4&6.8833827526759706E-15|73233&4&1.1411970259194353|73235&4&261.60610577083025|73236&4&412.2718167063026|73238&4&213.60440277146813|73239&4&340.91249225607874|73245&4&50.2978594582735|73251&4&390.19176240586376|73252&4&101.64097021343841|73255&4&379.6952936034922|73256&4&69.19769075317032|73260&4&46.032228112255225|73263&4&115.04387634875789|73267&4&131.52969583856614|73274&4&83.20549846020378|73282&4&129.93625925292028|73285&4&290.7813249411085|73288&4&406.43300670573194|73291&4&3.6809671465610965|73292&4&11.070085543962929|73294&4&32.52987509844367|73296&4&27.532643914610734|73298&4&3.958825093547908|73300&4&6.176048201801249|73301&4&8.158840610957858|73304&4&7.820166793133534|73305&4&5.291181793095983,2|73190&4&82.70896711760687|73194&4&559.1419606271411|73195&4&28.95042098319989|73200&4&140.2274321396765|73202&4&571.374800152948|73203&4&216.99465322906613|73205&4&109.18988632260408|73206&4&175.90071523431985|73213&4&55.83176693048081|73219&4&235.27221503783755|73221&4&186.5923322572405|73222&4&524.8305773507926|73223&4&27.08241610219455|73232&4&302.39045626639063|73237&4&167.1917997327226|73240&4&122.71844436575117|73242&4&428.0136581251611|73250&4&383.231108837903|73256&4&387.74859580162496|73259&4&147.06421268033728|73266&4&80.7701582330599|73270&4&8.556663198218338|73275&4&86.8482851848654|73279&4&83.63637957732057|73286&4&603.1489755871257|73288&4&25.44655999478651|73290&4&1.7732577782713121|73293&4&7.236236148547507|73295&4&3.310249327675587,2|73190&4&107.47138272184586|73197&4&315.98278503214743|73204&4&105.5109279490308|73215&4&17.92972648180087|73221&4&124.72991073402031|73223&4&340.9912695928836|73228&4&321.49616956396915|73229&4&335.2626116733898|73233&4&500.2494535834333|73234&4&1.4310517119472512|73244&4&21.50839177624905|73247&4&441.84542062892496|73249&4&516.7845839094023|73259&4&87.22142623627445|73269&4&268.42300980618313|73274&4&2.4634610238977794|73280&4&312.9040856370374|73287&4&35.075239748209256|73293&4&0.4761802641509108|73301&4&75.89270002883147,2|73189&4&349.8974859446976|73208&4&118.37365908815899|73210&4&75.1719247179148|73216&4&14.269174237610459|73229&4&2.9080343574906937|73232&4&2.3516986578865957|73233&4&48.52590099914727|73240&4&262.2678145120328|73251&4&71.46783528170882|73257&4&511.87874315657115|73262&4&36.17158161766267|73268&4&207.7270404803503|73271&4&249.09485005361313|73277&4&522.636919242434|73278&4&3.2740849089993445|73284&4&448.58349003648516|73303&4&45.47274068806103
40|4,130,1,1,1,1,1,1,1,1,1,1,1,1,1,1,1,1,1,1,1,1,1,1,1,1,1,1,1,1,1,1,1,1,1,1,1,1,1,1,1,1,1,1,1,1,1,1,1,1,1,1,1,1,1,1,1,1,1,1,1,1,1,1,1,1,1,1,1,1,1,1,1,1,1,1,1,1,1,1,1,1,1,1,1,1,1,1,1,1,1,1,1,1,1,1,1,1,1,1,1,1,0,0,0,0,0,0,0,0,0,0,0,0,0,0,0,0,0,0,0,0,2|73192&4&164.11325630549246|73193&4&20.932040699439124|73197&4&40.838314783882|73209&4&154.5237534850193|73219&4&38.760597796437935|73220&4&104.06501698132945|73228&4&66.81583393387268|73230&4&112.50466058902416|73234&4&241.83117349405805|73237&4&180.06921251044412|73248&4&96.18604886662547|73254&4&521.8113550176987|73255&4&44.46308508719229|73259&4&163.98984695907458|73262&4&151.13336526237313|73272&4&109.82650004819003|73273&4&27.545824410435877|73280&4&48.749713909893764|73281&4&44.896404042104294|73283&4&28.687006236813108|73299&4&16.715334755811867|73302&4&15.25651364389575|73304&4&10.524238216344669,2|73191&4&99.93535238444836|73198&4&200.02404472193564|73207&4&197.46319031724101|73212&4&322.5346415846788|73216&4&223.94408323318208|73218&4&385.02336839851836|73225&4&318.06252205623656|73226&4&478.2355084751614|73227&4&164.81735735421745|73229&4&100.0561012458931|73239&4&48.79242086522602|73240&4&3.2475619754435376|73244&4&264.20264599194286|73253&4&186.62058916492768|73256&4&24.701225586293624|73258&4&27.4002755509032|73260&4&1.0003109892743192|73261&4&19.37025191289822|73264&4&65.62709734150229|73270&4&266.29127375097437|73272&4&0.8390537351746499|73273&4&498.9242156861882|73274&4&23.56218940699561|73275&4&366.135726502283|73289&4&21.155815278569385|73293&4&55.05722472679322|73297&4&4.298324249245104|73303&4&4.907608319307174,2|73191&4&22.787312179719343|73196&4&125.77846467452697|73204&4&29.3525512920255|73206&4&189.78992734194304|73209&4&408.43686676977546|73210&4&17.793386793893507|73213&4&-1.4432899320127035E-15|73215&4&477.8351406398546|73218&4&1.021405182655144E-14|73220&4&19.51912750729339|73229&4&22.10378307044776|73230&4&467.95480629224073|73234&4&9.156526573165223|73246&4&311.3537411900745|73252&4&38.108083473039876|73258&4&52.13926104061996|73260&4&360.97177859469923|73263&4&296.645562257052|73264&4&201.54918330080358|73265&4&217.23665390155415|73266&4&323.6563339726315|73268&4&138.3555113911953|73269&4&125.34316531117696|73270&4&111.1846659017822|73273&4&-5.773159728050814E-15|73278&4&612.1042535238389|73281&4&156.4135863373388|73287&4&173.019636295034,2|73190&4&225.8038983008861|73195&4&355.4555035223946|73200&4&276.63492259627225|73203&4&34.127186810869205|73211&4&381.06355760151837|73214&4&167.33481487412462|73217&4&3.2326363206564697|73220&4&323.01644177871174|73224&4&197.11708774954806|73228&4&42.86721520163697|73231&4&526.0421041984923|73237&4&70.25280056644309|73243&4&341.2035332269887|73246&4&192.20396403914583|73248&4&198.0942161611914|73258&4&206.2513476017225|73261&4&136.6812400073302|73264&4&187.06669381808968|73268&4&315.4360869664696|73272&4&171.3634452219273|73282&4&370.23329065253444|73286&4&2.7064666787553113|73292&4&0.3624966150684522|73302&4&5.1029723828586055,2|73193&4&379.70143056123203|73196&4&7.703187733430747|73198&4&44.9450684071473|73199&4&571.5874372420091|73200&4&16.905815721109484|73204&4&235.37090912808247|73207&4&413.00408292310993|73216&4&184.0637137035499|73223&4&0.7343681955840643|73225&4&128.24303083700528|73227&4&448.3689393303781|73238&4&323.44563947349644|73241&4&118.59815341438207|73244&4&131.98928188053773|73250&4&283.04999153071265|73252&4&234.73790729525138|73256&4&50.64233576691332|73258&4&333.0505324633063|73276&4&694.0543200149287|73283&4&7.438420965167809|73285&4&233.5517239983168|73287&4&95.5273398511248|73304&4&41.61554475771091|73306&4&2.7309286704011893,2|73191&4&360.1974918055674|73192&4&147.71538183997427|73196&4&227.04893285920753|73198&4&174.04372726585342|73201&4&247.36655679626543|73210&4&196.8465306721576|73214&4&69.27793081429999|73228&4&31.707581117323382|73235&4&330.7866031881499|73240&4&56.89697277158088|73241&4&183.97520108362153|73245&4&261.02006179640426|73246&4&16.895641049023773|73253&4&109.55188477113464|73261&4&3.432362204020702|73262&4&134.22912652890253|73264&4&157.57070614380532|73265&4&298.7960183942295|73271&4&468.4415109373197|73272&4&18.397776129806644|73274&4&80.28016368662395|73283&4&423.49243628254663,2|73194&4&18.9434171273823|73205&4&388.3964245713563|73208&4&435.93848122706277|73209&4&21.78411009549527|73210&4&8.892545930517574|73211&4&156.6730096572155|73213&4&148.88967131896902|73214&4&6.599407528758572|73217&4&658.615575116783|73219&4&56.282776926627506|73223&4&7.155277453251246|73224&4&375.5933110102384|73233&4&-7.549516567451064E-15|73235&4&233.19057794104555|73236&4&440.6196584594028|73238&4&192.16972274453815|73239&4&345.27075564138397|73245&4&39.86394963673389|73251&4&419.18769982634404|73252&4&93.64212007685617|73255&4&413.84503680996755|73256&4&63.195305146831295|73260&4&34.660502446173915|73263&4&94.06595257356771|73267&4&135.37621658731015|73274&4&70.03018617505673|73282&4&108.50143360307|73285&4&264.1662721091738|73288&4&377.5286672108694|73291&4&2.4662520127404983|73292&4&16.864563118073626|73294&4&38.847490064322365|73296&4&32.911075439487746|73298&4&2.6284963695810104|73300&4&4.2575990493355365|73301&4&5.491202910091149|73304&4&5.262620819780872|73305&4&3.664707178994946,2|73190&4&68.12530371041687|73194&4&592.8687395595999|73195&4&19.318739526023453|73200&4&201.26497173256834|73202&4&599.734068956236|73203&4&203.42509474765077|73204&4&69.5985932344685|73205&4&92.60561806475528|73206&4&199.4059651468552|73213&4&50.0795954513932|73219&4&279.4577134201534|73221&4&169.47781014301364|73222&4&516.1872625079477|73223&4&23.240470381486283|73232&4&293.64051930281374|73237&4&157.07244464787104|73240&4&179.90575913394446|73242&4&440.1541088181399|73250&4&342.28159219522684|73256&4&430.147718753028|73259&4&194.62562119654177|73266&4&70.67388845392742|73270&4&2.8576608603067295|73275&4&72.68699892797957|73279&4&60.931752636035235|73281&4&6.010986298985358|73286&4&618.2619704664587|73288&4&13.042158772727767|73290&4&1.3796424290012268|73293&4&5.181891949249303|73295&4&2.3543266812108232,2|73190&4&99.68008541565803|73197&4&293.66660790855155|73204&4&85.82956431109301|73215&4&8.992551203495724|73221&4&174.52935486382134|73223&4&346.1751825094785|73228&4&303.0718844716219|73229&4&312.5761219471617|73233&4&513.3400237117089|73234&4&15.376756706456577|73244&4&54.370733998401825|73247&4&401.8830593878537|73249&4&543.0116247037022|73259&4&80.17812300332577|73269&4&234.4764128087913|73274&4&2.2581726052396314|73280&4&291.2430724314071|73287&4&32.37714438296239|73293&4&3.3306690738754696E-16|73301&4&81.7267986801489,2|73189&4&350.9943934897577|73208&4&95.1203049629396|73210&4&55.964811646776525|73216&4&7.3480604838906896|73229&4&0.24311082678865137|73232&4&0.9123844557607268|73233&4&40.17856988055789|73240&4&245.79366746017692|73251&4&55.85682041395671|73257&4&529.5348191147016|73262&4&24.199024670985427|73268&4&176.56784123988822|73271&4&218.6379609469276|73277&4&475.5854444871949|73278&4&2.398081733190338E-14|73284&4&476.5903323527226|73303&4&51.59651881791356
41|4,130,1,1,1,1,1,1,1,1,1,1,1,1,1,1,1,1,1,1,1,1,1,1,1,1,1,1,1,1,1,1,1,1,1,1,1,1,1,1,1,1,1,1,1,1,1,1,1,1,1,1,1,1,1,1,1,1,1,1,1,1,1,1,1,1,1,1,1,1,1,1,1,1,1,1,1,1,1,1,1,1,1,1,1,1,1,1,1,1,1,1,1,1,1,1,1,1,1,1,1,1,0,0,0,0,0,0,0,0,0,0,0,0,0,0,0,0,0,0,0,0,2|73192&4&145.1014536370507|73193&4&49.33563961410011|73197&4&31.86535570607041|73209&4&135.78589844133376|73219&4&25.796448141259958|73220&4&87.47775772420118|73228&4&138.36619230798036|73230&4&98.30526452073924|73234&4&215.71558659974272|73237&4&227.88989682901033|73248&4&139.25546099159396|73254&4&531.2044162479573|73255&4&37.03247793002003|73259&4&139.65623187678904|73262&4&136.58181983952318|73272&4&94.82130253397462|73273&4&18.091085650175422|73280&4&37.42382277759836|73281&4&34.097647541707936|73283&4&23.896330402006754|73299&4&23.992821744385406|73302&4&22.679624809225018|73304&4&20.67321913593291,2|73191&4&79.69588177823178|73198&4&171.2478839800629|73207&4&256.5498686034646|73212&4&320.68520114705063|73216&4&195.57754641649183|73218&4&341.73249411450547|73221&4&65.09594906027849|73222&4&48.51602436300712|73225&4&297.5447258832365|73226&4&498.0511338033223|73227&4&138.50412057397432|73229&4&144.5957501267603|73239&4&89.8778872282324|73240&4&2.886721755949811|73244&4&236.5971644661263|73253&4&160.54941063989378|73256&4&21.956644965594336|73258&4&16.518949907055887|73260&4&0.8335924910619325|73261&4&17.964268559464863|73264&4&139.4386300871308|73270&4&288.4864852844913|73272&4&0.7691325905767623|73273&4&534.7910677777395|73274&4&22.25317888438474|73275&4&342.50810225811597|73289&4&26.271758424860167|73293&4&60.2139905939967|73297&4&2.5878027016967162|73303&4&2.9658961472892207,2|73191&4&21.034442012048622|73196&4&109.65544670384085|73204&4&26.684137538205|73206&4&175.28909985016355|73209&4&449.0030050388632|73210&4&16.22340597999603|73215&4&508.7166567483193|73220&4&12.11077037017385|73229&4&19.423215364961244|73230&4&495.04189320654257|73234&4&3.0548510727477987|73246&4&286.47630514985696|73252&4&43.785643693850645|73258&4&48.66331030457863|73260&4&383.29483543351347|73263&4&317.47303598227484|73264&4&186.5375009935934|73265&4&185.65451465527093|73266&4&356.75163350718736|73268&4&127.90433976317927|73269&4&173.62287747169867|73270&4&93.35797766590287|73278&4&635.2241459305587|73281&4&141.69156120416739|73287&4&162.38537640296346,2|73190&4&281.4842307654876|73195&4&331.25914236413786|73200&4&247.06109400331354|73203&4&24.844708860990835|73211&4&413.39034428419905|73214&4&152.50980454892323|73217&4&-2.398081733190338E-14|73220&4&384.2145758883789|73224&4&186.17534424387185|73228&4&36.63352337824132|73231&4&545.7980029746053|73237&4&55.93681247944769|73243&4&308.7400073468141|73246&4&181.54330181159264|73248&4&182.7091166048277|73258&4&184.46889731014085|73261&4&119.11638005486623|73264&4&176.65979469315397|73268&4&370.8852095670564|73272&4&243.2117966091958|73282&4&407.4433717101858|73286&4&-2.4868995751603507E-14|73292&4&0.0|73302&4&3.085301378953019,2|73193&4&337.68537940326365|73196&4&4.505712586058685|73198&4&42.18729515774578|73199&4&601.677327541352|73200&4&11.536219209878995|73204&4&221.6376461231965|73207&4&368.8716086499444|73216&4&204.87452198057858|73223&4&3.3306690738754696E-15|73225&4&106.08878948383034|73227&4&503.50833144868926|73238&4&385.21004056794203|73241&4&100.23145061333034|73244&4&123.98285523427263|73250&4&291.9618781562029|73252&4&209.92470908212968|73256&4&36.091777767575955|73258&4&393.1971127288484|73276&4&697.6124895430262|73283&4&4.193494967078161|73285&4&286.04576757737755|73287&4&79.09877648698922|73304&4&39.178800868097994|73306&4&1.380427748354539,2|73191&4&413.9905440542191|73192&4&173.30805442069777|73196&4&257.53030307931675|73198&4&246.89344667458744|73201&4&245.88953979140447|73210&4&185.8874834942582|73214&4&106.85500673455164|73228&4&19.18694706935765|73235&4&386.6327550816255|73240&4&42.652935727211265|73241&4&201.60588938132827|73245&4&303.7470906753258|73246&4&11.083306648098263|73253&4&164.88259007450011|73261&4&231.14986975520821|73262&4&158.58689453641983|73264&4&130.99983653684623|73265&4&357.99660812843933|73271&4&529.4346697480225|73272&4&8.785553654841085|73274&4&104.72693182539473|73283&4&455.72682666843247,2|73194&4&9.46070811690606|73205&4&437.12204742851605|73208&4&451.4651334892616|73209&4&11.64679510600341|73210&4&8.003291337465816|73211&4&135.23390152062345|73213&4&142.3936638996796|73214&4&2.2933980148357107|73217&4&658.2064511165212|73219&4&50.436377753777634|73223&4&5.36645808993843|73224&4&408.9298973936127|73235&4&204.89840432227493|73236&4&466.0014904199271|73238&4&170.73504271760817|73239&4&322.03382811386905|73245&4&32.48117901929359|73251&4&447.32142913844694|73252&4&85.64326994027394|73255&4&447.37932097885954|73256&4&57.19291954049227|73260&4&23.2887767800926|73263&4&74.95241332794812|73267&4&173.21402306245048|73274&4&56.85487388990964|73279&4&134.5261345132508|73282&4&88.70247965807584|73285&4&237.55121927723917|73288&4&348.6243277160069|73291&4&1.4621854901135263|73292&4&22.45275554749441|73294&4&45.2102904941941|73296&4&39.511809708684055|73298&4&1.5703368139710425|73300&4&2.6689362109347146|73301&4&3.325793672300817|73304&4&3.184918324005152|73305&4&2.3206799219007457,2|73190&4&54.21256489476372|73194&4&619.3872798579762|73195&4&9.687058068847016|73200&4&261.463697086198|73202&4&636.9891984738811|73203&4&189.85553626623536|73204&4&140.6534779179161|73205&4&76.02134980690647|73206&4&224.94574049025732|73213&4&44.327423972305596|73218&4&11.436058202174792|73219&4&334.0397217035475|73221&4&152.3632880287868|73222&4&473.3792350057297|73223&4&19.398524660778012|73225&4&6.589102446403772|73232&4&266.27916809351984|73237&4&146.9530895630195|73240&4&230.2621798981398|73242&4&421.0950330328332|73250&4&302.68396861110045|73256&4&480.06930560411996|73259&4&225.00851578844686|73266&4&60.577618674794934|73270&4&-9.769962616701378E-15|73275&4&58.52571267109375|73279&4&48.85292293518512|73281&4&30.828840872368342|73286&4&622.1169580948608|73288&4&1.3655423565072176|73290&4&0.9860270797311415|73293&4&3.1275477499511006|73295&4&1.4094776794067372|73305&4&0.6695087133302877,2|73190&4&91.8887881094702|73197&4&271.3504307849557|73204&4&68.59481145850047|73215&4&3.1258248788011356|73221&4&156.89588002636225|73223&4&368.99714020221467|73228&4&284.6475993792746|73229&4&289.8896322209336|73233&4&541.306792686456|73234&4&49.874242952796955|73244&4&100.07538773997999|73247&4&365.3979551100486|73249&4&556.9220889825244|73259&4&73.1348197703771|73269&4&203.30110143692133|73274&4&2.0528841865814833|73280&4&281.4894189193697|73287&4&29.679049017715528|73301&4&86.78741584682354,2|73189&4&356.40907169291387|73208&4&74.86776200389933|73210&4&39.68991849273489|73216&4&2.4961351936877976|73229&4&-1.7208456881689926E-15|73232&4&-6.8833827526759706E-15|73233&4&31.831238761968507|73240&4&229.31952040832095|73246&4&14.614101912330398|73251&4&41.20215999236134|73257&4&542.9674689020746|73262&4&12.226467724308186|73268&4&147.20236972153447|73271&4&191.240868910691|73277&4&431.0362778595428|73284&4&436.1718016050142|73303&4&56.68837833354147
42|4,130,1,1,1,1,1,1,1,1,1,1,1,1,1,1,1,1,1,1,1,1,1,1,1,1,1,1,1,1,1,1,1,1,1,1,1,1,1,1,1,1,1,1,1,1,1,1,1,1,1,1,1,1,1,1,1,1,1,1,1,1,1,1,1,1,1,1,1,1,1,1,1,1,1,1,1,1,1,1,1,1,1,1,1,1,1,1,1,1,1,1,1,1,1,1,1,1,1,1,1,1,0,0,0,0,0,0,0,0,0,0,0,0,0,0,0,0,0,0,0,0,2|73192&4&126.08965096860894|73193&4&86.49354991159359|73197&4&23.421627650933864|73209&4&117.0480433976482|73210&4&7.238428421603862|73211&4&74.10591912649598|73219&4&15.471894851773296|73220&4&70.89049846707293|73228&4&200.28333337288493|73230&4&84.10586845245433|73234&4&189.5999997054274|73237&4&279.06830866070646|73248&4&192.05899130094008|73254&4&542.6712288806027|73255&4&29.601870772847768|73259&4&115.32261679450345|73262&4&122.03027441667321|73272&4&79.81610501975919|73273&4&10.747880119071548|73280&4&26.097931645302953|73281&4&23.29889104131158|73283&4&19.105654567200403|73299&4&29.447636496795127|73302&4&29.610368669727357|73304&4&30.478473018494476|73306&4&0.401554393604556,2|73191&4&61.652849308499654|73198&4&146.01644447108987|73207&4&314.23219359644486|73212&4&323.45182644774013|73215&4&46.90875291977022|73216&4&167.21100959980157|73218&4&300.98861895176407|73221&4&66.57338790459643|73222&4&98.91636764634961|73225&4&308.8346659478836|73226&4&516.9179809368839|73227&4&114.86022099437145|73229&4&193.60527578333503|73232&4&16.768673039790645|73239&4&128.2639413890476|73240&4&2.525881536456084|73244&4&211.38894002904402|73250&4&34.02726892308283|73253&4&137.1704586873689|73256&4&19.212064344895047|73258&4&8.403592134230248|73260&4&0.6668739928495457|73261&4&16.558285206031506|73264&4&205.78799508444362|73270&4&310.8679356972407|73272&4&0.6992114459788747|73273&4&565.7771396716171|73274&4&20.944168361773873|73275&4&333.99454995695555|73285&4&60.90339872364308|73289&4&31.967377726466598|73293&4&64.80073240268543|73297&4&1.3475616269741053|73303&4&1.4922305925339887,2|73191&4&19.2815718443779|73196&4&93.53242873315475|73204&4&24.0157237843845|73206&4&160.78827235838406|73209&4&449.1061437342974|73210&4&14.65342516609855|73215&4&473.70751314442896|73220&4&7.868910043918086|73229&4&16.742647659474724|73230&4&531.5432373405074|73234&4&6.217248937900877E-15|73246&4&261.59886910963945|73252&4&61.28766349055054|73258&4&45.1873595685373|73260&4&408.3722128904191|73263&4&350.9869944155362|73264&4&171.52581868638322|73265&4&155.53178944235145|73266&4&379.8119658291738|73268&4&117.45316813516322|73269&4&228.52897050118554|73270&4&75.53128943002352|73278&4&647.8692875367566|73281&4&126.96953607099597|73287&4&151.75111651089296,2|73190&4&265.7384770557027|73195&4&310.20982244565766|73200&4&217.48726541035484|73203&4&18.13635632508767|73211&4&386.47416770182156|73214&4&137.68479422372184|73220&4&450.49697547793807|73224&4&175.23360073819563|73228&4&30.39983155484567|73231&4&567.3992712793921|73237&4&43.879810269053266|73243&4&279.5882633851555|73246&4&170.88263958403945|73248&4&167.324017048464|73258&4&162.68644701855925|73261&4&102.67632527776671|73264&4&166.2528955682182|73268&4&436.09608159194306|73272&4&312.7791863889839|73282&4&450.52756870918773|73302&4&1.5552623440933326,2|73193&4&298.02822653952745|73196&4&1.6746583926755974|73198&4&39.42952190834426|73199&4&626.2192184720088|73200&4&6.523271313684104|73204&4&207.90438311831053|73207&4&326.64851271370355|73216&4&225.65516577148898|73225&4&85.73232562647866|73227&4&545.262684167939|73238&4&443.4592826089087|73241&4&84.7456003555057|73244&4&115.97642858800754|73250&4&275.16298686257375|73252&4&186.9207530734843|73256&4&24.44246985164181|73258&4&370.74276522375834|73276&4&706.9306620036446|73283&4&2.6658640134649554|73285&4&269.1545400740726|73287&4&64.99491559280702|73304&4&36.74205697848508|73306&4&0.4595405605623364,2|73191&4&462.177480131604|73192&4&202.76567346604838|73196&4&278.6412622841052|73198&4&326.3762502522502|73201&4&259.89746950738794|73210&4&174.92843631635876|73214&4&150.22468546877002|73228&4&9.647675155671319|73235&4&433.5402525821747|73240&4&30.0592739947482|73241&4&232.83793265572731|73245&4&351.5601574515748|73246&4&8.120747009261287|73253&4&221.11332083714157|73261&4&234.09629779864744|73262&4&149.67727000092646|73264&4&105.89283306103792|73265&4&419.7492258728236|73271&4&581.2208422778899|73272&4&2.61174249848358|73274&4&98.07049506588403|73283&4&482.00733436111153,2|73194&4&3.057310468612724|73203&4&2.2801358582174753|73205&4&478.5997143430737|73208&4&466.53057124807606|73209&4&4.638559908277606|73210&4&7.114036744414059|73211&4&113.79479338403141|73213&4&148.3860670375402|73214&4&0.04783226919319092|73217&4&623.2174217653311|73219&4&44.589978580927756|73223&4&3.5776387266256133|73224&4&369.53902395120474|73235&4&177.8227602630588|73236&4&483.0954333646856|73238&4&149.30036269067818|73239&4&298.796900586354|73245&4&28.26126515780679|73251&4&478.14014437426664|73252&4&77.6444198036917|73255&4&483.07229445384917|73256&4&51.19053393415324|73260&4&11.917051114011288|73262&4&37.04399756118027|73263&4&57.89347439200155|73267&4&213.03472346055744|73274&4&43.99919731387945|73279&4&129.04445779804772|73282&4&70.79615241492105|73285&4&210.93616644530448|73288&4&319.7199882211443|73291&4&0.7219580647631989|73292&4&27.960623780172195|73294&4&51.34516226513098|73296&4&45.9718645949131|73298&4&0.7812449655329758|73300&4&3.2526387010052775|73301&4&1.6829971421661145|73304&4&1.5975757692606491|73305&4&1.262020383814996,2|73190&4&41.4510786101516|73194&4&652.1508586241889|73195&4&0.05537661167057534|73200&4&326.74570252750976|73202&4&677.9817211477282|73203&4&176.28597778482003|73204&4&205.88314923904545|73205&4&59.91340469437984|73206&4&260.4885296127117|73213&4&38.57525249321799|73218&4&10.864255292066051|73219&4&388.28816223212897|73221&4&135.24876591455995|73222&4&432.6819207925004|73223&4&15.556578940069741|73225&4&6.259647324083583|73232&4&238.91781688422603|73237&4&136.83373447816794|73240&4&250.06471071903775|73242&4&380.47521661039974|73250&4&265.0445938616777|73256&4&524.2569937633988|73259&4&265.1615548437884|73266&4&50.48134889566245|73275&4&44.36442641420793|73279&4&38.30114065587611|73281&4&62.04836709437275|73286&4&631.2612314042174|73288&4&13.381810408684261|73290&4&0.5924117304610561|73293&4&1.5691344918166696|73295&4&0.7018100830109433|73305&4&7.354979939698285,2|73190&4&84.09749080328237|73197&4&249.0342536613597|73204&4&54.10980674913251|73215&4&0.04591663371769059|73221&4&142.2217347815417|73223&4&388.9167232941756|73228&4&266.2233142869274|73229&4&267.2031424947055|73233&4&569.0702511136951|73234&4&117.05889233271833|73244&4&145.16954958757623|73247&4&328.9128508322435|73249&4&579.616566283543|73259&4&66.09151653742845|73269&4&175.14021911394772|73274&4&1.847595767923335|73280&4&277.08756643829963|73287&4&26.980953652468664|73301&4&91.1075787934459,2|73189&4&368.30759023313203|73208&4&57.83668600134664|73210&4&26.019220687927916|73216&4&-1.687538997430238E-14|73233&4&23.483907643379126|73240&4&212.84537335646502|73246&4&53.1879931470136|73251&4&28.283831252436908|73257&4&562.3758863662491|73258&4&73.08416814028675|73262&4&0.25391077763094605|73268&4&119.89018482513694|73271&4&167.18220763434243|73277&4&389.31600879682253|73284&4&425.16520157335316|73303&4&61.47740705092415
43|4,130,1,1,1,1,1,1,1,1,1,1,1,1,1,1,1,1,1,1,1,1,1,1,1,1,1,1,1,1,1,1,1,1,1,1,1,1,1,1,1,1,1,1,1,1,1,1,1,1,1,1,1,1,1,1,1,1,1,1,1,1,1,1,1,1,1,1,1,1,1,1,1,1,1,1,1,1,1,1,1,1,1,1,1,1,1,1,1,1,1,1,1,1,1,1,1,1,1,1,1,1,0,0,0,0,0,0,0,0,0,0,0,0,0,0,0,0,0,0,0,0,2|73192&4&107.07784830016718|73193&4&130.864985425146|73197&4&15.999719920710028|73209&4&98.31018835396267|73210&4&38.85187022346775|73211&4&145.89035003602572|73219&4&7.7544310103159075|73220&4&54.30323920994468|73228&4&265.9491834550419|73230&4&69.98413448064771|73234&4&163.48441281111207|73237&4&322.29072831075223|73248&4&254.1702155412032|73254&4&547.353781782134|73255&4&22.171263615675503|73259&4&91.25169798119975|73262&4&107.47872899382325|73272&4&64.81090750554377|73273&4&5.905029828402906|73280&4&14.772040513007552|73281&4&12.500134540915223|73283&4&14.31497873239405|73287&4&1.0846615278850635|73299&4&35.24740411778902|73302&4&36.27064538957413|73304&4&39.64780322636486|73306&4&6.792384878112432,2|73191&4&46.26720327049135|73198&4&122.21815822324983|73207&4&296.81164551164204|73212&4&333.1174467609747|73215&4&53.05338320061361|73216&4&138.84447278311129|73218&4&263.0655153202006|73221&4&96.16500084709831|73222&4&141.84900795372405|73225&4&327.07546458396826|73226&4&548.197283894355|73227&4&94.33279335881835|73229&4&233.22880727564035|73232&4&15.930239387801112|73239&4&170.22344427614132|73240&4&2.1650413169623572|73244&4&188.5982125374714|73250&4&80.32832635380966|73253&4&116.72835709762816|73256&4&16.46748372419576|73258&4&2.967005428456364|73260&4&0.500155494637159|73261&4&15.15230185259815|73264&4&268.87902745304643|73270&4&343.3465735241033|73272&4&0.6292903013809872|73273&4&579.5217505605003|73274&4&19.635157839163004|73275&4&333.68372107980855|73285&4&124.51727562965897|73289&4&40.27787334562922|73293&4&68.857647310029|73297&4&0.4963879154085643|73303&4&0.5035062702597272,2|73191&4&17.52870167670718|73196&4&77.40941076246862|73204&4&21.347310030564003|73206&4&146.28744486660455|73209&4&445.00852136807987|73210&4&13.08344435220107|73215&4&438.69836954053864|73220&4&7.082019039526299|73229&4&14.062079953988205|73230&4&576.6902955894934|73246&4&236.72143306942195|73252&4&87.27544815552254|73258&4&41.71140883249598|73260&4&423.9202635578806|73263&4&385.9374329004221|73264&4&156.514136379173|73265&4&127.35046840033274|73266&4&400.6415341275089|73268&4&107.00199650714718|73269&4&281.3610572911339|73270&4&60.487289987968595|73278&4&665.5151782192447|73281&4&112.24751093782456|73287&4&141.11685661882242,2|73190&4&255.80579378834574|73195&4&297.18575588744|73200&4&187.91343681739608|73203&4&12.698380339134191|73211&4&359.55799111944395|73214&4&122.85978389852048|73220&4&518.8657832832145|73224&4&164.29185723251942|73228&4&24.166139731450016|73231&4&594.2564154759178|73237&4&33.00131324203418|73243&4&253.73672176686264|73246&4&160.22197735648626|73248&4&151.93891749210027|73258&4&140.90399672697754|73261&4&87.79723164830861|73264&4&155.8459964432825|73268&4&472.06109776736605|73272&4&388.8935809866793|73277&4&3.7629676419044493|73282&4&490.7454320208038|73302&4&0.5251012797297349,2|73193&4&261.02915806712963|73196&4&-5.773159728050814E-15|73198&4&36.67174865894275|73199&4&648.1737617793796|73200&4&2.426971236516363|73204&4&194.1711201134246|73207&4&286.88778303767606|73216&4&258.13333170178595|73225&4&67.53865082709581|73227&4&511.321426675897|73238&4&504.23504379047114|73241&4&71.3359416543533|73244&4&107.97000194174244|73250&4&258.36409556894455|73252&4&166.08236304575965|73256&4&15.597202812345124|73258&4&348.28841771866826|73276&4&709.2493862694054|73283&4&1.1382330598517414|73285&4&252.68259058897905|73287&4&53.07095980572871|73304&4&34.30531308887217|73306&4&1.6653345369377348E-15,2|73191&4&434.0007091840241|73192&4&192.1751060879231|73196&4&306.0757247057944|73198&4&398.7803216039521|73201&4&232.42190808586116|73210&4&163.96938913845935|73214&4&196.4561055332363|73228&4&3.286691396336443|73235&4&477.94634920279765|73240&4&19.422893580016726|73241&4&273.17264065356403|73245&4&398.65960608627324|73246&4&5.1581873704243275|73253&4&216.37959969479147|73261&4&221.80459828354154|73262&4&140.76764546543308|73264&4&83.14482425177886|73265&4&467.4701968881908|73271&4&581.9422700507473|73272&4&0.0|73274&4&91.41405830637332|73283&4&507.1012751084336,2|73194&4&-2.042810365310288E-14|73203&4&36.89858963988225|73205&4&527.9220375730431|73208&4&494.1666728543138|73209&4&0.7587322712248398|73210&4&6.224782151362302|73211&4&93.04202286549699|73213&4&0.0|73214&4&-3.191891195797325E-16|73217&4&601.6132667227436|73219&4&38.74357940807788|73223&4&1.788819363312797|73224&4&343.1078302928123|73235&4&152.20563823481342|73236&4&501.43630240317884|73238&4&127.86568266374816|73239&4&275.55997305883915|73243&4&3.5144096126928335|73245&4&24.7549820992416|73251&4&510.34938713519927|73252&4&69.64556966710947|73255&4&530.4336175875837|73256&4&45.188148327814204|73260&4&0.545325447929976|73262&4&72.64896800834364|73263&4&42.93909065195059|73267&4&259.66908236915424|73274&4&250.66059826017624|73279&4&0.0|73282&4&55.042237786473834|73285&4&184.32111361336982|73288&4&290.8156487262819|73291&4&0.23467107625506356|73292&4&35.757780591741685|73294&4&57.01120827585162|73296&4&52.44803418875699|73298&4&1.3763806753651784|73300&4&9.23864317365939|73301&4&0.5664715119664202|73304&4&0.5375599561448748|73305&4&0.4856334201330727,2|73190&4&30.282378410205805|73194&4&686.8834229085999|73195&4&5.551115123125783E-16|73200&4&391.906025165107|73202&4&718.2549699063605|73203&4&162.71641930340465|73204&4&274.6823638353994|73205&4&45.02315917196279|73206&4&258.3033410639785|73213&4&0.0|73218&4&13.857266196248144|73219&4&437.32832632929694|73221&4&118.13424380033311|73222&4&392.7543850745743|73223&4&11.71463321936147|73225&4&5.930192201763394|73232&4&213.01335634368502|73237&4&126.7143793933164|73240&4&263.9099401449991|73242&4&341.89940393737794|73250&4&229.47861162342866|73256&4&572.3881185356074|73259&4&310.70252347763443|73266&4&40.385079116529965|73275&4&31.016610071837675|73279&4&0.0|73281&4&104.82499437739686|73286&4&632.76101212181|73288&4&43.30456065882733|73290&4&0.19879638119097082|73293&4&0.5259697518721196|73295&4&0.23106621584526182|73305&4&15.439939834563166,2|73190&4&76.30619349709455|73197&4&226.71807653776386|73204&4&42.04897265542235|73215&4&2.914335439641036E-16|73221&4&130.26368073044034|73223&4&361.31788222314077|73228&4&247.7990291945801|73229&4&244.5166527684774|73233&4&579.5013268831592|73234&4&185.1365113752126|73244&4&189.5515375287485|73247&4&293.57272774542366|73249&4&599.6967641640236|73259&4&59.048213304479766|73269&4&149.8203115885857|73274&4&1.6423073492651867|73280&4&278.5717684957515|73287&4&24.2828582872218|73301&4&94.57143055338368,2|73189&4&379.5340730421747|73208&4&43.596653598012566|73210&4&15.343460073124893|73233&4&15.959659178814647|73240&4&196.37122630460908|73246&4&79.89827627131244|73251&4&17.44755879343703|73257&4&577.198472783443|73258&4&140.97430750319177|73262&4&-1.3322676295501878E-15|73268&4&95.31607219777692|73271&4&146.05579179094934|73277&4&350.40224272019054|73284&4&438.4537579276901|73303&4&65.5671485070581
44|4,130,1,1,1,1,1,1,1,1,1,1,1,1,1,1,1,1,1,1,1,1,1,1,1,1,1,1,1,1,1,1,1,1,1,1,1,1,1,1,1,1,1,1,1,1,1,1,1,1,1,1,1,1,1,1,1,1,1,1,1,1,1,1,1,1,1,1,1,1,1,1,1,1,1,1,1,1,1,1,1,1,1,1,1,1,1,1,1,1,1,1,1,1,1,1,1,1,1,1,1,1,0,0,0,0,0,0,0,0,0,0,0,0,0,0,0,0,0,0,0,0,2|73192&4&88.0660456317254|73193&4&178.43048014299646|73197&4&9.76696602695484|73209&4&79.57233331027713|73210&4&88.25814679645055|73211&4&193.39413584151407|73219&4&2.8834634522914246|73220&4&40.93619096229137|73228&4&322.9812517677401|73230&4&56.080759350427414|73234&4&140.16391334369544|73237&4&339.4572499784767|73248&4&272.87050987247676|73254&4&546.0868362709089|73255&4&14.740656458503242|73259&4&67.38793777266345|73262&4&92.92718357097328|73272&4&49.80570999132835|73273&4&3.6219177236669005|73280&4&3.4461493807121477|73281&4&1.7013780405188643|73283&4&9.524302897587695|73287&4&22.20087514304558|73299&4&42.44602222910828|73302&4&42.61671639348116|73304&4&48.54016711629437|73306&4&14.983573073773913,2|73191&4&33.64106912975723|73198&4&101.13710593599632|73207&4&279.3910974268392|73212&4&345.3547230845162|73215&4&58.24226285429519|73216&4&112.88335901239792|73218&4&227.75163358215858|73221&4&138.5842096224809|73222&4&188.2494730027204|73225&4&350.44212194140454|73226&4&507.3917346957819|73227&4&76.94667535399377|73229&4&220.43138759287962|73232&4&15.09180573581158|73239&4&198.27493098546958|73240&4&1.8042010974686307|73244&4&168.1364822060401|73250&4&124.12014640755658|73253&4&99.12449373648869|73256&4&13.722903103496469|73258&4&-1.865174681370263E-14|73260&4&0.3334369964247723|73261&4&13.746318499164794|73264&4&307.96278280652723|73270&4&377.12376426978085|73272&4&0.5593691567830996|73273&4&556.4506108711007|73274&4&18.326147316552134|73275&4&336.8385908473785|73282&4&15.109877361532199|73285&4&137.65836828994742|73289&4&48.93840318465498|73293&4&72.98898203024403|73297&4&7.771561172376096E-16|73303&4&5.329070518200751E-15,2|73191&4&15.77583150903646|73196&4&61.28639279178252|73204&4&18.678896276743505|73206&4&131.78661737482506|73209&4&449.79429382455874|73210&4&11.513463538303592|73215&4&403.68922593664837|73220&4&6.295128035134489|73229&4&11.381512248501686|73230&4&566.5186714027973|73246&4&211.84399702920444|73252&4&81.80323603374313|73258&4&38.23545809645465|73260&4&428.73583164204786|73263&4&404.4156405666753|73264&4&141.5024540719628|73265&4&101.38984989238152|73266&4&412.5839859072954|73268&4&96.55082487913114|73269&4&341.8057555834189|73270&4&46.03627177430573|73278&4&655.2025347305594|73281&4&97.52548580465316|73287&4&130.4825967267519,2|73190&4&267.68229908634174|73195&4&308.428971102315|73200&4&158.3396082244374|73203&4&8.349481407348932|73211&4&332.64181453706647|73214&4&108.03477357331911|73220&4&487.7301851385903|73224&4&153.3501137268432|73228&4&17.932447908054364|73231&4&619.7166681117678|73237&4&24.03103932729957|73243&4&227.88518014856976|73246&4&149.56131512893307|73248&4&136.55381793573656|73258&4&119.12154643539591|73261&4&87.14413942116397|73264&4&145.43909731834677|73268&4&443.5797663805084|73272&4&458.32307599462973|73277&4&9.410420113043608|73282&4&459.66070113221826|73302&4&-1.5543122344752192E-15,2|73193&4&226.61043059814006|73198&4&33.91397540954122|73199&4&622.0626102374317|73200&4&-1.687538997430238E-14|73204&4&180.43785710853865|73207&4&249.73640988565165|73216&4&290.71953160250064|73225&4&51.484675682106115|73227&4&501.6809510203658|73238&4&507.5391738541763|73241&4&60.67190335553555|73244&4&99.96357529547734|73250&4&241.56520427531535|73252&4&147.6460692700412|73256&4&8.940305134587886|73258&4&325.8340702135781|73276&4&702.9510491388476|73283&4&-5.773159728050814E-15|73285&4&236.21064110388562|73287&4&43.77958927961198|73304&4&31.868569199259255,2|73191&4&405.8239382364443|73192&4&194.5099438405858|73196&4&307.93774418452875|73198&4&459.84790766973595|73201&4&207.7080816404689|73210&4&153.0103419605599|73214&4&223.52131075735687|73228&4&0.0|73235&4&468.716597710175|73240&4&11.040484378947845|73241&4&313.9331701226129|73245&4&387.17513442311304|73246&4&2.7135676067838346|73253&4&236.35377843636692|73261&4&209.51289876843558|73262&4&131.8580209299397|73264&4&62.963259873426516|73265&4&472.1572190828877|73271&4&592.0454527141317|73274&4&84.75762154686262|73283&4&482.0234549635294,2|73203&4&57.43397451714918|73205&4&545.4376807899413|73208&4&521.4111292896206|73209&4&4.6629367034256575E-15|73210&4&5.335527558310544|73211&4&73.4703230408289|73213&4&197.92327611906964|73217&4&591.2132909706274|73219&4&32.897180235228|73223&4&-1.9539925233402755E-14|73224&4&333.58622088706005|73235&4&128.3778450359203|73236&4&495.07283318192486|73238&4&108.87217646479613|73239&4&252.32304553132417|73243&4&28.34959484361591|73245&4&21.24869904067641|73251&4&529.4537463753823|73252&4&61.64671953052724|73255&4&549.2844224471949|73256&4&39.18576272147518|73260&4&-1.5543122344752192E-15|73262&4&128.82949850448534|73263&4&30.618115132390074|73267&4&239.142093701953|73274&4&251.36365333439068|73282&4&41.53630578152733|73285&4&158.55663644300506|73288&4&261.91130923141935|73291&4&4.316360826388573|73292&4&43.60161745653244|73294&4&62.754794279954794|73296&4&58.79464279321342|73298&4&7.325518130716397|73300&4&17.057543393783135|73301&4&1.5543122344752192E-15|73304&4&3.774758283725532E-15|73305&4&-2.3314683517128287E-15,2|73190&4&21.060613792874978|73194&4&699.0956645049873|73200&4&405.56041486830554|73202&4&689.1508603206901|73203&4&149.1468608219893|73204&4&333.5333086195691|73205&4&32.004103064376785|73206&4&276.56116153276565|73218&4&35.84162638487749|73219&4&484.03437740609775|73221&4&101.01972168610627|73222&4&353.79482736219205|73223&4&7.8726874986532005|73225&4&5.600737079443205|73232&4&188.81961986537598|73237&4&116.59502430846484|73240&4&288.7700306024303|73242&4&305.6273574303384|73250&4&196.2608477914231|73256&4&611.2696057179019|73259&4&348.45410081980685|73266&4&30.28880933739748|73275&4&20.480828790551797|73279&4&122.06880133553048|73281&4&153.54962233022837|73286&4&640.7535141606613|73288&4&63.51728842970523|73290&4&-1.27675647831893E-15|73293&4&4.440892098500626E-15|73295&4&0.0|73305&4&23.16144445245027,2|73190&4&68.51489619090673|73197&4&204.40189941416787|73204&4&32.570409333699004|73221&4&120.99635093617573|73223&4&332.343553486603|73228&4&229.37474410223285|73229&4&221.83016304224932|73233&4&534.8955357702465|73234&4&248.1162649520237|73244&4&224.22624646497263|73247&4&260.3030181099801|73249&4&593.9672710606801|73259&4&52.0049100715311|73269&4&127.62603475827507|73274&4&1.4370189306070384|73280&4&254.1909953858184|73287&4&21.584762921974935|73301&4&97.86698968531914,2|73189&4&401.8828287943197|73207&4&9.029105649070832|73208&4&32.16931731333857|73210&4&7.4219788637828294|73233&4&9.598446619395832|73240&4&179.89707925275312|73246&4&75.73203045735943|73247&4&17.354757427620736|73251&4&8.951321992665145|73257&4&587.603627977091|73258&4&178.0841507306496|73268&4&73.56767940228681|73271&4&127.58649615371746|73277&4&314.4711348360411|73284&4&455.52092263207896|73303&4&69.2445594953579
45|4,130,1,1,1,1,1,1,1,1,1,1,1,1,1,1,1,1,1,1,1,1,1,1,1,1,1,1,1,1,1,1,1,1,1,1,1,1,1,1,1,1,1,1,1,1,1,1,1,1,1,1,1,1,1,1,1,1,1,1,1,1,1,1,1,1,1,1,1,1,1,1,1,1,1,1,1,1,1,1,1,1,1,1,1,1,1,1,1,1,1,1,1,1,1,1,1,1,1,1,1,1,0,0,0,0,0,0,0,0,0,0,0,0,0,0,0,0,0,0,0,0,2|73192&4&69.05424296328363|73193&4&239.72191834517974|73197&4&5.034339616586603|73209&4&60.8344782665916|73210&4&135.12431146152994|73211&4&228.89528672139267|73219&4&0.824122240057411|73220&4&27.878937792023823|73228&4&367.0028570113479|73230&4&43.058687013908695|73234&4&117.41020280244511|73237&4&323.2494419769288|73248&4&257.32322440701694|73254&4&491.6070640592476|73255&4&7.31004930133098|73259&4&44.90197735811728|73262&4&78.37563814812333|73272&4&35.4375043390489|73273&4&2.4153792177003313|73280&4&2.136909399424035|73281&4&0.8506890202594669|73283&4&4.733627062781343|73287&4&56.28388992388459|73299&4&40.04284866417092|73302&4&40.18695136753655|73304&4&45.84659489733379|73306&4&14.216359377606725,2|73191&4&23.821339990745937|73198&4&80.09323013056878|73207&4&297.0613436492464|73212&4&369.6548200044479|73215&4&98.16300368608466|73216&4&90.20083275710394|73218&4&195.83382198395003|73221&4&186.60595635898628|73222&4&200.00384805391684|73223&4&9.010576723250704|73225&4&383.60317394279224|73226&4&504.84483181389066|73227&4&62.80625367846478|73229&4&219.8498383781073|73232&4&14.253372083822047|73239&4&188.19788938663757|73240&4&1.443360877974904|73242&4&2.4495872879053917|73244&4&147.8815487142669|73250&4&164.8816514125769|73252&4&8.649806318161792|73253&4&83.66065675700737|73254&4&59.337341178567|73256&4&10.978322482797179|73260&4&0.16671849821238557|73261&4&12.340335145731437|73264&4&347.30391851024655|73270&4&404.47283288936717|73272&4&0.4894480121852121|73273&4&517.9071025038654|73274&4&17.017136793941265|73275&4&344.3924691416646|73282&4&50.410858742145805|73285&4&138.37690748686077|73289&4&46.13690994280333|73293&4&68.1445068189531,2|73191&4&14.02296134136574|73196&4&45.163374821096404|73204&4&16.010482522923006|73206&4&117.28578988304557|73209&4&467.3799997767994|73210&4&9.943482724406111|73215&4&368.68008233275805|73220&4&5.508237030742679|73229&4&8.700944543015165|73230&4&534.9915511538959|73246&4&186.96656098898688|73252&4&76.33102391196375|73258&4&34.75950736041332|73260&4&445.41513384333683|73263&4&383.8812838888621|73264&4&126.49077176475262|73265&4&77.96124790657743|73266&4&414.62953376220923|73268&4&86.0996532511151|73269&4&397.8677863332686|73270&4&33.18658857304961|73278&4&622.5744329385345|73281&4&82.80346067148174|73287&4&119.84833683468136,2|73190&4&269.3110672236284|73195&4&317.23699876535113|73200&4&128.76577963147872|73203&4&5.670697131104989|73211&4&305.7256379546889|73214&4&93.20976324811775|73220&4&456.5945869939662|73224&4&142.408370221167|73228&4&11.698756084658712|73231&4&616.9307422425368|73237&4&17.372749597016576|73243&4&202.0336385302769|73246&4&138.90065290137989|73248&4&121.16871837937285|73258&4&97.33909614381426|73261&4&88.79335960339571|73264&4&135.03219819341103|73268&4&458.51405207816526|73272&4&496.8849595955633|73277&4&8.930491688286669|73282&4&428.5759702436327,2|73193&4&195.15993539208688|73198&4&31.156202160139706|73199&4&609.770856868917|73204&4&166.70459410365268|73207&4&215.22940854014803|73216&4&271.7826366690596|73225&4&38.027348327110744|73227&4&473.26628754557277|73238&4&491.8612062391281|73241&4&50.557201278551304|73244&4&91.95714864921224|73250&4&224.7663129816862|73252&4&131.5228383720239|73256&4&4.601439511545198|73258&4&303.379722708488|73276&4&674.134859794173|73285&4&219.73869161879213|73287&4&34.54667231786654|73304&4&29.431825309646346,2|73191&4&377.64716728886447|73192&4&201.53856146163332|73196&4&316.64129142654224|73198&4&454.0061762230511|73201&4&185.50168386492908|73210&4&142.0512947826605|73214&4&254.94914353774183|73235&4&449.13521011424984|73240&4&4.90773382202066|73241&4&365.22032677033826|73245&4&371.88055904086855|73246&4&1.310181085362825|73253&4&266.6477163249896|73261&4&197.22119925332964|73262&4&122.94839639444629|73264&4&45.55574660344932|73265&4&549.856641814652|73271&4&586.0441208753189|73274&4&78.10118478735191|73283&4&446.7703161513791,2|73203&4&86.20847742635164|73205&4&531.2868708677017|73208&4&550.4914932316285|73210&4&4.446272965258787|73211&4&55.67187984411717|73213&4&263.8648061387755|73217&4&589.4829564395682|73219&4&27.050781062378125|73224&4&329.20918630636396|73232&4&2.9870528593682084|73235&4&106.61399342663192|73236&4&483.91466543881313|73238&4&91.87750072236597|73239&4&229.0861180038092|73243&4&61.46194820877788|73245&4&17.742415982111222|73251&4&546.1992732636373|73252&4&53.64786939394501|73255&4&552.3231429173109|73256&4&33.18337711513615|73262&4&187.03393487921446|73263&4&21.016213248258957|73267&4&222.82524234217868|73274&4&243.31378370411147|73282&4&29.623668206898614|73285&4&134.12880590557052|73288&4&233.5592191015799|73291&4&4.1005427850691465|73292&4&41.15518822869262|73294&4&58.914516344949575|73296&4&55.24262668202566|73298&4&6.956448037417331|73300&4&16.17789375662594,2|73190&4&14.104843744874657|73194&4&669.293131525762|73200&4&433.93244324012124|73202&4&651.7568036081759|73203&4&135.5773023405739|73204&4&356.7461232585056|73205&4&21.259783207349493|73206&4&303.29808556105127|73218&4&77.65288201449559|73219&4&478.60675533309467|73221&4&83.90519957187942|73222&4&316.2356477119307|73223&4&4.03074177794493|73225&4&5.2712819571230165|73232&4&167.08348776671158|73237&4&106.4756692236133|73240&4&296.4178329758547|73242&4&272.41612331033383|73250&4&165.3894320299001|73256&4&613.0445101014964|73259&4&388.314450412628|73266&4&20.192539558264997|73275&4&12.302748521197993|73279&4&118.9121406299943|73281&4&193.8332334948277|73286&4&617.4667974645738|73288&4&83.91228875264447|73305&4&21.94362022450852,2|73190&4&60.72359888471889|73197&4&182.08572229057202|73204&4&25.641589375197327|73221&4&112.94258102386252|73223&4&303.3692247500653|73228&4&210.9504590098856|73229&4&199.1436733160212|73233&4&524.9529719257679|73234&4&317.6845195659652|73244&4&219.88212440431656|73247&4&228.34521316087057|73249&4&607.8131024803757|73259&4&44.96160683858243|73269&4&108.17256241311634|73274&4&1.2317305119488902|73280&4&232.29465340764463|73287&4&18.88666755672807|73301&4&90.66558962552025,2|73189&4&385.41050070880965|73207&4&8.577650366617291|73208&4&21.823105539863803|73210&4&2.5250113017317815|73220&4&22.8966861922392|73233&4&4.836746725546524|73240&4&163.42293220089718|73246&4&71.5657846434064|73247&4&50.05366972735591|73251&4&2.9172797392960432|73257&4&596.161659067624|73258&4&220.43150922346277|73268&4&54.65852014987959|73271&4&109.11720051648555|73277&4&281.28857781077164|73284&4&458.27311336635313|73303&4&64.65191346973654
46|4,130,1,1,1,1,1,1,1,1,1,1,1,1,1,1,1,1,1,1,1,1,1,1,1,1,1,1,1,1,1,1,1,1,1,1,1,1,1,1,1,1,1,1,1,1,1,1,1,1,1,1,1,1,1,1,1,1,1,1,1,1,1,1,1,1,1,1,1,1,1,1,1,1,1,1,1,1,1,1,1,1,1,1,1,1,1,1,1,1,1,1,1,1,1,1,1,1,1,1,1,1,0,0,0,0,0,0,0,0,0,0,0,0,0,0,0,0,0,0,0,0,2|73192&4&50.04244029484185|73193&4&296.5043758813208|73197&4&0.0|73209&4&44.28797867133865|73210&4&193.19173674360644|73211&4&232.27187538453578|73219&4&5.10702591327572E-15|73220&4&16.36886130245223|73228&4&353.71082814607456|73230&4&31.63993367237354|73234&4&95.23611193071142|73237&4&310.597923001635|73248&4&248.5084800855218|73254&4&439.85004351655607|73255&4&2.401150116145529|73259&4&24.372141238671052|73262&4&64.415591471033|73272&4&21.447349771307014|73273&4&1.2088407117337654|73280&4&0.8276694181359966|73281&4&1.9984014443252818E-15|73283&4&1.576128458405043|73287&4&91.10754297494647|73299&4&37.63967509923356|73302&4&37.757186341591925|73304&4&43.153022678373205|73306&4&13.449145681439536,2|73191&4&14.180680405439167|73198&4&59.6778815476887|73201&4&2.520890018329518|73207&4&321.77331458722256|73212&4&396.89285476258|73215&4&185.0009654251298|73216&4&70.79895440145617|73218&4&167.32352478774214|73221&4&241.96805483519563|73222&4&196.7218904250753|73223&4&25.775398612994458|73225&4&418.86229396149747|73226&4&499.9179023085927|73227&4&50.83073651666204|73229&4&206.27060302634146|73232&4&13.414938431832514|73239&4&215.41844609090518|73240&4&1.0825206584811775|73241&4&13.224926355197397|73242&4&25.68962719622363|73244&4&128.15249327056688|73250&4&215.4469342503515|73252&4&32.068227680236234|73253&4&69.85765026501257|73254&4&125.84455705747897|73256&4&8.233741862097888|73260&4&-1.1657341758564144E-15|73261&4&10.93435179229808|73264&4&423.3952008134977|73270&4&438.60929850297026|73272&4&0.4195268675873246|73273&4&493.3015848053364|73274&4&15.708126271330398|73275&4&365.48608865184514|73277&4&4.43332774204985|73282&4&56.27102578859226|73285&4&201.9670858375584|73289&4&43.335416700951676|73293&4&63.300031607662184,2|73191&4&12.27009117369502|73196&4&29.505848374374555|73204&4&13.342068769102507|73206&4&102.78496239126606|73209&4&482.84326664758123|73210&4&8.373501910508633|73215&4&333.6709387288678|73216&4&22.12309470407641|73220&4&4.721346026350869|73229&4&6.020376837528647|73230&4&498.43506812334584|73240&4&48.16294428896028|73246&4&162.08912494876938|73252&4&70.85881179018436|73258&4&31.283556624371993|73260&4&415.5418405956213|73263&4&386.24426542778804|73264&4&111.47908945754244|73265&4&57.538066246545384|73266&4&416.67142946400315|73268&4&75.64848162309906|73269&4&431.55488222554544|73270&4&22.372831500838267|73278&4&643.7979023497036|73281&4&68.08143553831033|73287&4&109.21407694261083,2|73190&4&252.66197194977386|73195&4&321.8990992537819|73200&4&102.16011427526857|73203&4&3.729900874519814|73211&4&278.8094613723114|73214&4&78.38475292291636|73220&4&425.45898884934206|73224&4&131.46662671549078|73228&4&7.214143460206596|73231&4&637.3788721932735|73237&4&13.021535695171863|73243&4&176.18209691198402|73246&4&128.2399906738267|73248&4&105.78361882300914|73258&4&78.29480508630132|73261&4&101.58707410602034|73264&4&124.62529906847531|73268&4&486.9381428589376|73272&4&565.3127150260481|73277&4&8.450563263529727|73282&4&397.49123935504707,2|73193&4&166.5983174000399|73198&4&28.398428910738186|73199&4&645.5577242244462|73204&4&152.9713310987667|73207&4&183.5905827434146|73216&4&252.84574173561862|73225&4&26.564935514684027|73227&4&448.13297800100236|73238&4&469.44133381033134|73241&4&41.415579900153574|73244&4&83.95072200294715|73250&4&207.96742168805707|73252&4&117.92288736617309|73256&4&1.4298072480307509|73258&4&280.92537520339783|73276&4&679.6736087192194|73285&4&203.26674213369859|73287&4&25.76714409142842|73304&4&26.995081420033436,2|73191&4&349.47039634128464|73192&4&213.19500847662033|73196&4&351.7757845323371|73198&4&529.4550348180327|73201&4&163.92921847217616|73210&4&131.09224760476107|73214&4&247.65491169524373|73235&4&439.0256842315022|73240&4&1.3237393253271734|73241&4&342.0010885005511|73245&4&344.7766338789192|73246&4&7.105427357601002E-15|73253&4&304.3774733519221|73261&4&184.92949973822374|73262&4&114.03877185895291|73264&4&30.68840365799878|73265&4&621.1229446044529|73271&4&558.2694102882581|73274&4&71.44474802784121|73283&4&415.3121220226918,2|73203&4&123.31612656873915|73205&4&498.7255831298562|73208&4&574.1162723539261|73210&4&3.5570183722070294|73211&4&40.29475363905345|73213&4&330.93605149620396|73217&4&602.1531987294484|73219&4&21.20438188952825|73224&4&332.72469304104504|73232&4&29.775032666986103|73235&4&87.01689994170576|73236&4&499.2240407665704|73238&4&75.14101414288064|73239&4&205.8491904762942|73243&4&94.6906423645103|73245&4&14.23613292354603|73251&4&506.79673182245074|73252&4&45.64901925736278|73255&4&518.1715901789896|73256&4&27.18099150879712|73262&4&236.3271269722222|73263&4&13.887620437889208|73267&4&202.0877468096061|73274&4&253.4606017395789|73282&4&20.197878730626844|73285&4&111.30271736128597|73288&4&206.15997658055716|73291&4&3.8847247437497177|73292&4&38.70875900085281|73294&4&55.07423840994436|73296&4&51.690610570837904|73298&4&6.587377944118265|73300&4&15.298244119468741,2|73190&4&9.61071802506239|73191&4&45.70089947921801|73194&4&638.2943835716324|73200&4&493.8665500054959|73202&4&679.6217533642973|73203&4&122.00774385915855|73204&4&348.86729243992943|73205&4&13.471538565530711|73206&4&329.04467390969774|73218&4&133.35556460499544|73219&4&448.3960550731325|73221&4&67.06816104894932|73222&4&280.51748328656987|73223&4&1.405662489827308|73225&4&4.941826834802828|73232&4&146.856330018148|73237&4&96.35631413876175|73240&4&277.6825263957785|73242&4&242.04225550622846|73250&4&137.2063916385045|73256&4&621.4136152747731|73259&4&426.1212157762144|73266&4&10.096269779132511|73275&4&6.474496374872161|73279&4&115.30097625992859|73281&4&261.9471721689898|73286&4&623.9066107187601|73288&4&107.80323028884138|73305&4&20.725795996566777,2|73190&4&52.93230157853107|73197&4&0.0|73204&4&19.015007610293843|73221&4&104.88881111154932|73223&4&274.3948960135275|73228&4&192.52617391753836|73229&4&176.4571835897931|73233&4&527.7729561915545|73234&4&374.3138588038418|73244&4&217.20357501106864|73247&4&197.9551564955603|73249&4&620.5087144413833|73259&4&37.91830360563376|73269&4&89.06782138146036|73274&4&1.0264420932907419|73280&4&241.7339207769186|73287&4&16.188572191481207|73301&4&83.4641895657214,2|73189&4&383.80937381917687|73207&4&8.12619508416375|73208&4&12.651390760264128|73210&4&1.687538997430238E-14|73220&4&79.7024724435033|73233&4&1.7097588051325683|73240&4&146.9487851490412|73246&4&97.79314875519123|73247&4&92.35270375954059|73251&4&0.06250827114993118|73257&4&598.8902148205434|73258&4&288.5748986131631|73268&4&38.87000547321828|73271&4&91.78398375417449|73277&4&249.1090136783338|73284&4&431.2487097363417|73303&4&60.0592674441152
47|4,130,1,1,1,1,1,1,1,1,1,1,1,1,1,1,1,1,1,1,1,1,1,1,1,1,1,1,1,1,1,1,1,1,1,1,1,1,1,1,1,1,1,1,1,1,1,1,1,1,1,1,1,1,1,1,1,1,1,1,1,1,1,1,1,1,1,1,1,1,1,1,1,1,1,1,1,1,1,1,1,1,1,1,1,1,1,1,1,1,1,1,1,1,1,1,1,1,1,1,1,1,0,0,0,0,0,0,0,0,0,0,0,0,0,0,0,0,0,0,0,0,2|73192&4&31.030637626400093|73193&4&306.93748015682024|73209&4&30.44596199273626|73210&4&252.81406502165243|73211&4&300.26676678183753|73220&4&9.1131490867759|73228&4&385.7684690796698|73230&4&21.796341552642037|73234&4&75.27897947365794|73237&4&304.4409189795042|73248&4&267.6761468491287|73254&4&390.4512872066041|73255&4&-1.7763568394002505E-14|73259&4&5.729909628033747|73262&4&50.85049236692758|73272&4&10.93470831667872|73273&4&0.0023022057671995277|73280&4&5.995204332975845E-15|73283&4&5.773159728050814E-15|73287&4&135.19229764242118|73299&4&35.2365015342962|73301&4&6.1712803746838745|73302&4&35.32742131564731|73304&4&40.45945045941262|73306&4&12.681931985272348,2|73191&4&6.908636075052421|73198&4&42.141472537686894|73201&4&33.530367575200906|73207&4&355.6720659699738|73212&4&437.2263669752994|73215&4&175.07063845447203|73216&4&54.37136932681719|73218&4&140.25260583158652|73221&4&283.0280519988309|73222&4&227.64066670599203|73223&4&48.55633099215766|73225&4&459.99010593320895|73226&4&488.01653697542565|73227&4&39.1976453416535|73229&4&229.10096711975655|73232&4&12.576504779842981|73239&4&229.4893722025618|73240&4&0.7216804389874509|73241&4&38.118702561959445|73242&4&68.72405720976553|73244&4&108.70700543271575|73250&4&268.23084568617287|73252&4&68.84055178968958|73253&4&56.19239379502246|73254&4&191.19270882625105|73256&4&5.489161241398598|73261&4&9.528368438864725|73264&4&504.71718571360066|73270&4&474.1246229500705|73272&4&0.3496057229894371|73273&4&484.177716046422|73274&4&14.399115748719531|73275&4&360.8462160165238|73277&4&22.344533074367064|73282&4&130.95588682331442|73285&4&272.46162556039565|73289&4&40.53392345910002|73293&4&58.45555639637125,2|73191&4&10.5172210060243|73196&4&14.55823877427897|73204&4&10.673655015282009|73206&4&88.28413489948656|73209&4&502.17856728362176|73210&4&6.803521096611154|73215&4&298.66179512497746|73216&4&57.10862550645427|73220&4&3.934455021959058|73229&4&3.3572576190803742|73230&4&502.51298712830965|73240&4&80.2704954320693|73246&4&137.21168890855188|73252&4&65.38659966840497|73258&4&27.807605888330663|73260&4&434.64717073405063|73263&4&401.6174018074734|73264&4&96.46740715033226|73265&4&39.73771302871312|73266&4&415.4118026431924|73268&4&65.197309995083|73269&4&467.8286095700024|73270&4&13.593705777100787|73278&4&675.4430246016373|73281&4&53.35941040513893|73287&4&98.5798170505403,2|73190&4&234.19007810987142|73195&4&315.4118200312673|73200&4&77.99479476772373|73203&4&1.8922081079144633|73211&4&251.89328478993386|73214&4&63.77475120262425|73220&4&394.32339070471795|73224&4&120.52488320981456|73228&4&2.7295308357544696|73231&4&672.555994150164|73237&4&9.612145415472916|73243&4&151.5357855589853|73246&4&117.57932844627354|73248&4&90.39851926664542|73258&4&61.83472368223482|73261&4&126.36703326681484|73264&4&114.2183999435396|73268&4&528.259105452178|73272&4&597.9668029569725|73277&4&7.970634838772785|73282&4&366.4065084664615,2|73190&4&24.388633108953684|73193&4&139.67648120439148|73198&4&25.640655661336666|73199&4&592.625962339187|73204&4&139.23806809388077|73207&4&154.35091156019456|73216&4&233.9088468021776|73225&4&17.069844225511257|73227&4&444.23917202145964|73238&4&466.1112916232177|73241&4&32.27395852175585|73244&4&75.94429535668205|73250&4&191.16853039442788|73252&4&106.3758984229701|73256&4&0.4139124606748998|73258&4&258.4710276983077|73276&4&663.6412520939168|73285&4&186.79479264860515|73287&4&17.938096887077855|73304&4&24.55833753042052,2|73191&4&321.2936253937049|73192&4&228.41294537114425|73196&4&391.43653155918116|73198&4&540.2699296710302|73201&4&142.35675307942324|73210&4&120.13320042686162|73214&4&274.0478729337128|73235&4&431.26828331571335|73240&4&7.105427357601002E-15|73241&4&318.78185023076384|73245&4&329.93864959467584|73253&4&285.4906345279729|73261&4&172.63780022311778|73262&4&105.12914732345953|73264&4&18.585320629457975|73265&4&660.315748781496|73271&4&579.4493840568468|73274&4&64.7883112683305|73283&4&435.7423882478363,2|73203&4&164.169415416018|73205&4&482.50501580295986|73208&4&603.4476312498689|73210&4&2.6677637791552717|73211&4&27.128466492896493|73213&4&358.9615335548086|73217&4&623.9464565054353|73219&4&15.35798271667837|73224&4&351.90468723460856|73232&4&66.61918766694806|73235&4&68.5334328262895|73236&4&517.798977850629|73238&4&58.433620976013174|73239&4&182.6122629487793|73243&4&138.48407672070186|73245&4&10.729849864980842|73251&4&497.482222514026|73252&4&37.65016912078055|73253&4&59.63999269944749|73255&4&524.3282672712154|73256&4&21.17860590245809|73262&4&274.5748445649076|73263&4&9.165161130805593|73267&4&226.1260374631037|73274&4&278.9182761151961|73282&4&12.9209837416709|73285&4&90.24252135204888|73288&4&179.71605373724123|73291&4&3.668906702430289|73292&4&36.262329773012986|73294&4&51.23396047493914|73296&4&48.13859445965015|73298&4&6.2183078508191985|73300&4&14.418594482311542,2|73190&4&5.1165923052501405|73191&4&100.68388799323282|73194&4&623.5661195969129|73200&4&528.6383469610503|73202&4&690.3061755228978|73203&4&108.43818537774317|73204&4&342.0192405293337|73205&4&8.221003648487756|73206&4&346.62514275887025|73218&4&193.26657383223|73219&4&453.9651869620752|73221&4&52.63158921163843|73222&4&246.52896798034024|73223&4&5.773159728050814E-15|73225&4&4.612371712482639|73232&4&127.93904441004382|73237&4&86.2369590539102|73240&4&258.9472198157023|73242&4&213.90908476077658|73250&4&111.42037890593615|73256&4&605.2124392724321|73259&4&464.48719409071424|73266&4&2.4868995751603507E-14|73275&4&3.084120775256626|73279&4&145.73865975778415|73281&4&247.3808060756735|73286&4&634.9332787795474|73288&4&148.58443211197647|73305&4&19.507971768625033,2|73190&4&45.141004272343245|73204&4&12.437853931180246|73221&4&96.83504119923612|73223&4&245.4205672769898|73228&4&174.10188882519105|73229&4&153.770693863565|73233&4&533.1095495861719|73234&4&441.750146757759|73244&4&204.3816299036896|73247&4&167.89038859022898|73249&4&609.2126758074446|73259&4&30.87500037268509|73269&4&70.6204698889645|73274&4&0.8211536746325937|73280&4&259.1205325245493|73287&4&13.490476826234342|73301&4&76.26278950592256,2|73189&4&397.20141074594306|73197&4&239.862077593231|73207&4&7.674739801710209|73208&4&6.260131235809521|73220&4&133.38931091874275|73233&4&-7.549516567451064E-15|73240&4&130.47463809718528|73246&4&135.71830185721757|73247&4&111.92705719524213|73251&4&0.0|73257&4&612.0095627764294|73258&4&331.6072697795735|73268&4&25.725913306765687|73271&4&76.27127770010993|73277&4&219.75211838457165|73284&4&434.3249194512915|73303&4&55.466621418493844
48|4,130,1,1,1,1,1,1,1,1,1,1,1,1,1,1,1,1,1,1,1,1,1,1,1,1,1,1,1,1,1,1,1,1,1,1,1,1,1,1,1,1,1,1,1,1,1,1,1,1,1,1,1,1,1,1,1,1,1,1,1,1,1,1,1,1,1,1,1,1,1,1,1,1,1,1,1,1,1,1,1,1,1,1,1,1,1,1,1,1,1,1,1,1,1,1,1,1,1,1,1,1,0,0,0,0,0,0,0,0,0,0,0,0,0,0,0,0,0,0,0,0,2|73192&4&12.46519671531877|73193&4&379.3243457618139|73209&4&18.44426529215554|73210&4&303.58523082142676|73211&4&309.90540416757693|73220&4&3.5155953377858475|73228&4&373.3412312322275|73230&4&13.5525979022898|73234&4&57.89320900394679|73237&4&300.33822318988683|73241&4&19.087295630269864|73248&4&262.834612596372|73254&4&343.3402411679675|73259&4&1.4399822235867445|73262&4&38.02019520181595|73272&4&3.695349010431223|73273&4&0.0|73287&4&179.97105634921746|73299&4&32.83332796935885|73301&4&5.862716355949681|73302&4&32.89765628970269|73304&4&37.76587824045204|73306&4&11.91471828910516,2|73191&4&2.3656736804617795|73198&4&27.140113628983574|73201&4&72.00477683671916|73207&4&405.71923393186216|73212&4&477.5833777089438|73215&4&165.14031148381423|73216&4&40.15244984091013|73218&4&114.92997675730541|73221&4&277.2876959161268|73222&4&289.35135329262437|73223&4&59.52701727555484|73225&4&491.64230266180493|73226&4&462.8871808318689|73227&4&28.141621668312826|73229&4&234.28350226005753|73232&4&11.738071127853448|73239&4&290.18663137030023|73240&4&0.3608402194937243|73241&4&36.17970511797348|73242&4&121.23904287919898|73244&4&89.26151759486461|73250&4&253.1698894856401|73252&4&113.83446531917784|73253&4&44.4635466290611|73254&4&265.23684321809446|73256&4&2.7445806206993084|73261&4&8.122385085431368|73264&4&584.5287195441407|73270&4&438.33785548242105|73272&4&0.2796845783915496|73273&4&455.31915935777243|73274&4&13.090105226108664|73275&4&388.20363350046404|73277&4&62.555397369609864|73282&4&124.09343981400136|73285&4&289.87513262823967|73289&4&37.732430217248364|73293&4&53.61108118508034,2|73191&4&8.76435083835358|73196&4&9.034091604881407|73204&4&8.00524126146151|73206&4&73.78330740770707|73209&4&532.0840953509788|73210&4&5.233540282713674|73215&4&263.6526515210872|73216&4&103.9311245075996|73220&4&3.1475640175672472|73229&4&1.170035345846777|73230&4&556.712980107821|73240&4&80.34585662547049|73246&4&114.28814021730604|73252&4&59.91438754662558|73258&4&24.331655152289333|73260&4&466.04560955236065|73263&4&390.125253654173|73264&4&81.45572484312208|73265&4&24.86559208291451|73266&4&411.5364271904784|73268&4&54.74613836706697|73269&4&532.869588338833|73270&4&6.884821981089656|73278&4&706.0575632793899|73281&4&40.33708716752411|73287&4&87.94555715846977,2|73190&4&215.71818426996902|73195&4&333.1782641224109|73200&4&56.836532653120614|73203&4&0.05451534130911207|73211&4&224.9771082075563|73214&4&49.872266314722744|73220&4&363.1877925600937|73224&4&109.58313970413835|73228&4&-9.769962616701378E-15|73231&4&647.9696334503526|73237&4&6.3200633456256545|73243&4&128.2302551746938|73246&4&106.91866621872036|73248&4&75.01341971028171|73258&4&47.76706408786304|73261&4&154.5443949414227|73264&4&103.81150081860386|73268&4&516.4807201479994|73272&4&648.8459862950524|73277&4&7.490706414015843|73282&4&335.3217775778759,2|73190&4&66.94942114185073|73193&4&113.05134007589504|73198&4&22.882882411935142|73199&4&541.7407792282346|73204&4&125.50480508899483|73207&4&127.61805835797207|73216&4&214.9719518687366|73225&4&9.81541520452176|73227&4&431.77237249938787|73238&4&541.3966371438588|73241&4&23.806496244640492|73244&4&67.93786871041695|73250&4&241.00949250832196|73252&4&96.60773316658357|73256&4&-2.55351295663786E-15|73258&4&236.0166801932176|73270&4&22.79157899471994|73276&4&681.460626771721|73282&4&17.558058384549668|73285&4&170.32284316351164|73287&4&11.28247556384295|73304&4&22.12159364080761,2|73191&4&293.11685444612505|73192&4&244.022917100825|73196&4&419.5739511841011|73198&4&626.3140150876641|73201&4&120.91530632613073|73210&4&109.17415324896218|73214&4&321.284742979572|73235&4&499.53537120556854|73241&4&295.5626119609766|73245&4&305.76020241832106|73253&4&266.60379570402364|73261&4&160.34610070801185|73262&4&96.21952278796616|73264&4&9.049751810569417|73265&4&718.226071070489|73271&4&636.6989527959747|73274&4&58.131874508819806|73283&4&480.91245694200575,2|73203&4&203.67436184452745|73205&4&562.0547572952651|73208&4&585.608911738809|73210&4&1.778509186103514|73211&4&16.469548331613936|73213&4&428.38468766291135|73217&4&630.8919305327431|73219&4&9.511583543828493|73224&4&363.832478774065|73232&4&110.71965113030794|73235&4&50.44399240506003|73236&4&512.3526263469223|73238&4&41.93930943062858|73239&4&159.37533542126428|73243&4&196.56907698332867|73245&4&7.2235668064156515|73251&4&460.3417581207454|73252&4&29.651318984198316|73253&4&118.32374043738983|73255&4&573.9846850146089|73256&4&15.176220296119062|73262&4&259.0864154545426|73263&4&6.579624739617385|73267&4&268.56260793381284|73274&4&314.56613031936627|73282&4&7.743040083817256|73285&4&71.06077335190852|73288&4&154.32862181120544|73291&4&3.45308866111086|73292&4&33.81590054517318|73294&4&47.39368253993392|73296&4&44.58657834846239|73298&4&5.849237757520132|73300&4&13.538944845154344,2|73190&4&1.275443187484717|73191&4&154.9357347761296|73194&4&675.5582038891553|73200&4&579.8159171070114|73202&4&659.301240615752|73203&4&94.8686268963278|73204&4&402.5337415465827|73205&4&2.9704687314448197|73206&4&328.3318955947219|73218&4&263.35447115765646|73219&4&511.3476346056592|73221&4&40.620935181119805|73222&4&213.93282694959717|73225&4&4.28291659016245|73232&4&109.41246925490827|73237&4&76.11760396905865|73240&4&240.2119132356261|73242&4&187.74840359875225|73250&4&87.76416227019521|73256&4&575.0009292686074|73259&4&506.18229323854075|73275&4&1.115582662110034|73279&4&137.51487782641033|73281&4&232.8144399823572|73286&4&656.5589086643456|73288&4&193.05207030816155|73305&4&18.290147540683286,2|73190&4&37.34970696615542|73204&4&6.279027842782684|73221&4&88.7812712869229|73223&4&216.44623854045207|73228&4&155.6776037328438|73229&4&131.08420413733688|73233&4&524.1591058085828|73234&4&487.2759758271884|73244&4&201.3768733501446|73247&4&137.82562068489767|73249&4&641.1358676587184|73259&4&23.83169713973642|73262&4&6.812544079787386|73269&4&54.35061685144643|73274&4&0.6158652559744455|73280&4&281.531389501118|73287&4&10.792381460987478|73301&4&69.0613894461237,2|73189&4&420.892412547993|73197&4&287.73089183164706|73207&4&7.2232845192566675|73208&4&2.5377496009673504|73220&4&200.15764917613302|73240&4&114.00049104532934|73246&4&152.46147983058341|73247&4&178.0632471859947|73257&4&570.0981972842992|73258&4&332.8818372669477|73268&4&15.345108060881266|73271&4&60.75857164604538|73277&4&192.52742367105915|73284&4&418.62968138335344|73303&4&50.87397539287249
49|4,130,1,1,1,1,1,1,1,1,1,1,1,1,1,1,1,1,1,1,1,1,1,1,1,1,1,1,1,1,1,1,1,1,1,1,1,1,1,1,1,1,1,1,1,1,1,1,1,1,1,1,1,1,1,1,1,1,1,1,1,1,1,1,1,1,1,1,1,1,1,1,1,1,1,1,1,1,1,1,1,1,1,1,1,1,1,1,1,1,1,1,1,1,1,1,1,1,1,1,1,1,0,0,0,0,0,0,0,0,0,0,0,0,0,0,0,0,0,0,0,0,2|73192&4&7.51675464145201|73193&4&418.1196737802345|73198&4&85.67886866985799|73209&4&9.562504515891682|73210&4&337.4544776682449|73211&4&377.0950063431561|73220&4&1.896202786046726|73228&4&364.00319530318603|73230&4&6.908266924877923|73234&4&43.132553818170784|73237&4&293.4581827159592|73241&4&32.16353005394758|73248&4&323.00926042884925|73252&4&61.30528070639324|73254&4&299.6731201096217|73259&4&-4.884981308350689E-15|73262&4&26.358402497214044|73268&4&11.693310859060489|73272&4&2.7533531010703882E-14|73281&4&14.043549321698631|73287&4&231.55719886051253|73299&4&30.430154404421483|73301&4&18.964495974104057|73302&4&30.467891263758073|73304&4&35.07230602149145|73306&4&11.14750459293797,2|73191&4&2.1316282072803006E-14|73198&4&15.442936777908642|73201&4&137.90193758021468|73207&4&377.8773826735533|73212&4&521.9282891170101|73215&4&208.82473864666764|73216&4&25.933530355003064|73218&4&92.2562069091218|73221&4&307.2754954132909|73222&4&320.5599466970797|73223&4&91.12393755235004|73225&4&507.41560866513225|73226&4&490.5342872597474|73227&4&17.268081804772265|73229&4&286.47591169383946|73232&4&10.899637475863916|73239&4&353.1230320982962|73240&4&-2.3314683517128287E-15|73241&4&34.24070767398751|73242&4&180.37804596095106|73244&4&69.81602975701347|73250&4&238.1089332851073|73252&4&107.86262054741968|73253&4&34.61389501636156|73254&4&251.00312877622483|73256&4&1.865174681370263E-14|73261&4&6.716401731998012|73264&4&548.9088767865178|73270&4&402.5510880147717|73272&4&0.20976343379366208|73273&4&499.6209399954571|73274&4&11.781094703497796|73275&4&362.4029766900974|73277&4&108.84365988906237|73282&4&117.2309928046883|73285&4&353.0175991173651|73289&4&34.93093697539671|73293&4&48.7666059737894,2|73189&4&57.018176285054636|73191&4&7.011480670682861|73196&4&5.153325432408898|73204&4&5.336827507641012|73205&4&55.282922787384734|73206&4&59.282479915927574|73207&4&81.71676530804909|73209&4&555.050478998464|73210&4&3.663559468816195|73215&4&229.20866947551667|73216&4&151.83249264495953|73220&4&2.3606730131754365|73229&4&0.0|73230&4&601.7785582397116|73240&4&98.02828077467298|73246&4&92.6958026345657|73247&4&82.69554415115752|73252&4&54.4421754248462|73258&4&20.855704416248003|73260&4&484.3103603708735|73263&4&364.2628666922343|73264&4&66.4440425359119|73265&4&13.345976682910152|73266&4&422.5255699203253|73268&4&44.29496673905093|73269&4&498.3306744595186|73270&4&3.062741123831353|73278&4&737.4289334136419|73281&4&29.181387186312932|73286&4&78.18142695752377|73287&4&77.31129726639922,2|73190&4&197.2462904300666|73195&4&357.26070277658073|73200&4&38.67186302447724|73203&4&2.0816681711721685E-16|73211&4&198.0609316251788|73214&4&37.485583911301674|73220&4&332.0521944154696|73224&4&98.64139619846213|73231&4&670.6906452001908|73237&4&3.0279812757783926|73243&4&106.37610711891877|73246&4&96.25800399116719|73248&4&59.62832015391801|73258&4&34.20629522612231|73261&4&173.5738498402651|73264&4&93.40460169366813|73268&4&477.8497594396889|73272&4&606.4440808424487|73277&4&7.010777989258902|73282&4&304.2370466892904,2|73190&4&129.28936214281674|73193&4&89.02180312475924|73198&4&20.12510916253362|73199&4&491.2573643140781|73204&4&111.77154208410886|73207&4&103.058095293945|73216&4&196.0350569352956|73225&4&4.8929591574887805|73227&4&475.4291127777584|73238&4&610.232724133358|73241&4&15.55855748512472|73244&4&59.93144206415185|73250&4&294.86847062638486|73252&4&86.83956791019705|73258&4&213.5623326881275|73270&4&39.804942238326994|73276&4&700.7634187472758|73282&4&84.49214328346206|73285&4&153.85089367841812|73287&4&6.0100628899703|73304&4&19.684849751194697,2|73191&4&264.94008349854516|73192&4&256.0074302813173|73196&4&469.16099574479676|73198&4&585.4158039910631|73201&4&102.39087447932899|73210&4&98.21510607106275|73214&4&315.1212870666021|73235&4&581.0038521608795|73241&4&272.34337369118936|73245&4&360.32068359238406|73253&4&247.7169568800744|73261&4&148.0544011929059|73262&4&87.30989825247278|73264&4&2.810170989213355|73265&4&668.4050360037959|73271&4&685.9847796378249|73274&4&51.4754377493091|73283&4&529.968268749468,2|73203&4&211.3061228793119|73205&4&512.3694245029178|73208&4&607.5197009174803|73210&4&0.8892545930517565|73211&4&8.37089742396619|73213&4&410.6232126654238|73217&4&646.5668761856043|73219&4&5.143410838701465|73224&4&379.3392985502212|73232&4&160.13378209650259|73235&4&34.60606353682166|73236&4&497.52811324828025|73238&4&28.23014202369622|73239&4&136.13840789374933|73243&4&250.3573653472377|73245&4&3.7172837478504612|73251&4&498.86581472603143|73252&4&21.652468847616085|73253&4&175.93183327315725|73254&4&87.14878476521773|73255&4&549.2274705459961|73256&4&9.173834689780033|73262&4&243.59798634417757|73263&4&3.994088348429178|73267&4&320.16453424643635|73274&4&327.2321141257208|73282&4&3.5572484704387346|73285&4&53.838286650084314|73288&4&130.28213625933378|73291&4&3.237270619791431|73292&4&31.369471317333357|73294&4&43.553404604928694|73296&4&41.034562237274635|73298&4&5.4801676642210655|73300&4&12.659295207997145,2|73190&4&8.43769498715119E-15|73191&4&147.92041461353074|73194&4&732.2460417021748|73200&4&635.7215215374199|73202&4&682.5080603725542|73203&4&81.29906841491241|73204&4&376.4800211821598|73205&4&-2.4868995751603507E-14|73206&4&360.7440398636707|73218&4&318.76028387087786|73219&4&473.11642486106075|73221&4&28.80855270243928|73222&4&182.98868390845823|73225&4&3.9534614678422613|73232&4&90.99867686684148|73237&4&65.9982488842071|73240&4&221.4766066555499|73242&4&161.5877224367279|73250&4&66.77711643577985|73256&4&617.2619523758233|73259&4&568.9453235963258|73275&4&-5.773159728050814E-15|73279&4&131.08754413843724|73281&4&218.24807388904088|73286&4&595.5234539205601|73288&4&220.7776838496322|73305&4&17.07232331274154,2|73190&4&29.558409659967595|73204&4&2.28789281405216|73221&4&80.72750137460972|73223&4&187.4719098039143|73228&4&137.25331864049656|73229&4&108.39771441110877|73233&4&535.1230949990666|73234&4&476.2544396019098|73244&4&266.7724810312266|73247&4&110.88172689097796|73249&4&682.6911555457302|73259&4&16.78839390678775|73262&4&62.563876289883616|73265&4&95.46910838649012|73269&4&40.76199162016717|73274&4&0.41057683731629735|73280&4&301.4246866128947|73287&4&8.094286095740614|73301&4&61.85998938632482,2|73189&4&382.630410017762|73197&4&353.56156307440096|73207&4&6.771829236803126|73208&4&-2.4868995751603507E-14|73220&4&198.70630707584883|73240&4&97.52634399347339|73246&4&156.23405442412985|73247&4&168.44965515648417|73257&4&590.1689674207906|73258&4&410.641173032066|73268&4&8.441473600441002|73271&4&45.920935753665745|73277&4&165.55757099702276|73284&4&468.06286209082714|73303&4&46.28132936725114
50|4,130,1,1,1,1,1,1,1,1,1,1,1,1,1,1,1,1,1,1,1,1,1,1,1,1,1,1,1,1,1,1,1,1,1,1,1,1,1,1,1,1,1,1,1,1,1,1,1,1,1,1,1,1,1,1,1,1,1,1,1,1,1,1,1,1,1,1,1,1,1,1,1,1,1,1,1,1,1,1,1,1,1,1,1,1,1,1,1,1,1,1,1,1,1,1,1,1,1,1,1,1,0,0,0,0,0,0,0,0,0,0,0,0,0,0,0,0,0,0,0,0,2|73192&4&4.03275913967357|73193&4&453.6084347550987|73198&4&134.15397686654512|73209&4&3.031219117303128|73210&4&317.8191997574283|73211&4&452.59949931556605|73220&4&0.9471940288777141|73228&4&345.8111446267252|73230&4&2.279179335012312|73234&4&28.862473460482335|73237&4&279.3118657018673|73241&4&112.42300033044845|73248&4&384.9775926240501|73252&4&121.04924968133082|73254&4&259.1323982107429|73262&4&16.35059960947068|73268&4&68.44587768320582|73281&4&40.04560231687169|73287&4&258.18819063276777|73299&4&28.026980839484125|73301&4&26.949110759341586|73302&4&28.03812623781345|73304&4&32.378733802530874|73306&4&10.380290896770783,2|73198&4&6.99272346277812|73201&4&185.9591405635485|73207&4&350.0355314152444|73212&4&535.7818474159725|73215&4&215.40065925434328|73216&4&14.335364771702666|73218&4&72.01728594504738|73221&4&349.58965472918334|73222&4&321.9694685480716|73223&4&121.37570489548911|73225&4&487.9407260628175|73226&4&535.3204304038126|73227&4&9.235786297620596|73229&4&340.64086712088357|73232&4&10.061203823874383|73239&4&402.85207971565694|73241&4&32.30171023000155|73242&4&222.38472886886902|73244&4&51.91642709520745|73250&4&223.04797708457454|73252&4&101.89077577566152|73253&4&25.472781320158816|73254&4&236.7694143343552|73261&4&5.3104183785646555|73264&4&513.2890340288949|73270&4&366.7643205471224|73272&4&0.13984228919577457|73273&4&551.726205548289|73274&4&10.47208418088693|73275&4&391.467315988489|73277&4&163.85738140606117|73282&4&110.36854579537524|73285&4&412.54998188669947|73289&4&35.871346955605844|73293&4&43.92213076249848,2|73189&4&120.46388988724183|73191&4&5.258610503012141|73196&4&2.0167560991956295|73199&4&29.063434037154195|73204&4&7.745997672892484|73205&4&139.20353124655946|73206&4&44.78165242414808|73207&4&165.05084287338985|73209&4&587.0609281661098|73210&4&2.0935786549187156|73215&4&195.270218167294|73216&4&190.58686388637153|73220&4&1.5737820087836258|73230&4&597.0140769204277|73240&4&100.40483987242675|73246&4&71.18516440964603|73247&4&106.74289136651484|73252&4&48.969963303066805|73258&4&17.379753680206672|73260&4&503.8688550995909|73263&4&401.60055107211394|73264&4&51.43236022870171|73265&4&5.30136252863648|73266&4&404.3046807591604|73268&4&33.843795111034886|73269&4&463.7917605802041|73270&4&-2.5757174171303632E-14|73278&4&699.5823036325787|73281&4&20.0602232574796|73286&4&157.25693615379754|73287&4&66.6770373743287,2|73190&4&178.7743965901642|73195&4&338.23831145402124|73200&4&23.82706441670429|73211&4&171.14475504280128|73214&4&26.946683660409338|73220&4&300.9165962708455|73224&4&87.69965269278592|73231&4&628.0804595350526|73234&4&77.88615966797613|73237&4&1.865174681370263E-14|73243&4&85.8688472522953|73245&4&91.41201377267979|73246&4&85.597341763614|73248&4&44.2432205975543|73258&4&22.858759967631926|73261&4&161.05457595978982|73264&4&82.99770256873241|73268&4&439.2187987313785|73272&4&564.0421753898448|73277&4&6.5308495645019615|73282&4&273.1523158007048,2|73190&4&142.29343179015436|73193&4&67.5252921880406|73198&4&17.3673359131321|73199&4&440.81682704664297|73204&4&98.0382790792229|73207&4&80.81000629179059|73216&4&177.09816200185455|73225&4&2.0810480391333037|73227&4&527.4048263089743|73238&4&572.2823737212382|73241&4&7.645095843895092|73244&4&51.92501541788676|73250&4&271.0380935582761|73252&4&77.07140265381051|73258&4&191.10798518303739|73270&4&118.60279949606634|73276&4&721.0208072087433|73282&4&97.0875277849363|73285&4&137.37894419332463|73287&4&2.04927052742929|73304&4&17.248105861581784,2|73191&4&236.76331255096537|73192&4&311.8244209770091|73196&4&501.1594285537222|73198&4&544.5175928944617|73201&4&86.39182295209099|73210&4&87.25605889316331|73214&4&361.47952629786147|73235&4&646.4269311246633|73241&4&249.12413542140212|73245&4&328.30379052850685|73253&4&228.83011805612512|73261&4&135.76270167779995|73262&4&78.4002737169794|73264&4&-1.687538997430238E-14|73265&4&618.5840009371027|73271&4&738.0621675725729|73274&4&44.8190009897984|73283&4&510.77947710586994,2|73203&4&256.10314539224044|73205&4&462.6840917105705|73208&4&632.3151749860737|73210&4&-1.1102230246251565E-15|73211&4&2.7341453704625116|73213&4&409.89582447098167|73217&4&663.8826366789028|73219&4&2.295963239819663|73224&4&375.93392841269457|73232&4&204.11117723793396|73235&4&21.448199148165475|73236&4&468.4133185177771|73238&4&17.807941655505722|73239&4&112.90148036623438|73243&4&305.49571642508613|73245&4&1.252302475988665|73251&4&544.6833533438455|73252&4&14.039877693481605|73253&4&176.06289978459813|73254&4&169.989076940786|73255&4&587.0757478365765|73256&4&3.171449083441005|73262&4&228.10955723381258|73263&4&1.478926893927832|73267&4&304.5307968867704|73274&4&307.1957680847609|73282&4&1.7786242352193682|73285&4&38.557444095756466|73288&4&107.63067764753606|73291&4&3.0214525784720023|73292&4&28.92304208949355|73294&4&39.71312666992349|73296&4&45.50792467750503|73298&4&5.1110975709219995|73300&4&11.779645570839946,2|73191&4&161.87360501473296|73194&4&780.7764471338876|73200&4&690.3481565580701|73202&4&644.6107909493221|73203&4&67.72950993349703|73204&4&350.42630081773706|73206&4&409.38211502638126|73218&4&342.50078543618656|73219&4&434.8852151164623|73221&4&18.77317714215859|73222&4&153.56905805964124|73225&4&3.624006345522073|73232&4&74.8107173365115|73237&4&55.87889379935554|73240&4&202.74130007547367|73242&4&137.7597528845837|73250&4&48.5521400648434|73256&4&669.8221067551802|73259&4&598.712787819574|73279&4&122.77393979489338|73281&4&203.68170779572455|73286&4&537.0768001737953|73288&4&265.281944803735|73305&4&15.854499084799793,2|73190&4&21.767112353779773|73204&4&-1.687538997430238E-14|73221&4&72.6737314622965|73223&4&158.4975810673766|73228&4&118.8290335481493|73229&4&85.71122468488066|73233&4&504.6722818782559|73234&4&446.1381824431661|73244&4&337.74591733105086|73247&4&87.03481651594636|73249&4&725.9775467974764|73259&4&9.745090673839082|73262&4&127.72215037775311|73265&4&113.02937903633492|73269&4&29.652742952371774|73274&4&0.20528841865814915|73280&4&301.36029692352076|73287&4&5.396190730493749|73301&4&54.65858932652597,2|73189&4&346.10076499026997|73197&4&334.53451973741954|73207&4&6.320373954349584|73220&4&252.04043865018957|73240&4&81.05219694161744|73246&4&218.75020431624415|73247&4&158.8360631269736|73257&4&622.9801016838333|73258&4&385.73730086812174|73268&4&3.2988745209431762|73271&4&32.157258882550494|73277&4&138.58771832298638|73284&4&457.0055474701261|73303&4&41.68868334162979
51|4,130,1,1,1,1,1,1,1,1,1,1,1,1,1,1,1,1,1,1,1,1,1,1,1,1,1,1,1,1,1,1,1,1,1,1,1,1,1,1,1,1,1,1,1,1,1,1,1,1,1,1,1,1,1,1,1,1,1,1,1,1,1,1,1,1,1,1,1,1,1,1,1,1,1,1,1,1,1,1,1,1,1,1,1,1,1,1,1,1,1,1,1,1,1,1,1,1,1,1,1,1,0,0,0,0,0,0,0,0,0,0,0,0,0,0,0,0,0,0,0,0,2|73192&4&1.4241542154042968|73193&4&424.8790102907693|73198&4&127.23208085154322|73209&4&2.042810365310288E-14|73210&4&322.777924344212|73211&4&516.3932985546985|73220&4&9.769962616701378E-15|73228&4&335.93652450621414|73230&4&-7.105427357601002E-15|73234&4&17.46788686903939|73237&4&262.65784093736414|73241&4&150.5309498258045|73248&4&393.3150749057461|73252&4&181.25867359636547|73254&4&222.37164244931094|73262&4&8.45593463199195|73268&4&155.2618032094565|73281&4&78.45399414505837|73287&4&309.5837109578131|73299&4&25.623807274546763|73301&4&32.21868904763872|73302&4&25.608361211868832|73304&4&29.68516158357029|73306&4&9.613077200603595,2|73198&4&1.9140637100188735|73201&4&223.67151375516139|73207&4&322.1936801569356|73212&4&538.0130419861091|73215&4&262.8562382379078|73216&4&6.224448409610179|73218&4&54.815594855244356|73221&4&392.3713976347618|73222&4&300.9024828601855|73223&4&158.1973636232114|73225&4&444.18912425581726|73226&4&533.4260294500759|73227&4&4.512230138349594|73229&4&388.1219034645045|73232&4&9.22277017188485|73239&4&450.1436537586991|73241&4&30.362712786015578|73242&4&286.7381556177582|73244&4&35.75102829525931|73250&4&207.98702088404178|73252&4&95.91893100390335|73253&4&17.61022209584962|73254&4&222.53569989248552|73261&4&3.9044350251312987|73264&4&477.6691912712719|73270&4&330.97755307947295|73272&4&0.06992114459788705|73273&4&497.4027266330411|73274&4&9.163073658276062|73275&4&431.13682381892505|73277&4&202.05884080630923|73282&4&103.50609878606218|73285&4&413.10317089451|73289&4&41.61220618537422|73293&4&39.077655551207556,2|73189&4&164.96369020562796|73191&4&3.5057403353414216|73196&4&-1.7763568394002505E-14|73197&4&29.30143225956391|73199&4&35.682781592529835|73204&4&4.823704723118388|73205&4&229.91045122968671|73206&4&30.280824932368578|73207&4&178.7625291593148|73209&4&614.3921964113647|73210&4&0.5235978410212361|73215&4&162.4567004930744|73216&4&195.49451053232167|73220&4&0.7868910043918153|73230&4&635.6937730505651|73240&4&114.10636294719554|73246&4&51.61484896730349|73247&4&124.89913523859276|73252&4&43.49775118128741|73258&4&13.903802944165342|73260&4&524.7229227462317|73263&4&363.3011574346581|73264&4&36.42067792149153|73265&4&1.200790255610205|73266&4&404.229857500657|73268&4&23.392623483018838|73269&4&429.2528467008896|73278&4&708.7169649471005|73281&4&13.56199492173892|73286&4&235.7689630045717|73287&4&56.04277748225816,2|73190&4&160.3025027502618|73195&4&316.6318709688427|73200&4&12.000080876120903|73211&4&144.22857846042376|73214&4&17.019810227637727|73220&4&269.7809981262214|73224&4&76.7579091871097|73231&4&665.4999949191193|73234&4&128.2490787509298|73243&4&67.31545948746128|73245&4&86.8414130840458|73246&4&74.93667953606082|73248&4&28.858121041190593|73258&4&14.276710510425659|73261&4&187.47470242052643|73264&4&72.59080344379667|73268&4&400.58783802306806|73272&4&521.6402699372411|73277&4&6.05092113974502|73282&4&242.06758491211923|73304&4&9.584915722276042,2|73190&4&194.15896293153966|73193&4&48.8285478486234|73198&4&14.609562663730575|73199&4&393.0412400749678|73204&4&84.30501607433696|73207&4&61.07547282854674|73208&4&86.87512514499089|73216&4&158.16126706841357|73222&4&81.77740983911832|73225&4&3.552713678800501E-15|73227&4&520.9521672986557|73238&4&571.4749410796517|73241&4&2.5091306707457077|73244&4&43.91858877162167|73250&4&247.2077164901674|73252&4&67.30323739742397|73258&4&168.65363767794724|73270&4&142.83988784152643|73276&4&653.4982030727155|73282&4&91.97583113422138|73285&4&120.90699470823114|73287&4&-6.217248937900877E-15|73303&4&2.4316323524743098|73304&4&14.81136197196887,2|73191&4&208.58654160338554|73192&4&359.3525470488637|73196&4&477.2139283353333|73198&4&503.6193817978607|73201&4&70.75343242077429|73210&4&76.29701171526388|73214&4&418.1996120934132|73235&4&696.2045992029779|73241&4&225.9048971516149|73245&4&296.28689746462965|73253&4&209.9432792321759|73261&4&123.471002162694|73262&4&69.49064918148602|73265&4&568.7629658704095|73271&4&775.773049343966|73274&4&38.162564230287686|73283&4&535.6867282658163,2|73203&4&313.8471787483003|73205&4&415.75000966172126|73208&4&575.9337779010257|73211&4&-6.217248937900877E-15|73213&4&447.60014181551986|73217&4&695.4232433590256|73219&4&0.0|73224&4&351.41375829533337|73232&4&262.1714575022121|73235&4&10.92839972673676|73236&4&429.9412606673375|73238&4&10.349390647528951|73239&4&90.88166728809672|73243&4&355.7409178503424|73245&4&-3.9968028886505635E-15|73251&4&594.1172026711324|73252&4&7.494160376718147|73253&4&235.2172938314637|73254&4&255.88851864682266|73255&4&548.867161265393|73256&4&0.0|73262&4&212.62112812344756|73263&4&-6.661338147750939E-15|73267&4&297.841229050656|73274&4&355.4550680749318|73282&4&-1.9539925233402755E-14|73285&4&25.988223769372297|73288&4&86.89234920597565|73291&4&2.8056345371525735|73292&4&26.476612861653727|73294&4&35.872848734918264|73296&4&51.03676855066446|73298&4&4.742027477622933|73300&4&10.899995933682746,2|73191&4&154.21524106201838|73194&4&813.3539970156609|73200&4&740.9540027863027|73202&4&700.0787354090357|73203&4&54.15995145208166|73204&4&324.37258045331424|73206&4&463.1205765760657|73218&4&369.82687659274507|73219&4&396.65400537186383|73221&4&11.039954091302903|73222&4&125.17737572849657|73225&4&67.04951754693631|73232&4&61.02559092765881|73237&4&45.75953871450399|73240&4&184.0059934953975|73242&4&114.68614986716074|73250&4&33.121112971167335|73256&4&719.3841351891926|73259&4&637.3273818719526|73273&4&106.65980952502463|73279&4&114.4603354513495|73281&4&189.11534170240822|73286&4&481.10150191018676|73288&4&254.14878569495667|73305&4&14.636674856858045,2|73190&4&14.522265923604985|73221&4&64.6199615499833|73223&4&129.5232523308388|73228&4&100.40474845580204|73229&4&63.02473495865256|73233&4&523.6970288149869|73234&4&416.0219252844226|73244&4&410.46121224065405|73247&4&66.66056539146237|73249&4&755.5341611478336|73259&4&4.353486295442213|73262&4&186.41321872819697|73263&4&74.8101286178559|73265&4&206.58899823466848|73269&4&18.843401171186734|73274&4&9.43689570931383E-16|73280&4&325.75013132317423|73287&4&2.6980953652468838|73301&4&47.4571892667271,2|73189&4&311.6469005594467|73197&4&315.5074764004382|73207&4&5.868918671896043|73220&4&244.57754515370016|73240&4&64.57804988976149|73246&4&279.58459440440004|73247&4&149.22247109746309|73257&4&625.3445907155935|73258&4&376.5294968022785|73268&4&2.042810365310288E-14|73271&4&20.176565592742413|73277&4&113.90018352819405|73284&4&517.0957332509685|73303&4&37.096037316008434
52|4,130,1,1,1,1,1,1,1,1,1,1,1,1,1,1,1,1,1,1,1,1,1,1,1,1,1,1,1,1,1,1,1,1,1,1,1,1,1,1,1,1,1,1,1,1,1,1,1,1,1,1,1,1,1,1,1,1,1,1,1,1,1,1,1,1,1,1,1,1,1,1,1,1,1,1,1,1,1,1,1,1,1,1,1,1,1,1,1,1,1,1,1,1,1,1,1,1,1,1,1,1,0,0,0,0,0,0,0,0,0,0,0,0,0,0,0,0,0,0,0,0,2|73192&4&1.4210854715202004E-14|73193&4&396.14958582643993|73198&4&120.31018483654132|73210&4&301.9129463085153|73211&4&532.53787229829|73228&4&412.5050479570705|73234&4&9.176822915255698|73237&4&325.78399654308623|73241&4&163.96339329632997|73248&4&461.928067684167|73252&4&234.77901309941686|73254&4&189.43018402145216|73262&4&2.86851402231239|73268&4&239.27195319129868|73281&4&111.99181888040992|73287&4&356.95788094286013|73299&4&23.2206337096094|73301&4&40.76915240345088|73302&4&23.178596185924214|73304&4&26.99158936460971|73306&4&8.845863504436405,2|73198&4&0.0|73201&4&254.33915701486154|73207&4&294.3518288986267|73212&4&496.56872426668906|73215&4&308.48654103847264|73216&4&1.3909951475911955|73218&4&38.79872270462995|73221&4&366.85725603235505|73222&4&279.83549717229937|73223&4&161.28311306413104|73225&4&400.43752244881705|73226&4&511.0904911869814|73227&4&0.6091576970286843|73229&4&433.928391145708|73232&4&8.384336519895317|73239&4&496.2026771957732|73241&4&28.42371534202961|73242&4&297.0028015917101|73244&4&22.115180430585475|73250&4&192.92606468350897|73252&4&89.94708623214518|73253&4&10.811473016953443|73254&4&208.30198545061586|73261&4&2.498451671697942|73264&4&518.2607416687224|73270&4&295.19078561182357|73272&4&-4.718447854656915E-16|73273&4&445.9932625863176|73274&4&7.854063135665195|73275&4&414.88354170339517|73277&4&245.18849333828268|73282&4&96.64365177674911|73285&4&472.33929874804676|73289&4&49.37509691905773|73293&4&34.23318033991663,2|73189&4&168.85800674331273|73191&4&1.752870167670702|73197&4&27.836360646585714|73199&4&113.09046815100493|73204&4&4.569825527164772|73205&4&318.3141627869887|73206&4&18.224684238384924|73207&4&256.35811466523467|73209&4&558.3120079200582|73210&4&0.29084263987944|73215&4&131.8531829625036|73216&4&215.9415392480125|73220&4&4.6629367034256575E-15|73230&4&672.1674606462561|73240&4&191.95953770175788|73246&4&35.02174129492737|73247&4&170.2822196614329|73252&4&38.02553905950802|73258&4&10.427852208124012|73260&4&535.6458002693321|73263&4&325.001763797202|73264&4&21.5652082963615|73265&4&1.7763568394002505E-15|73266&4&405.1379424064723|73268&4&12.941451855002796|73269&4&394.71393282157516|73278&4&735.0259925760763|73281&4&10.092565952173478|73286&4&255.0378709876698|73287&4&45.40851759018763,2|73190&4&141.8306089103594|73195&4&284.5895045479799|73200&4&4.086997530131291|73211&4&117.31240187804622|73214&4&8.731589367866642|73220&4&238.64539998159725|73224&4&65.81616568143349|73231&4&605.6258275160271|73234&4&209.51480372453432|73243&4&50.67440609230842|73245&4&82.27081239541181|73246&4&64.27601730850765|73248&4&21.81060895415723|73258&4&7.298690823096206|73261&4&194.5881995353249|73264&4&62.183904318860954|73268&4&361.95687731475755|73272&4&479.23836448463726|73277&4&5.570992714988078|73282&4&210.98285402353372|73304&4&19.217245404461444,2|73190&4&260.0250658557233|73193&4&33.32230742308782|73198&4&11.851789414329055|73199&4&345.41151078866017|73204&4&70.571753069451|73207&4&43.63198005762467|73208&4&141.75350603495622|73216&4&139.22437213497255|73222&4&148.0426301443914|73227&4&583.3295204755707|73238&4&636.9412589918252|73241&4&0.0|73244&4&35.91216212535657|73250&4&246.68394170580518|73252&4&57.53507214103745|73258&4&146.19929017285713|73269&4&4.01414097979017|73270&4&157.3514882065584|73276&4&588.5080698979591|73282&4&168.31206250676848|73285&4&104.43504522313765|73303&4&9.992003554071431|73304&4&12.374618082355957,2|73191&4&180.40977065580574|73192&4&405.6892256528895|73196&4&448.2990986338893|73198&4&462.7211707012595|73201&4&57.90552084476786|73210&4&65.33796453736443|73214&4&471.95694989913295|73235&4&683.4623097060631|73241&4&202.68565888182766|73245&4&264.27000440075255|73253&4&191.05644040822665|73261&4&111.17930264758806|73262&4&60.58102464599264|73265&4&518.9419308037163|73271&4&752.262534011729|73274&4&31.50612747077698|73283&4&586.1228697076269,2|73203&4&368.44244095158865|73205&4&371.9745190787211|73208&4&522.4488875419005|73212&4&45.4022092790259|73213&4&479.0541308252431|73217&4&727.3472226463459|73221&4&66.13397071728059|73224&4&368.7184969860146|73232&4&270.20629105233945|73235&4&3.72835090960623|73236&4&408.95217306890424|73238&4&3.6736972060441877|73239&4&71.32695691822518|73243&4&404.5665169116373|73251&4&606.6747084375039|73252&4&2.531096989434118|73253&4&267.51942366654663|73254&4&337.246782778333|73255&4&529.0793256248645|73262&4&197.13269901308257|73267&4&274.17981614140933|73273&4&115.8223752763302|73274&4&399.67424466367896|73285&4&15.651680018494227|73288&4&68.3172846573797|73291&4&2.5898164958331447|73292&4&24.030183633813913|73294&4&32.032570799913046|73296&4&46.6093770663099|73298&4&4.3729573843238665|73300&4&10.020346296525547,2|73191&4&218.76814689612584|73194&4&803.1820446988813|73200&4&687.2202093398046|73202&4&735.3093750588789|73203&4&40.59039297066628|73204&4&298.3188600888914|73206&4&457.26698712106855|73218&4&415.8211495895657|73219&4&439.2777769139035|73221&4&5.916180124935847|73222&4&99.19694376106284|73225&4&160.00688909696746|73232&4&49.04488577502707|73237&4&35.640183629652434|73240&4&165.2706869153213|73242&4&94.69131713770858|73250&4&20.185321608138647|73256&4&764.3765232897722|73259&4&607.4627645693267|73273&4&101.3268190487734|73279&4&106.14673110780564|73281&4&174.5489756090919|73286&4&428.2357688076234|73288&4&238.22377678658845|73305&4&13.4188506289163,2|73190&4&8.381840038853843|73193&4&43.8214254256269|73221&4&56.56619163767011|73223&4&111.90592445761678|73228&4&81.98046336345477|73229&4&40.8103990608458|73233&4&554.4811750632076|73234&4&385.90566812567886|73244&4&478.9338460399455|73245&4&32.50295031092883|73247&4&48.16946457129339|73249&4&693.9979560553617|73259&4&0.7707926462190062|73262&4&249.0933898194532|73263&4&153.61432969825262|73265&4&242.33589102888908|73269&4&11.042364941197036|73276&4&27.00146467919612|73280&4&362.71043756419|73287&4&1.865174681370263E-14|73301&4&40.672973494723806,2|73189&4&279.5376397070545|73197&4&296.48043306345676|73207&4&5.417463389442501|73220&4&313.4806705817524|73240&4&48.103902837905544|73246&4&347.4954198148021|73247&4&139.60887906795256|73257&4&642.6976653933663|73258&4&416.35003957428205|73271&4&10.45416054959062|73277&4&91.69061692684701|73284&4&565.2611025985319|73296&4&9.578737188967358|73303&4&32.50339129038708
53|4,130,1,1,1,1,1,1,1,1,1,1,1,1,1,1,1,1,1,1,1,1,1,1,1,1,1,1,1,1,1,1,1,1,1,1,1,1,1,1,1,1,1,1,1,1,1,1,1,1,1,1,1,1,1,1,1,1,1,1,1,1,1,1,1,1,1,1,1,1,1,1,1,1,1,1,1,1,1,1,1,1,1,1,1,1,1,1,1,1,1,1,1,1,1,1,1,1,1,1,1,1,0,0,0,0,0,0,0,0,0,0,0,0,0,0,0,0,0,0,0,0,2|73193&4&367.4201613621105|73198&4&113.38828882153943|73210&4&281.0479682728186|73211&4&583.7145587058019|73228&4&482.1563869174775|73234&4&3.7034834838818615|73237&4&393.6527430738591|73241&4&255.72629719346259|73248&4&444.51498274978985|73252&4&222.35507662143198|73254&4&160.5881946108857|73262&4&-2.220446049250313E-14|73268&4&226.70830090673644|73281&4&111.84945513311759|73287&4&345.30940996195466|73299&4&20.81746014467204|73301&4&47.45047838338322|73302&4&20.74883115997959|73304&4&24.298017145649126|73306&4&8.078649808269216,2|73201&4&303.73887713976643|73207&4&266.5099776403178|73212&4&458.0608004671954|73215&4&366.4805046150777|73216&4&-8.43769498715119E-15|73218&4&25.49264978352602|73221&4&341.34311442994823|73222&4&258.76851148441324|73223&4&153.42424897169414|73225&4&359.56009235050846|73226&4&561.504226018362|73227&4&0.0|73229&4&477.88216165327947|73232&4&7.545902867905785|73239&4&463.5976254940569|73241&4&26.48471789804364|73242&4&279.7050048534677|73244&4&11.368165228366358|73250&4&177.8651084829762|73252&4&83.97524146038702|73253&4&5.4576448754424245|73254&4&194.06827100874617|73261&4&1.0924683182645851|73264&4&478.8303292533458|73270&4&259.5945770405467|73273&4&397.4080952149152|73274&4&6.545052613054327|73275&4&428.307151821616|73277&4&231.43071114073538|73282&4&89.78120476743607|73285&4&533.2801038278823|73289&4&56.3490234479379|73293&4&29.38870512862571,2|73189&4&240.94556227503085|73191&4&-1.7763568394002505E-14|73197&4&83.53772492768462|73199&4&107.27044627512582|73204&4&4.315946331211173|73205&4&301.30589569411006|73206&4&9.19916119302853|73207&4&344.2116676988238|73209&4&503.8366897726728|73210&4&0.05808743873763281|73215&4&103.98930137085208|73216&4&257.8742688314053|73230&4&608.8197946619405|73240&4&180.91241890836153|73246&4&21.31701227380588|73247&4&223.40448884909392|73252&4&32.553326937728635|73258&4&6.951901472082683|73260&4&510.9434123801216|73263&4&288.4459966759156|73264&4&10.749254385066187|73266&4&400.95496211284024|73268&4&6.073853120255958|73269&4&360.17501894226064|73278&4&765.5963655434247|73281&4&6.90992785785447|73286&4&241.06826801531946|73287&4&34.7742576981171,2|73190&4&123.35871507045695|73195&4&288.8487356085145|73200&4&4.263256414560601E-14|73211&4&93.31216143062045|73214&4&2.8936713474387825|73219&4&88.86731952695487|73220&4&207.5098018369731|73224&4&54.874422175757275|73225&4&35.627809335815186|73231&4&598.4629394276168|73234&4&235.03574621884013|73242&4&86.79693923948192|73243&4&36.30769710466346|73245&4&77.70021170677782|73246&4&53.61535508095446|73248&4&17.61683656462079|73258&4&3.4833788159115944|73261&4&195.05463759576853|73264&4&51.77700519392522|73268&4&323.32591660644715|73272&4&436.8364590320334|73277&4&5.091064290231136|73282&4&179.89812313494815|73304&4&28.03812114091849,2|73190&4&265.4218608385143|73193&4&21.005610570288425|73198&4&9.094016164927531|73199&4&300.59008438688227|73204&4&56.83849006456505|73207&4&28.914585562196493|73208&4&157.09196326535016|73216&4&120.28747720153152|73222&4&207.5491390070004|73227&4&567.1733180504625|73238&4&607.1561659087688|73244&4&27.905735479091476|73250&4&255.78397514360435|73252&4&47.76690688465092|73258&4&123.74494266776702|73269&4&64.89379170197316|73270&4&238.19094138230338|73276&4&526.556251040214|73282&4&247.99322835525402|73285&4&87.96309573804413|73303&4&16.957159339209575|73304&4&9.937874192743044,2|73191&4&152.23299970822592|73192&4&443.3981049279848|73196&4&419.2818334355198|73198&4&421.8229596046583|73201&4&45.06746758499568|73210&4&54.378917359465|73214&4&485.32471110235974|73235&4&699.9520529316305|73241&4&179.46642061204042|73245&4&234.12797675359565|73253&4&172.16960158427736|73261&4&98.88760313248211|73262&4&51.671400110499256|73265&4&469.1208957370232|73271&4&808.4293117149067|73274&4&24.849690711266277|73283&4&637.353579131552,2|73203&4&424.1505983475245|73205&4&331.2864129875433|73208&4&471.1759083414496|73212&4&43.1320988150746|73213&4&461.4368925426164|73217&4&660.9082419633786|73221&4&82.02341118346561|73224&4&400.58592688336125|73232&4&272.8287535803539|73235&4&1.1546319456101628E-14|73236&4&447.0835010305442|73238&4&0.0|73239&4&53.92364535043322|73243&4&389.1114062339131|73251&4&652.4543792843194|73252&4&-1.687538997430238E-14|73253&4&332.95466116795365|73254&4&381.8459555657523|73255&4&507.12943813205095|73262&4&181.64426990271755|73267&4&256.129841556885|73273&4&213.09059950609978|73274&4&446.80561451146843|73285&4&7.925162231770541|73288&4&51.91120309511725|73291&4&2.373998454513716|73292&4&21.5837544059741|73294&4&28.192292864907827|73296&4&42.18198558195533|73298&4&4.0038872910248005|73300&4&9.140696659368349,2|73191&4&303.82647852297976|73194&4&839.831839576322|73200&4&633.4864158933063|73202&4&774.9132610516206|73203&4&27.020834489250902|73204&4&272.26513972446867|73206&4&434.6213531487684|73218&4&465.5674348963493|73219&4&397.00381810497305|73221&4&3.3973382149158096|73222&4&75.80396672567753|73225&4&151.66595690903364|73232&4&37.06418062239533|73237&4&25.520828544800885|73240&4&146.5353803352451|73242&4&78.32128694300094|73250&4&10.341061324486574|73256&4&696.2251393202225|73259&4&656.3425612638698|73273&4&95.99382857252218|73279&4&97.83312676426179|73281&4&159.9826095157756|73286&4&378.30094578181684|73288&4&222.29876787822027|73305&4&12.201026400974552,2|73190&4&4.493938205084418|73193&4&116.24277647042547|73198&4&37.9201669685591|73205&4&115.09104449323775|73217&4&96.99376008332983|73221&4&48.51242172535691|73223&4&94.29598033714373|73228&4&63.55617827110751|73229&4&30.043573678881625|73233&4&582.3973343606825|73234&4&355.7894109669351|73244&4&556.7247920045832|73245&4&72.20033230817052|73247&4&32.82717495460596|73249&4&727.6465816404365|73259&4&0.12367188752262798|73262&4&253.49260358443667|73263&4&232.6915774953755|73265&4&266.35173652936965|73268&4&103.48997070114133|73269&4&3.9110997999289188|73276&4&77.13448529663533|73280&4&374.90041351724693|73301&4&34.36744473616232,2|73189&4&247.54140267413038|73197&4&277.45338972647534|73200&4&9.899984553392244|73207&4&4.9660081069889594|73209&4&19.094130781122463|73220&4&311.6807542557239|73240&4&33.36338438802789|73246&4&423.9206273289831|73247&4&129.995287038442|73257&4&683.8120858087173|73258&4&420.6277428741082|73264&4&90.26880586843718|73271&4&3.4442970151547945|73277&4&135.96525904883921|73284&4&624.2511336559162|73288&4&23.52036333906512|73296&4&18.70107525683631|73303&4&27.91074526476573
54|4,130,1,1,1,1,1,1,1,1,1,1,1,1,1,1,1,1,1,1,1,1,1,1,1,1,1,1,1,1,1,1,1,1,1,1,1,1,1,1,1,1,1,1,1,1,1,1,1,1,1,1,1,1,1,1,1,1,1,1,1,1,1,1,1,1,1,1,1,1,1,1,1,1,1,1,1,1,1,1,1,1,1,1,1,1,1,1,1,1,1,1,1,1,1,1,1,1,1,1,1,1,0,0,0,0,0,0,0,0,0,0,0,0,0,0,0,0,0,0,0,0,2|73193&4&338.6907368977811|73198&4&106.46639280653754|73210&4&279.333537520718|73211&4&653.242691972281|73228&4&445.35584634107533|73234&4&2.042810365310288E-14|73237&4&457.6131709741336|73241&4&324.35163379408067|73248&4&445.5145388720558|73252&4&209.6635079310429|73254&4&135.61476248233367|73268&4&214.14464862217415|73281&4&105.6200424937852|73287&4&408.3087921540771|73299&4&18.414286579734682|73301&4&53.91329413973696|73302&4&18.319066134034976|73304&4&21.60444492668854|73306&4&7.311436112102028,2|73201&4&329.4204661818701|73207&4&238.66812638200895|73212&4&421.55411154468095|73215&4&429.73129295599426|73218&4&15.540582733257512|73221&4&315.8289728275415|73222&4&237.70152579652716|73223&4&167.68134094637767|73225&4&319.5464833279117|73226&4&620.6446499094488|73229&4&535.8243425046027|73232&4&6.7074692159162534|73239&4&430.9925737923404|73241&4&24.545720454057676|73242&4&262.4072081152252|73244&4&3.9371764250614096|73250&4&162.80415228244343|73252&4&78.00339668862884|73253&4&1.879928578377307|73254&4&179.83455656687653|73261&4&-3.552713678800501E-15|73264&4&439.3999168379692|73270&4&226.78838435824542|73273&4&352.1700978927985|73274&4&5.23604209044346|73275&4&387.72774812609805|73277&4&217.67292894318803|73282&4&82.918757758123|73285&4&530.3231326511234|73289&4&62.61484263150971|73293&4&24.544229917334782,2|73189&4&310.99540434104193|73197&4&103.74556007392604|73199&4&101.45042439924671|73204&4&35.50041865904243|73205&4&284.2976286012314|73206&4&3.0492834123027985|73207&4&430.99104059507414|73209&4&452.5607234177122|73210&4&-4.3021142204224816E-16|73215&4&79.5334188961789|73216&4&308.25552550732766|73230&4&579.5942208809784|73240&4&169.8653001149652|73246&4&10.814274566046075|73247&4&281.9734977882327|73252&4&27.081114815949242|73258&4&3.4759507360413533|73260&4&523.5911919556222|73263&4&254.17573358594288|73264&4&3.376252104385615|73266&4&402.10004732161866|73268&4&2.7951134108820397|73269&4&325.63610506294617|73278&4&801.1479817314544|73281&4&4.062342741436659|73286&4&227.09866504296917|73287&4&26.683730124388703,2|73190&4&104.88682123055453|73195&4&301.1603180955701|73211&4&72.30234914115641|73214&4&1.865174681370263E-14|73219&4&118.99001678438783|73220&4&176.37420369234897|73224&4&43.93267867008105|73225&4&136.74255835561974|73231&4&610.61501855091|73234&4&240.71723198645705|73242&4&160.70897392751945|73243&4&24.31059532058378|73245&4&73.12961101814383|73246&4&42.95469285340127|73248&4&13.474883818498824|73258&4&0.0|73261&4&228.05535617271752|73264&4&41.37010606898949|73268&4&284.69495589813675|73272&4&394.43455357942963|73277&4&4.6111358654741945|73282&4&148.97590320684583|73293&4&7.116429910055497|73304&4&36.74546322420808|73305&4&1.9355915578966005,2|73190&4&334.24286041651635|73193&4&12.354679959350264|73198&4&6.336242915526011|73199&4&255.924685151797|73204&4&43.30742516882414|73207&4&17.266282398575967|73208&4&241.08942772481646|73216&4&101.3505822680905|73222&4&275.5326488327727|73227&4&633.8213980201707|73238&4&667.5522591462448|73244&4&19.89930883282638|73250&4&275.32807995229786|73252&4&39.30016187845588|73258&4&101.29059516267688|73269&4&102.36465806193468|73270&4&316.87030574524437|73275&4&86.55059096013602|73276&4&467.49369807820494|73282&4&343.4292279082638|73285&4&71.49114625295063|73303&4&23.66901333259616|73304&4&7.501130303130131,2|73191&4&124.05622876064608|73192&4&480.3108946107583|73196&4&458.8579030523704|73198&4&380.92474850805706|73201&4&35.48475653162788|73210&4&43.41987018156556|73214&4&459.76995918069224|73235&4&691.451637885638|73241&4&156.2471823422532|73245&4&206.54848971160433|73253&4&153.28276276032815|73261&4&86.59590361737617|73262&4&42.76177557500587|73265&4&419.2998606703301|73271&4&848.7327630920704|73274&4&18.193253951755572|73283&4&630.0034278276706,2|73203&4&397.65703279017214|73205&4&294.4609105456573|73208&4&420.397115991627|73212&4&40.8619883511233|73213&4&434.18024050059415|73217&4&597.5747994146153|73221&4&100.09295912650754|73224&4&436.65878552987266|73232&4&340.89638930799356|73236&4&492.54897310076115|73239&4&39.386871200135914|73243&4&393.5381892526987|73251&4&698.6379127010028|73253&4&328.5414932325696|73254&4&454.59897097620336|73255&4&545.6655360657236|73262&4&166.15584079235256|73267&4&236.22725035464683|73273&4&307.22615430106754|73274&4&415.58593304405497|73285&4&3.3954983700497072|73288&4&37.763056499085394|73291&4&2.158180413194287|73292&4&19.137325178134283|73294&4&24.352014929902612|73296&4&37.754594097600766|73298&4&3.634817197725734|73300&4&8.261047022211148,2|73191&4&398.227030540794|73194&4&768.0686705251119|73200&4&579.7526224468082|73202&4&813.5890792450273|73203&4&13.451276007835522|73204&4&246.21141936004588|73206&4&438.77666460280545|73218&4&522.5304910390403|73219&4&355.01256024444854|73221&4&1.3797082784411616|73222&4&55.30983142173028|73225&4&143.32502472109985|73232&4&25.083475469763588|73237&4&16.388137226019943|73240&4&127.80007375516888|73242&4&61.951256748293325|73250&4&3.6440917739041088|73256&4&679.6602581324607|73259&4&603.8633980768316|73273&4&90.66083809627095|73279&4&117.0508543514218|73281&4&145.4162434224593|73286&4&331.6407804360168|73288&4&206.37375896985208|73305&4&10.983202173032806,2|73190&4&1.3092182870475373|73193&4&189.0791032997371|73198&4&85.14071291261851|73199&4&6.294794618399976|73205&4&148.37850570087375|73217&4&196.4709099747747|73221&4&40.45865181304371|73223&4&76.68603621667071|73228&4&46.73116964887645|73229&4&20.97434696941408|73233&4&615.5256922659565|73234&4&325.6731538081916|73239&4&12.152318884503922|73240&4&20.44273664691705|73244&4&619.0923870820552|73245&4&133.60285116513342|73247&4&20.16489689503098|73249&4&664.6835222681933|73259&4&8.604228440844963E-16|73262&4&258.0504380261166|73263&4&269.38082977349984|73265&4&277.5852246786111|73268&4&140.26411425309533|73269&4&-9.769962616701378E-15|73276&4&102.94049997461362|73280&4&406.49347097899846|73301&4&28.558150454815987|73306&4&3.9627790090721646,2|73189&4&218.22113876882162|73197&4&258.426346389494|73200&4&9.870902035515538|73207&4&4.514552824535418|73209&4&67.87821565666337|73220&4&384.35047919263917|73240&4&20.752566765895434|73246&4&502.61938122415427|73247&4&120.38169500893147|73257&4&667.1381019945896|73258&4&485.3130256382096|73264&4&87.09692047980796|73271&4&-1.1546319456101628E-14|73274&4&24.013443930175413|73277&4&192.048185788422|73284&4&605.1883287784434|73288&4&54.788289797160076|73296&4&27.25443658451018|73303&4&23.318099239144374
55|4,130,1,1,1,1,1,1,1,1,1,1,1,1,1,1,1,1,1,1,1,1,1,1,1,1,1,1,1,1,1,1,1,1,1,1,1,1,1,1,1,1,1,1,1,1,1,1,1,1,1,1,1,1,1,1,1,1,1,1,1,1,1,1,1,1,1,1,1,1,1,1,1,1,1,1,1,1,1,1,1,1,1,1,1,1,1,1,1,1,1,1,1,1,1,1,1,1,1,1,1,1,0,0,0,0,0,0,0,0,0,0,0,0,0,0,0,0,0,0,0,0,2|73193&4&309.9613124334517|73198&4&99.54449679153564|73210&4&321.83900100926064|73211&4&654.3298556020197|73228&4&452.2087004824134|73237&4&463.00515538483927|73241&4&342.59173005378636|73248&4&427.54678358328255|73252&4&196.97193924065374|73254&4&114.78561636890845|73268&4&201.58099633761188|73281&4&111.38135922885975|73287&4&382.1428476769062|73299&4&16.01111301479732|73301&4&59.453147444046756|73302&4&15.889301108090356|73304&4&18.91087270772796|73306&4&6.54422241593484,2|73201&4&329.96948991470185|73207&4&210.8262751237001|73212&4&385.0474226221665|73215&4&491.8291049801915|73218&4&7.5696962350177905|73221&4&290.31483122513475|73222&4&216.634540108641|73223&4&188.32567947066156|73225&4&282.278563324472|73226&4&688.4178122710059|73229&4&581.4133758063834|73232&4&5.8690355639267215|73239&4&398.3875220906241|73241&4&22.60672301007171|73242&4&245.10941137698285|73244&4&-1.865174681370263E-14|73250&4&147.74319608191064|73252&4&72.03155191687068|73253&4&0.0|73254&4&165.60084212500686|73264&4&399.9695044225926|73270&4&196.86585393623503|73273&4&309.939704176577|73274&4&3.927031567832593|73275&4&349.9217603085299|73277&4&203.9151467456407|73282&4&76.05631074880993|73285&4&579.9296661966923|73289&4&57.542555187108626|73293&4&19.934339309207985,2|73189&4&332.6756614650618|73197&4&98.19560523854781|73199&4&95.63040252336761|73204&4&84.77644255568117|73205&4&267.28936150835284|73206&4&6.217248937900877E-15|73207&4&519.8334427298572|73209&4&404.302111471701|73215&4&58.61922291483285|73216&4&289.4786670846013|73230&4&579.4328713484332|73240&4&158.8181813215689|73246&4&3.55786118400792|73247&4&351.91096347297207|73252&4&21.608902694169856|73258&4&2.398081733190338E-14|73260&4&510.1668308368308|73263&4&222.6119279347697|73264&4&-2.398081733190338E-14|73266&4&402.1598269717554|73268&4&-1.865174681370263E-14|73269&4&291.0971911836317|73278&4&819.6764775430481|73281&4&1.2147576250188474|73286&4&225.17591124102125|73287&4&18.74079754744898,2|73190&4&86.41492739065212|73195&4&329.7368382794806|73211&4&55.29337514556182|73219&4&141.99150669244082|73220&4&145.86558183196752|73224&4&32.99093516440483|73225&4&132.04889058856153|73231&4&626.5827623826347|73234&4&238.313537200155|73242&4&206.64531227835172|73243&4&15.299694328754855|73245&4&68.55901032950985|73246&4&32.294030625848094|73248&4&9.332931072376859|73261&4&251.22189595930672|73264&4&30.963206944053766|73268&4&246.0639951898263|73272&4&352.0326481268259|73277&4&4.131207440717253|73282&4&119.78172178011333|73293&4&14.25148092450516|73304&4&44.89630148018305|73305&4&10.111941532908922,2|73190&4&347.7260617122915|73193&4&4.970434918201347|73198&4&3.5784696661244886|73199&4&214.73638385379547|73203&4&11.760586864578213|73204&4&30.70931811365618|73207&4&8.574956341917645|73208&4&331.31451667551|73216&4&82.44941996723107|73222&4&274.45647349543646|73227&4&677.0904464414953|73238&4&710.4026327681707|73244&4&11.892882186561284|73249&4&37.98593823813916|73250&4&304.86295014343483|73252&4&104.23529126401726|73258&4&78.83624765758675|73269&4&188.06987895989187|73270&4&399.3124134985471|73275&4&165.64779571549508|73276&4&412.93815865722297|73282&4&354.7652806179047|73285&4&55.01919676785714|73303&4&30.219988791164155|73304&4&5.064386413517218,2|73191&4&97.923854552717|73192&4&499.42443698672423|73196&4&442.97959351476476|73198&4&340.02653741145593|73201&4&30.02686548998757|73210&4&32.46082300366613|73214&4&427.91090008271163|73235&4&747.7387940218516|73241&4&133.027944072466|73245&4&181.3835327386316|73253&4&134.3959239363789|73261&4&74.3042041022702|73262&4&33.852151039512485|73265&4&369.4788256036369|73271&4&899.5095200133892|73274&4&12.422297334617557|73283&4&678.9335264930899,2|73203&4&371.1634672328196|73205&4&257.76881940322335|73208&4&372.4795750989054|73212&4&49.06909533718674|73213&4&406.3014709201273|73217&4&537.6953137433063|73221&4&183.09478975204914|73224&4&399.43556219585423|73232&4&402.86477333306993|73236&4&493.9129981773296|73239&4&27.846096530929707|73243&4&405.7955971122101|73251&4&749.9211120465552|73253&4&392.9493412973745|73254&4&466.22702039333006|73255&4&594.569912847589|73262&4&150.66741168198755|73267&4&221.5207687279497|73273&4&325.3489362103365|73274&4&384.3662515766415|73285&4&-2.042810365310288E-14|73288&4&68.06381492795137|73291&4&1.9423623718748582|73292&4&16.69089595029447|73294&4&20.51173699489739|73296&4&33.3272026132462|73298&4&3.2657471044266675|73300&4&7.381397385053949,2|73191&4&488.0039815909375|73194&4&696.9234829831903|73197&4&68.21779480352245|73200&4&526.0188290003099|73202&4&855.348432606|73203&4&8.686179540528599|73204&4&220.1576989956231|73206&4&432.04868253319603|73216&4&67.62185073430311|73218&4&577.3690637863647|73219&4&314.53931327368895|73221&4&1.2434497875801753E-14|73222&4&37.81488717135731|73225&4&134.984092533166|73232&4&15.755944961175182|73237&4&8.755919178926076|73240&4&109.06476717509271|73242&4&46.20518082012949|73250&4&-6.217248937900877E-15|73256&4&655.874386035947|73259&4&606.1428575449988|73273&4&85.32784762001972|73279&4&110.28749840281974|73281&4&130.849877329143|73286&4&287.84279265529545|73288&4&190.44875006148388|73305&4&9.765377945091059,2|73190&4&7.105427357601002E-15|73193&4&274.3267739672822|73198&4&177.18009659018162|73199&4&32.02192100158224|73205&4&177.69531778150596|73217&4&299.63710987758384|73221&4&32.404881900730516|73223&4&60.34190525387359|73228&4&31.9467027109257|73229&4&13.169042315162539|73233&4&651.7152786886372|73234&4&295.5568966494479|73239&4&28.766227381500627|73240&4&70.3854436734498|73244&4&576.5914906607228|73245&4&198.01288705682555|73247&4&11.389985668221742|73249&4&603.2456755939618|73262&4&320.83475134869195|73263&4&337.7029780108767|73265&4&331.6593058389148|73268&4&247.60042668712256|73276&4&142.72799939475976|73280&4&436.7882380626503|73301&4&23.252135214926337|73306&4&11.80127479053208,2|73189&4&192.20334840213803|73197&4&239.39930305251255|73200&4&77.5533314988544|73207&4&4.063097542081876|73209&4&124.06025789226345|73220&4&459.38929990736125|73240&4&10.70428455135607|73246&4&577.6650180788882|73247&4&110.76810297942093|73257&4&705.07233168118|73258&4&449.9212216010678|73264&4&115.65858829162092|73274&4&38.742617135680696|73277&4&237.0412736592601|73284&4&657.8743867517557|73288&4&51.990074398954405|73294&4&5.516732282602902|73296&4&25.81981788202154|73303&4&18.94158053114786
56|4,130,1,1,1,1,1,1,1,1,1,1,1,1,1,1,1,1,1,1,1,1,1,1,1,1,1,1,1,1,1,1,1,1,1,1,1,1,1,1,1,1,1,1,1,1,1,1,1,1,1,1,1,1,1,1,1,1,1,1,1,1,1,1,1,1,1,1,1,1,1,1,1,1,1,1,1,1,1,1,1,1,1,1,1,1,1,1,1,1,1,1,1,1,1,1,1,1,1,1,1,1,0,0,0,0,0,0,0,0,0,0,0,0,0,0,0,0,0,0,0,0,2|73193&4&281.2318879691223|73198&4&92.62260077653374|73210&4&364.24464536165306|73211&4&716.5129180571115|73228&4&485.74006820348814|73237&4&521.7991627560476|73241&4&413.3743329707184|73248&4&486.763518732673|73252&4&184.28037055026465|73254&4&93.95647025548325|73268&4&189.0173440530496|73281&4&104.55241012080701|73287&4&355.97690319973526|73299&4&13.607939449859959|73301&4&64.2688426760693|73302&4&13.459536082145739|73304&4&16.217300488767375|73306&4&5.77700871976765,2|73201&4&394.0023631411084|73207&4&182.98442386539122|73212&4&348.54073369965204|73215&4&498.4250814601368|73218&4&2.861559734043783|73221&4&264.80068962272804|73222&4&195.5675544207549|73223&4&214.0513955055369|73225&4&248.8638044954106|73226&4&652.4477940186082|73229&4&620.9655779895278|73232&4&5.03060191193719|73239&4&365.7824703889076|73241&4&20.667725566085743|73242&4&227.81161463874042|73250&4&132.68223988137788|73252&4&66.0597071451125|73254&4&151.3671276831372|73264&4&360.53909200721597|73270&4&170.48191855385846|73273&4&271.31725869447405|73274&4&2.6180210452217256|73275&4&315.4882445753742|73277&4&190.15736454809337|73282&4&69.19386373949688|73285&4&591.6738424567071|73289&4&52.47026774270754|73293&4&15.754127122830177,2|73189&4&319.2814355042662|73197&4&92.6456504031696|73199&4&89.8103806474885|73204&4&143.91951842539328|73205&4&250.28109441547423|73207&4&489.8745155486007|73209&4&359.2023875201831|73215&4&41.864213786084754|73216&4&270.70180866187496|73230&4&590.5585669056379|73240&4&147.77106252817254|73246&4&3.907985046680551E-14|73247&4&420.42860111059724|73252&4&18.677229470593115|73260&4&464.3522955563381|73263&4&194.41632238719566|73266&4&402.56428427130396|73269&4&256.55827730431724|73278&4&857.9860640057123|73281&4&0.6073788125094299|73286&4&243.2121145574593|73287&4&11.189903976378675,2|73190&4&67.94303355074972|73195&4&298.4911816270654|73211&4&38.82427765350178|73219&4&239.92620974325328|73220&4&116.6989947294995|73224&4&22.049191658728617|73225&4&183.6180085660515|73231&4&647.2028314209593|73234&4&288.6865848807837|73242&4&270.20904558351754|73243&4&9.185734015843293|73245&4&63.98840964087586|73246&4&21.63336839829491|73248&4&5.190978326254893|73261&4&285.09208401853056|73264&4&20.55630781911804|73268&4&207.43303448151585|73272&4&341.27285985834294|73277&4&3.6512790159603106|73282&4&93.03443232349474|73293&4&21.38431307123527|73304&4&52.03969997888874|73305&4&17.97648551190663,2|73190&4&326.37380665907233|73193&4&0.9967560902556735|73198&4&1.589713011782652|73199&4&176.90116626600425|73203&4&60.907014851914155|73204&4&19.294820907398886|73207&4&3.3044897751623523|73208&4&418.6263956886892|73216&4&66.08155572505098|73222&4&273.97817077929875|73227&4&739.7516112773518|73238&4&645.8024776294199|73244&4&3.8864555402961884|73249&4&37.67634724766395|73250&4&351.7361236444318|73252&4&134.91127548691685|73258&4&56.381900152496634|73269&4&223.21360317076534|73270&4&393.0241244439279|73275&4&238.92829197773193|73276&4&362.0034474703883|73282&4&440.8062463059037|73285&4&38.547247282763635|73296&4&19.097531949861143|73303&4&36.5900680996868|73304&4&3.0086938486062644,2|73191&4&74.41350593603538|73192&4&529.6933156890387|73196&4&442.1729671358232|73198&4&299.1283263148548|73201&4&24.56897444834729|73210&4&21.501775825766693|73214&4&405.5100277219897|73235&4&785.8380793640335|73241&4&110.91386721613321|73245&4&156.33086082445095|73253&4&115.50908511242966|73261&4&62.01250458716426|73262&4&25.050069483309354|73265&4&321.91886384869156|73271&4&939.2791944058134|73274&4&8.39176499953763|73283&4&718.1893986901227,2|73190&4&99.92422650381451|73203&4&344.6699016754671|73205&4&221.3045370636974|73208&4&327.2708002417017|73212&4&57.79050392973522|73213&4&446.60814303709554|73217&4&481.2482427233239|73221&4&263.6170493044841|73224&4&381.6485653577822|73232&4&397.04696214488115|73236&4&536.6000599359063|73239&4&19.56076938159527|73243&4&424.0876566447937|73251&4&730.5354746244391|73253&4&446.32956332573724|73254&4&482.38797062810846|73255&4&647.4360458231256|73257&4&12.854369251517141|73262&4&135.17898257162256|73264&4&72.64767930119297|73267&4&215.3714326429853|73273&4&411.73671708620594|73274&4&353.1465701092281|73281&4&72.70248898656556|73288&4&108.06637873875027|73291&4&1.7265443305554293|73292&4&14.244466722454654|73294&4&16.67145905989217|73296&4&28.899811128891628|73298&4&2.8966770111276015|73300&4&6.501747747896749,2|73191&4&479.30922474430855|73194&4&694.6517667606115|73197&4&86.51099982452183|73200&4&474.1306693531174|73202&4&888.9330644098742|73203&4&4.909765098977107|73204&4&194.10397863120028|73206&4&461.1507075461104|73216&4&140.32353176830281|73218&4&550.512331404962|73219&4&274.84596356020523|73222&4&23.75899535074006|73225&4&126.6431603452322|73232&4&9.472886614314554|73237&4&3.206380710042142|73240&4&90.3294605950165|73242&4&32.40929811622028|73244&4&28.417317866501605|73256&4&677.2428985692139|73258&4&24.557611115249312|73259&4&559.707754187183|73273&4&79.9948571437685|73279&4&159.50846927272366|73281&4&116.2835112358267|73286&4&246.93465152342918|73288&4&174.52374115311568|73289&4&27.628654569757792|73305&4&8.547553717149313,2|73193&4&311.51050726154773|73198&4&265.91506867494115|73199&4&76.7272835410127|73205&4&236.71596823098025|73217&4&376.9979695706267|73221&4&24.351111988417312|73223&4&45.457737041530585|73228&4&19.658374022526147|73229&4&6.944040456536878|73233&4&691.1685415063596|73234&4&265.44063949070426|73239&4&44.11204684198236|73240&4&128.53043114122175|73244&4&534.0905942393904|73245&4&216.30078634591484|73247&4&3.744249427871011|73249&4&543.8889245495482|73262&4&384.7390771144522|73263&4&346.8821512755373|73265&4&438.4084978309225|73268&4&338.08781764953676|73276&4&203.94941771955143|73280&4&480.76558457892475|73301&4&18.476329752265954|73306&4&19.585746415884824,2|73189&4&167.25203098001316|73197&4&220.37225971553113|73200&4&112.98083985142837|73207&4&3.6116422596283346|73209&4&195.17613696945472|73220&4&430.146038932745|73240&4&3.595031091441689|73246&4&649.708021332048|73247&4&101.1545109499104|73257&4&642.0813463540939|73258&4&414.52941756392585|73264&4&109.4209609604357|73274&4&130.02206459002912|73277&4&307.28524675821683|73284&4&622.2495259311788|73288&4&49.19185900074874|73294&4&13.162204303231068|73296&4&24.385199179532904|73303&4&14.981065102353883
57|4,130,1,1,1,1,1,1,1,1,1,1,1,1,1,1,1,1,1,1,1,1,1,1,1,1,1,1,1,1,1,1,1,1,1,1,1,1,1,1,1,1,1,1,1,1,1,1,1,1,1,1,1,1,1,1,1,1,1,1,1,1,1,1,1,1,1,1,1,1,1,1,1,1,1,1,1,1,1,1,1,1,1,1,1,1,1,1,1,1,1,1,1,1,1,1,1,1,1,1,1,1,0,0,0,0,0,0,0,0,0,0,0,0,0,0,0,0,0,0,0,0,2|73193&4&252.50246350479287|73198&4&85.70070476153185|73210&4&417.24403312799745|73211&4&664.0465054698409|73228&4&522.4087223730196|73237&4&476.6546843066218|73241&4&493.1656736345909|73248&4&482.3636460765105|73252&4&171.58880185987553|73254&4&74.42340539576391|73268&4&176.45369176848732|73281&4&97.72346101275429|73287&4&329.81095872256424|73299&4&11.2047658849226|73301&4&69.45208467795548|73302&4&19.660341160231738|73304&4&13.523728269806792|73306&4&5.0097950236004625,2|73201&4&452.6824903744938|73207&4&155.14257260708234|73212&4&312.0340447771376|73215&4&464.0045021918164|73218&4&1.5441546554527248|73221&4&239.28654802032128|73222&4&174.5005687328688|73223&4&248.7669098666026|73225&4&219.30986714661674|73226&4&718.2663365401809|73229&4&659.402952730692|73232&4&4.192168259947658|73239&4&333.1774186871913|73241&4&18.728728122099774|73242&4&210.51381790049794|73250&4&117.62128368084511|73252&4&60.08786237335433|73254&4&137.13341324126753|73264&4&321.1086795918393|73270&4&147.33477791062262|73273&4&236.41197910190692|73274&4&1.3090105226108582|73275&4&283.3495355216451|73277&4&176.399582350546|73282&4&62.33141673018382|73285&4&547.8494230952189|73289&4&47.397980298306464|73293&4&12.069409226311658,2|73189&4&390.53492718264266|73197&4&87.09569556779135|73199&4&83.99035877160941|73204&4&215.36802847364254|73205&4&233.27282732259562|73207&4&459.915588367344|73209&4&317.5824287917298|73215&4&132.55195674656488|73216&4&251.92495023914861|73217&4&110.50156609622172|73220&4&59.54067492318705|73230&4&619.6126080644359|73240&4&136.7239437347762|73247&4&417.04504809664934|73252&4&15.745556247016385|73260&4&473.19569565510267|73263&4&169.57607870055824|73266&4&411.70427965262905|73269&4&222.78647426651284|73278&4&893.5199877675777|73281&4&-2.6645352591003757E-15|73286&4&277.4257160393808|73287&4&39.972429307344,2|73190&4&52.12437263537179|73195&4&269.2701085812866|73211&4&25.835962705616332|73219&4&320.5531189839535|73220&4&89.55337226921559|73224&4&11.107448153052399|73225&4&223.05980307221932|73231&4&680.0032282109358|73234&4&361.7146442387191|73242&4&299.3481360605255|73243&4&5.375250129133065|73245&4&59.41780895224187|73246&4&10.972706170741727|73248&4&2.5954891631274437|73261&4&304.50350003192926|73264&4&10.369953649675782|73268&4&172.00432665780573|73272&4&368.2051146901743|73277&4&3.171350591203369|73282&4&69.41692418055744|73293&4&28.48334531224208|73304&4&57.90238920535439|73305&4&25.960685319728746,2|73190&4&305.0215516058531|73193&4&2.220446049250313E-16|73198&4&1.2878587085651816E-14|73199&4&142.90477096312998|73203&4&93.93124850294144|73204&4&10.03987822037657|73207&4&19.06662344156738|73208&4&501.1509764668643|73216&4&52.523582246718405|73222&4&257.6208435327983|73227&4&790.962411329052|73238&4&647.3490143918614|73244&4&2.042810365310288E-14|73249&4&88.89748430919921|73250&4&396.4778838202745|73252&4&211.30006647341412|73258&4&37.846587855412224|73269&4&276.5589540230669|73270&4&445.8706052322751|73275&4&244.76364821707222|73276&4&314.630771062363|73282&4&514.5486581044916|73285&4&25.13220367359308|73296&4&27.35216014595663|73303&4&42.551795588899246|73304&4&1.510245158747977,2|73191&4&53.91621752798988|73192&4&521.950202383677|73196&4&490.2096778515482|73198&4&258.2301152182537|73201&4&19.111083406707014|73210&4&10.542728647867259|73214&4&457.0840262739661|73235&4&837.1425257330636|73241&4&90.47437306162118|73245&4&131.94709929361244|73253&4&96.62224628848041|73261&4&49.72080507205831|73262&4&16.98325688494085|73265&4&277.52621583766063|73271&4&855.9355295263773|73274&4&6.664099998442269|73283&4&726.8196709729293,2|73190&4&126.82878316884401|73203&4&318.17633611811465|73205&4&187.95517168697023|73208&4&285.1683574763754|73212&4&123.46408491979182|73213&4&472.0125774344259|73217&4&428.6716400693848|73221&4&345.61439668106874|73224&4&393.6014114109338|73232&4&454.5960699027034|73236&4&524.7085164517797|73239&4&12.537449532878611|73243&4&455.7646499176444|73251&4&710.1470966756572|73253&4&512.6576525084279|73254&4&554.8401333942618|73255&4&591.0547885610719|73257&4&59.14877081890316|73262&4&119.69055346125754|73264&4&153.8442903560116|73267&4&267.2606764863242|73273&4&477.6658786953359|73274&4&321.9268886418146|73281&4&83.96295672904706|73288&4&147.30002475509565|73291&4&1.5107262892360005|73292&4&11.798037494614837|73294&4&13.188645182210593|73296&4&24.520838125919802|73298&4&2.527606917828535|73300&4&5.62209811073955|73306&4&8.998138624336566,2|73191&4&556.5936060688953|73194&4&720.0288744123486|73197&4&82.80768341146701|73200&4&422.242509705925|73202&4&898.1048781583017|73203&4&1.804579425576498|73204&4&168.0502582667775|73206&4&497.81048143169636|73216&4&172.14328901675952|73218&4&604.2094105720296|73219&4&237.3903678029744|73222&4&52.23364841105908|73225&4&118.3022281572984|73232&4&6.34446407388403|73237&4&95.14735049034674|73240&4&71.59415401494032|73242&4&20.769758315043774|73244&4&26.996451973176526|73256&4&613.9463477482691|73258&4&99.96655862186438|73259&4&538.4213445548423|73273&4&74.66186666751727|73279&4&153.79219330021354|73281&4&101.71714514251039|73286&4&209.3647260447747|73288&4&158.59873224474748|73289&4&35.997872393138195|73305&4&7.329729489207567,2|73193&4&306.1333730907228|73198&4&366.409176068124|73199&4&143.90494545073017|73205&4&331.39654984645074|73217&4&356.61590312748797|73221&4&16.297342076104115|73223&4&32.549371362459034|73228&4&10.160743595590272|73229&4&2.5187158475668716|73233&4&726.6925184345961|73234&4&235.32438233196058|73239&4&60.863943188469435|73240&4&189.6085238738512|73244&4&491.589697818058|73245&4&276.7223994260714|73247&4&6.217248937900877E-15|73249&4&486.9763875377967|73262&4&385.8282384419928|73263&4&419.42138204653247|73265&4&476.3476689028587|73268&4&421.83527091020034|73276&4&275.03103982882845|73280&4&506.8425567775432|73301&4&14.239275069923686|73306&4&18.566553613215437,2|73189&4&145.3645902914561|73197&4&201.34521637854976|73200&4&115.47547475417956|73207&4&3.160186977174793|73209&4&267.175142198062|73220&4&400.9027779581287|73240&4&-6.217248937900877E-15|73246&4&607.5000693709043|73247&4&91.54091892039986|73257&4&581.9394221405576|73258&4&379.137613526784|73264&4&103.18333362925047|73274&4&146.93012553900542|73277&4&377.96733054959606|73284&4&681.1529999932889|73288&4&46.39364360254308|73294&4&20.325356567560377|73296&4&22.950580477044262|73303&4&11.49535709514683
58|4,130,1,1,1,1,1,1,1,1,1,1,1,1,1,1,1,1,1,1,1,1,1,1,1,1,1,1,1,1,1,1,1,1,1,1,1,1,1,1,1,1,1,1,1,1,1,1,1,1,1,1,1,1,1,1,1,1,1,1,1,1,1,1,1,1,1,1,1,1,1,1,1,1,1,1,1,1,1,1,1,1,1,1,1,1,1,1,1,1,1,1,1,1,1,1,1,1,1,1,1,1,0,0,0,0,0,0,0,0,0,0,0,0,0,0,0,0,0,0,0,0,2|73193&4&223.7730390404635|73198&4&78.77880874652995|73210&4&413.4279888038291|73211&4&611.58009288257|73228&4&572.1722337846061|73237&4&431.5102058571959|73241&4&463.4017339429541|73248&4&541.429744535534|73252&4&158.89723316948644|73254&4&57.647817223536705|73268&4&163.89003948392505|73281&4&90.89451190470155|73287&4&303.64501424539327|73299&4&8.80159231998524|73301&4&74.25634330378256|73302&4&16.79904762908559|73304&4&10.830156050846208|73306&4&4.242581327433274,2|73201&4&439.7760073967227|73207&4&127.30072134877346|73212&4&275.5814829157595|73215&4&429.58392292349595|73218&4&0.22674957686168004|73221&4&213.77240641791454|73222&4&153.4335830449827|73223&4&243.76642401593026|73225&4&191.98360407397257|73226&4&750.2283633716945|73229&4&686.890948244017|73232&4&3.3537346079581254|73239&4&300.5723669854749|73241&4&16.78973067811381|73242&4&193.21602116225552|73250&4&102.56032748031232|73252&4&54.11601760159616|73254&4&122.89969879939785|73264&4&281.6782671764627|73270&4&124.1876372673868|73273&4&205.21182474845597|73274&4&-9.325873406851315E-15|73275&4&251.41950085316793|73277&4&162.64180015299868|73282&4&55.46896972087075|73285&4&504.0250037337306|73289&4&42.32569285390539|73293&4&8.90742578727689,2|73189&4&454.2935929664331|73197&4&81.54574073241314|73199&4&78.1703368957303|73204&4&287.38840181498153|73205&4&216.26456022971703|73207&4&429.95666118608744|73209&4&279.37515839923395|73215&4&217.47485322014035|73216&4&233.1480918164222|73217&4&195.00535986308353|73220&4&147.95527589073114|73230&4&626.5711159645061|73240&4&125.67682494137989|73247&4&397.76989347481685|73252&4&12.813883023439653|73260&4&489.52420158231695|73263&4&145.84543632433432|73266&4&423.085965490865|73269&4&191.17579268483416|73278&4&931.7345415234496|73286&4&324.8548954760909|73287&4&58.64745746475418|73294&4&8.574379178692759,2|73190&4&37.001414752246404|73195&4&242.51893279839436|73211&4&15.772868922000168|73219&4&421.48803367603205|73220&4&65.09033925226143|73224&4&3.698490743767201|73225&4&308.2343407825795|73231&4&720.6524522650519|73234&4&445.9638337386413|73241&4&29.672545738932513|73242&4&375.32904241169155|73243&4&2.007645207690123|73245&4&54.84720826360788|73246&4&3.5886352202015575|73248&4&-1.4210854715202004E-14|73261&4&338.88032783950337|73264&4&3.736760148532565|73268&4&139.90624019501303|73272&4&341.48304719331657|73274&4&98.69970746949|73277&4&2.691422166446427|73280&4&20.64913575093931|73282&4&49.38987004943331|73293&4&35.94392659673095|73304&4&64.91602419163804|73305&4&33.92971342339735,2|73190&4&283.66929655263397|73199&4&112.65546050381417|73203&4&122.44201701356408|73204&4&3.4935961126571735|73207&4&70.282722341328|73208&4&511.05572413498066|73216&4&41.9890049062201|73222&4&241.2635162862978|73227&4&724.7917371414328|73238&4&584.2914894454605|73249&4&155.63321156485003|73250&4&456.48708510377764|73252&4&292.18841831462254|73258&4&22.846285401701678|73269&4&359.4689606228559|73270&4&509.19781433784794|73275&4&321.6730100274295|73276&4&270.5914418119459|73282&4&590.5319043153083|73285&4&15.106205029368919|73296&4&25.936808308784148|73303&4&48.291379874356544|73304&4&0.5488927176103215,2|73191&4&36.43963002920375|73192&4&505.6862717404597|73196&4&539.2621964159941|73198&4&217.33190412165243|73201&4&13.653192365066733|73210&4&5.6843418860808015E-14|73214&4&416.10555057873364|73235&4&815.0648590329722|73241&4&72.15359560303779|73245&4&108.7766622991374|73253&4&77.98600637455442|73261&4&37.42910555695236|73262&4&10.106048473545899|73265&4&234.16093086531762|73271&4&837.6170045636014|73274&4&4.936434997346931|73283&4&769.121890244094,2|73190&4&210.8022126247368|73203&4&291.68277056076215|73205&4&194.98836127570488|73208&4&246.1658029254284|73212&4&136.52522774203908|73213&4&453.44427675643317|73217&4&380.0522678014571|73221&4&430.9935511464832|73224&4&419.97975715100836|73232&4&503.7017123507743|73236&4&541.0531998644572|73238&4&32.09415806322943|73239&4&5.514129684161949|73243&4&489.00940868409185|73251&4&746.460234803235|73253&4&577.6993089006266|73254&4&519.5928861861553|73255&4&536.99908353177|73257&4&140.08238010441673|73262&4&104.20212435089255|73264&4&247.44532764702112|73267&4&322.81436053309073|73273&4&490.9261730803144|73274&4&290.70720717440116|73281&4&106.00032898103424|73288&4&205.29863747379488|73291&4&2.5473654037105624|73292&4&9.351608266775022|73294&4&10.040063310147529|73296&4&20.68508428492818|73298&4&2.1585368245294685|73300&4&4.74244847358235|73302&4&8.86040908432018|73306&4&17.810997341203034,2|73191&4&520.9393675316521|73194&4&760.861930673011|73195&4&28.328915813088916|73197&4&81.45687031878461|73200&4&370.3543500587325|73202&4&942.709546122439|73203&4&6.661338147750939E-15|73204&4&141.9965379023547|73206&4&536.9908395523487|73216&4&233.63314779734412|73218&4&571.5428312500808|73219&4&202.60179297592782|73222&4&97.59518074779271|73225&4&109.96129596936458|73232&4&3.2160415334535273|73237&4&194.1995532401785|73240&4&52.85884743486412|73242&4&11.34384408638688|73244&4&74.60199947906565|73246&4&18.982304978136906|73256&4&586.8160138877103|73258&4&189.60008750469638|73259&4&566.8462793490212|73273&4&69.32887619126605|73279&4&156.4514937275507|73281&4&87.15077904919409|73286&4&174.87853620842503|73288&4&142.67372333637928|73289&4&44.00036855439107|73305&4&6.11190526126582,2|73193&4&378.3563382759883|73198&4&455.3328757926809|73199&4&225.07132783283296|73205&4&313.0264332920825|73217&4&336.23383668434917|73221&4&8.985849796916995|73223&4&21.874673205416023|73228&4&3.4020275938133286|73229&4&0.0|73233&4&757.3467325398337|73234&4&205.20812517321693|73239&4&120.2671545729436|73240&4&265.41580759056393|73244&4&449.0888013967256|73245&4&318.69398098561476|73249&4&433.27008534908987|73262&4&404.1407168627713|73263&4&475.39634279598744|73265&4&571.4062813581585|73268&4&509.75965003119853|73276&4&298.9391869683692|73280&4&471.53896508758095|73301&4&10.571810356014305|73306&4&17.547360810546053,2|73189&4&123.47714960289899|73197&4&182.31817304156834|73200&4&186.31886789673104|73207&4&2.7087316947212514|73209&4&348.9078617455874|73220&4&371.6595169835123|73246&4&565.2921174097605|73247&4&81.92732689088932|73257&4&522.9197833229551|73258&4&343.7458094896421|73264&4&96.94570629806526|73274&4&139.09067767576636|73277&4&456.07488204687576|73284&4&717.3119069713978|73288&4&43.59542820433741|73294&4&19.261701806182447|73296&4&21.515961774555624|73303&4&8.500838361599149
59|4,130,1,1,1,1,1,1,1,1,1,1,1,1,1,1,1,1,1,1,1,1,1,1,1,1,1,1,1,1,1,1,1,1,1,1,1,1,1,1,1,1,1,1,1,1,1,1,1,1,1,1,1,1,1,1,1,1,1,1,1,1,1,1,1,1,1,1,1,1,1,1,1,1,1,1,1,1,1,1,1,1,1,1,1,1,1,1,1,1,1,1,1,1,1,1,1,1,1,1,1,1,0,0,0,0,0,0,0,0,0,0,0,0,0,0,0,0,0,0,0,0,2|73193&4&195.0436145761341|73198&4&71.85691273152804|73210&4&461.4612907100001|73211&4&559.1136802952994|73228&4&582.6422797931568|73237&4&389.4110259538469|73241&4&433.63779425131713|73248&4&583.6665902857796|73252&4&146.2056644790973|73254&4&42.7618106365297|73268&4&151.32638719936278|73281&4&84.0655627966488|73287&4&277.4790697682223|73299&4&6.398418755047878|73301&4&79.23594999335575|73302&4&13.937754097939438|73304&4&8.136583831885623|73306&4&3.475367631266085,2|73201&4&499.82643845957085|73207&4&102.58579457630128|73212&4&242.3039167218073|73215&4&395.1633436551755|73218&4&-3.885780586188048E-16|73221&4&188.2582648155078|73222&4&132.36659735709657|73223&4&260.9324802671757|73225&4&165.95191503057947|73226&4&807.966892370961|73229&4&716.1036569688405|73232&4&2.515300955968593|73239&4&267.96731528375847|73241&4&14.850733234127842|73242&4&175.9182244240131|73250&4&87.49937127977955|73252&4&48.144172829837984|73254&4&108.6659843575282|73264&4&242.2478547610861|73270&4&102.33902362355383|73273&4&174.01167039500507|73275&4&221.9968512067515|73277&4&148.88401795545136|73282&4&48.606522711557695|73285&4&460.2005843722422|73289&4&37.387420206513|73293&4&6.277795111976209,2|73189&4&425.4894974902412|73197&4&75.99578589703492|73199&4&72.3503150198512|73204&4&373.88779258176874|73205&4&199.25629313683845|73207&4&399.99773400483093|73209&4&242.1830058888888|73215&4&314.64335137758104|73216&4&214.37123339369592|73217&4&307.76210515395627|73220&4&248.17172148646713|73230&4&599.5320194990857|73240&4&114.62970614798357|73247&4&377.3664094110907|73252&4&9.88220979986292|73260&4&523.2800413808088|73263&4&122.8033887384638|73266&4&434.8001705120746|73269&4&160.22773583414553|73278&4&965.1219359298535|73279&4&47.653899889133925|73286&4&390.61129817222684|73287&4&56.74106370117669|73294&4&16.74747235341843,2|73190&4&24.65914934350249|73195&4&218.24672834575045|73211&4&8.992927059621412|73219&4&520.7247632936949|73220&4&44.20326508597202|73224&4&2.7533531010703882E-14|73225&4&318.8359734372374|73231&4&745.4341107473142|73234&4&523.632044487226|73241&4&143.22743219343425|73242&4&439.8555961373077|73243&4&0.08419252933786187|73245&4&50.276607574973895|73246&4&2.7533531010703882E-14|73261&4&374.95982145206176|73264&4&0.0|73268&4&111.44692865630326|73272&4&311.3241275122535|73274&4&120.4695778001214|73277&4&2.2114937416894858|73280&4&19.616678963392342|73282&4&33.035027339372576|73293&4&43.52312035410758|73304&4&71.62795293253497|73305&4&41.78140108854992,2|73190&4&262.3170414994148|73199&4&86.30989698077852|73203&4&188.9070269084333|73204&4&-2.398081733190338E-14|73207&4&130.39287570973946|73208&4&581.4753058738379|73216&4&31.45442756572179|73222&4&224.9061890397973|73227&4&728.2473197627181|73238&4&524.8737423988822|73249&4&240.7298624286661|73250&4&446.5354299162105|73252&4&273.64913803017055|73258&4&11.541594072024711|73269&4&339.1935572174223|73270&4&576.0622999230156|73275&4&303.64321408248236|73276&4&230.26348426015022|73282&4&554.2696163498443|73285&4&7.499651678286183|73296&4&24.521456471611664|73303&4&53.68335105372324|73304&4&3.774758283725532E-15,2|73191&4&22.081984928837993|73192&4&469.93784639294705|73196&4&563.2953683290366|73198&4&178.8575991182973|73201&4&9.094776885046436|73214&4&402.9420269682605|73235&4&857.3342473873984|73241&4&56.17098148728429|73245&4&87.32990628708495|73253&4&60.265936538469106|73261&4&25.137406041846415|73262&4&4.991806711116512|73265&4&194.18650510286642|73271&4&867.9199983593539|73274&4&3.208769996251592|73283&4&805.2577783729299,2|73190&4&293.00843785248907|73203&4&265.1892050034096|73205&4&226.3245808327842|73208&4&210.60320995982352|73212&4&222.4892221697536|73213&4&436.8230941350792|73217&4&334.8780040007825|73221&4&507.88928013010985|73224&4&454.19734737004524|73232&4&491.0315443418086|73236&4&575.5162964829299|73238&4&81.51719182829764|73239&4&1.314056710134271|73243&4&485.1940059078963|73251&4&783.8416155221694|73253&4&539.7028777433057|73254&4&579.2933517066253|73255&4&483.1162553485365|73257&4&230.42463252632965|73262&4&88.71369524052753|73264&4&352.9751485749779|73267&4&381.1645708685886|73273&4&574.5697594855073|73274&4&259.48752570698775|73281&4&120.92474581136746|73288&4&259.1395130472406|73291&4&9.830417726082478|73292&4&6.9051790389352075|73294&4&7.235158000691704|73296&4&17.158617398838796|73298&4&4.055570790076114|73300&4&7.419018273613625|73302&4&17.55810320569179|73306&4&16.897952127582045,2|73191&4&533.6198989739455|73194&4&812.001285397887|73195&4&66.77652880284819|73197&4&82.27268865686086|73200&4&321.11415322798626|73202&4&987.4715691636424|73204&4&115.94281753793189|73206&4&576.2642098432583|73216&4&220.9664001879568|73218&4&625.0037576914847|73219&4&170.3414968938926|73222&4&165.53498250594788|73225&4&101.62036378143077|73232&4&0.8862578212246084|73237&4&282.4312570309659|73240&4&37.19559930081745|73242&4&4.813389283769494|73244&4&109.99007210216998|73246&4&63.963805018824075|73255&4&57.82610844549618|73256&4&600.2921181722813|73258&4&280.0677151038359|73259&4&608.1473806744596|73273&4&63.995885715014815|73275&4&84.96347637123966|73279&4&142.51833533080273|73281&4&72.58441295587778|73286&4&143.86047432137826|73288&4&126.74871442801106|73289&4&50.467750173810295|73296&4&36.73736315937632|73305&4&4.894081033324074|73306&4&9.342105632632462,2|73193&4&437.97117906279374|73198&4&554.9392381953365|73199&4&318.12375270757076|73205&4&294.65631673771435|73217&4&315.8517702412105|73221&4&3.3514613979669132|73223&4&13.343493709935919|73228&4&-1.1546319456101628E-14|73233&4&694.0946612207114|73234&4&175.09186801447325|73239&4&185.57603925414037|73240&4&348.3172503104741|73244&4&406.58790497539314|73245&4&351.26140817451795|73249&4&383.0950971715198|73262&4&459.7294079540637|73263&4&544.0062720026784|73265&4&660.0211993852287|73268&4&590.2132489848143|73276&4&342.2082879454083|73280&4&436.23537339761873|73292&4&9.176631689654277|73301&4&7.492787608209081|73306&4&16.528168007876666,2|73189&4&102.28579111453016|73197&4&163.29112970458695|73200&4&176.14525400028427|73207&4&2.25727641226771|73209&4&437.4549195638216|73220&4&342.416256008896|73246&4&523.0841654486169|73247&4&72.31373486137879|73257&4&466.95756974181484|73258&4&308.35400545250025|73264&4&90.70807896688004|73274&4&131.25122981252733|73277&4&441.12821924713825|73284&4&771.5372217353516|73288&4&40.79721280613174|73294&4&18.198047044804518|73296&4&20.081343072066986|73303&4&6.017727564756384
60|4,130,1,1,1,1,1,1,1,1,1,1,1,1,1,1,1,1,1,1,1,1,1,1,1,1,1,1,1,1,1,1,1,1,1,1,1,1,1,1,1,1,1,1,1,1,1,1,1,1,1,1,1,1,1,1,1,1,1,1,1,1,1,1,1,1,1,1,1,1,1,1,1,1,1,1,1,1,1,1,1,1,1,1,1,1,1,1,1,1,1,1,1,1,1,1,1,1,1,1,1,1,0,0,0,0,0,0,0,0,0,0,0,0,0,0,0,0,0,0,0,0,2|73193&4&166.3141901118047|73198&4&64.93501671652614|73210&4&423.4489408730262|73211&4&535.5452568079111|73228&4&558.6591595933829|73237&4&350.5261048729968|73241&4&403.87385455968024|73248&4&639.1535518392068|73252&4&133.5140957887082|73254&4&28.465951167273168|73268&4&138.76273491480052|73281&4&77.23661368859607|73287&4&251.31312529105128|73299&4&4.226395139195696|73301&4&84.28403742081558|73302&4&11.469076485314929|73304&4&5.443011612925041|73306&4&2.7081539350988963,2|73201&4&540.7884604423633|73207&4&81.58024529726532|73212&4&209.02635052785504|73215&4&360.7427643868551|73221&4&162.744123213101|73222&4&111.29961166921046|73223&4&288.2546842730332|73225&4&142.71810939657934|73226&4&857.663827147439|73229&4&719.8343861429478|73232&4&1.6768673039790607|73239&4&235.3622635820421|73241&4&12.911735790141876|73242&4&158.62042768577066|73250&4&72.43841507924677|73252&4&42.17232805807982|73254&4&94.43226991565854|73264&4&202.81744234570954|73270&4&81.83939816578453|73273&4&145.85450774903188|73275&4&195.35108070322616|73277&4&135.126235757904|73282&4&41.744075702244636|73285&4&416.3761650107539|73289&4&32.988461011689296|73293&4&4.156498282845144,2|73189&4&431.3792446380264|73193&4&106.14068625043257|73197&4&70.44583106165669|73199&4&66.5302931439721|73200&4&26.12503990474751|73204&4&464.0747433376097|73205&4&182.24802604395984|73207&4&370.0388068235743|73209&4&208.15030872383574|73215&4&395.9466765624644|73216&4&195.59437497096957|73217&4&340.29232735266794|73220&4&356.27668196631174|73230&4&603.3577262839959|73233&4&30.00233554115876|73240&4&103.58258735458723|73247&4&359.16075664725804|73252&4&6.95053657628619|73260&4&554.1592546130457|73263&4&101.51162775581722|73266&4&444.7244216977331|73269&4&130.59166312248357|73278&4&924.058095996044|73279&4&108.70718462878528|73286&4&457.37766729121614|73287&4&113.88910752551922|73294&4&24.631818076359455,2|73190&4&15.14179011034638|73195&4&194.56284577892694|73199&4&82.20025577763016|73211&4&2.8210934888123154|73219&4&595.7214852198175|73220&4&27.002605320818336|73225&4&409.0696912813658|73231&4&792.7035163620169|73232&4&87.17394666292961|73234&4&613.6630542178922|73236&4&102.75872732895107|73241&4&229.8729598828327|73242&4&434.62916782991664|73243&4&-5.273559366969494E-16|73245&4&45.70600688633991|73261&4&411.9949155571359|73268&4&86.51319820816452|73272&4&271.85594960787813|73274&4&142.5401230247693|73277&4&1.731565316932544|73280&4&98.79724372014599|73282&4&19.85639026735314|73293&4&51.48482558586457|73304&4&77.30240245039914|73305&4&49.03625316733063,2|73190&4&240.96478644619563|73199&4&63.617264031575644|73203&4&253.84078753724782|73207&4&201.14699791306927|73208&4&649.2165437552135|73216&4&21.721023425508534|73222&4&208.54886179329674|73227&4&772.9800355303331|73238&4&469.0190175254483|73249&4&323.127955384809|73250&4&462.873305132392|73252&4&258.1687941726179|73258&4&3.93337751288725|73269&4&366.3339851749951|73270&4&642.6646709193058|73275&4&285.6134181375353|73276&4&193.4989843605567|73282&4&518.0073283843803|73285&4&3.369953013562922|73296&4&23.106104634439177|73303&4&58.49350954472993,2|73191&4&11.002898583093927|73192&4&500.20767210105765|73196&4&606.5369529351614|73198&4&143.21447422915236|73201&4&5.5730549269996486|73214&4&415.4134111545559|73235&4&891.6233696396134|73241&4&43.133396002738564|73245&4&68.53294885869454|73253&4&44.34974471545593|73261&4&12.84570652674047|73262&4&1.5841615496671717|73265&4&157.41310818977817|73271&4&910.934342813061|73274&4&1.481104995156254|73283&4&739.8930357341508,2|73190&4&382.5943822818976|73203&4&238.69563944605716|73205&4&307.26115542139263|73208&4&177.9514934708266|73212&4&303.15305312270027|73213&4&409.9422188491741|73217&4&292.9876641615996|73221&4&495.80899371389467|73224&4&507.9291044405316|73232&4&455.774738279242|73236&4&522.9979359413322|73238&4&159.02110205043044|73239&4&-8.43769498715119E-15|73243&4&520.4427733463368|73251&4&826.4031549717026|73253&4&532.4760799649177|73254&4&619.77621390117|73255&4&431.95831140310537|73257&4&329.1013361870487|73262&4&73.22526613016251|73264&4&334.103701398853|73267&4&442.769149325464|73273&4&648.3632662405412|73274&4&228.2678442395743|73281&4&199.66616130556517|73288&4&323.15015316176857|73291&4&17.139557797364567|73292&4&4.7343166744859815|73294&4&4.813766667933703|73296&4&13.993803506650917|73298&4&11.205756730052999|73300&4&14.242979648479436|73302&4&25.444843687556386|73306&4&15.98490691396105,2|73191&4&495.5489219377256|73194&4&865.6362135684783|73195&4&110.03231004435406|73197&4&88.95153207848698|73200&4&274.8932562891554|73202&4&1035.5027637660637|73204&4&89.88909717350909|73206&4&540.4376602417358|73216&4&230.06672364231702|73218&4&589.6283452232203|73219&4&141.1802204189792|73222&4&241.38356325933285|73225&4&93.27943159349695|73232&4&0.0|73237&4&335.3795433279015|73240&4&24.749817861330282|73242&4&1.1073087431125008|73244&4&134.75637030656188|73246&4&129.8676753581116|73255&4&118.57816317004261|73256&4&623.1472978358678|73258&4&329.8278348426681|73259&4&648.8232655307838|73264&4&130.0682811892601|73273&4&58.66289523876358|73275&4&96.15455466769035|73279&4&128.58517693405477|73281&4&58.01804686256148|73285&4&9.598457721686255|73286&4&115.86988560910346|73288&4&110.82370551964289|73289&4&57.06954238297177|73296&4&44.097948572947274|73305&4&3.6762568053823284|73306&4&18.73022964382988,2|73193&4&411.5783338812589|73198&4&650.6708192288561|73199&4&300.95385484929056|73205&4&276.2862001833462|73217&4&295.4697037980717|73221&4&-2.398081733190338E-14|73223&4&7.199472016612289|73233&4&634.188645785081|73234&4&145.04716344132697|73239&4&254.76936091456108|73240&4&427.60741875232696|73244&4&365.1624281428733|73245&4&386.17097150504037|73249&4&333.4033828315895|73262&4&503.20376497975224|73263&4&510.24421568970564|73265&4&742.2121048531287|73268&4&672.4087196418334|73276&4&400.48528222747166|73280&4&400.93178170765657|73292&4&18.613303450497803|73301&4&4.968362490845435|73306&4&15.508975205207278,2|73189&4&82.251498656107|73197&4&144.26408636760556|73200&4&165.9716401038375|73207&4&1.8058211298141682|73209&4&517.0752983997623|73220&4&313.1729950342797|73246&4&480.87621348747314|73247&4&62.70014283186826|73257&4&414.5858754508404|73258&4&272.9622014153583|73264&4&84.47045163569484|73274&4&123.41178194928828|73277&4&434.56582415408855|73284&4&743.9146315343505|73288&4&37.998997407926076|73294&4&17.13439228342659|73296&4&18.646724369578344|73303&4&3.9818614962240186
61|4,130,1,1,1,1,1,1,1,1,1,1,1,1,1,1,1,1,1,1,1,1,1,1,1,1,1,1,1,1,1,1,1,1,1,1,1,1,1,1,1,1,1,1,1,1,1,1,1,1,1,1,1,1,1,1,1,1,1,1,1,1,1,1,1,1,1,1,1,1,1,1,1,1,1,1,1,1,1,1,1,1,1,1,1,1,1,1,1,1,1,1,1,1,1,1,1,1,1,1,1,1,0,0,0,0,0,0,0,0,0,0,0,0,0,0,0,0,0,0,0,0,2|73193&4&138.63136768244726|73198&4&58.01312070152424|73210&4&416.34578348995416|73211&4&512.7238589773237|73228&4&553.2921944181481|73237&4&314.8503298448258|73241&4&374.1099148680434|73248&4&686.1779204782906|73252&4&120.8225270983191|73254&4&16.873909094524294|73263&4&39.36505353368965|73268&4&126.19908263023824|73281&4&70.40766458054334|73287&4&225.14718081388034|73299&4&2.55384174201111|73301&4&88.00055822280025|73302&4&18.67092214076149|73304&4&3.275651304781686|73306&4&1.9409402389317076,2|73201&4&527.880162569056|73207&4&64.10971487807399|73212&4&176.66289180955232|73215&4&326.3221851185346|73221&4&137.22998161069427|73222&4&90.23262598132435|73223&4&317.0087066277408|73225&4&119.48430376257912|73226&4&897.4645614983446|73229&4&687.5359669308405|73232&4&0.8384336519895285|73239&4&202.7572118803257|73241&4&10.97273834615591|73242&4&141.32263094752824|73250&4&57.37745887871399|73252&4&36.200483286321656|73254&4&80.19855547378889|73264&4&166.66838479740807|73270&4&63.014332000441684|73273&4&120.9740930098643|73275&4&172.0061607694041|73277&4&121.36845356035667|73282&4&34.881628692931585|73285&4&372.5517456492655|73286&4&36.071488353163964|73289&4&28.90262864837593|73292&4&10.407456663882659|73293&4&2.4988402895566764,2|73189&4&466.2250651510354|73193&4&203.16245306998536|73197&4&64.89587622627846|73199&4&60.710271268092995|73200&4&88.23628842846401|73204&4&552.5957526483074|73205&4&165.23975895108123|73207&4&340.0798796423177|73209&4&177.41595400772945|73215&4&480.6955449215312|73216&4&176.8175165482432|73217&4&442.12673014900406|73220&4&337.41434831259414|73230&4&611.9099256244377|73233&4&88.88022449761559|73240&4&92.53546856119091|73247&4&421.6044482263297|73252&4&4.018863352709458|73260&4&591.2019970977217|73263&4&82.18976288412699|73266&4&404.08199249547715|73269&4&102.92935957549913|73278&4&961.2434811504909|73279&4&183.2760637836993|73286&4&426.2982169804493|73287&4&190.41428529456067|73294&4&32.31795720428248,2|73190&4&9.014407781448574|73191&4&21.39913692544665|73195&4&173.30653791822905|73199&4&107.95678148646404|73211&4&0.0|73219&4&680.6360946376678|73220&4&13.88992878994047|73225&4&384.906858739441|73231&4&841.5631813944567|73232&4&91.26367246340375|73234&4&689.867060788218|73236&4&152.84213004321094|73241&4&278.6888116498072|73242&4&407.7742396236111|73245&4&41.13540619770592|73251&4&112.80220328731593|73261&4&438.9407454356419|73262&4&92.63609102623474|73268&4&65.33424217617208|73272&4&260.24355754451625|73274&4&225.14224163046273|73277&4&1.2516368921756023|73280&4&162.2510071000271|73282&4&10.16089307901951|73293&4&59.24806739070989|73304&4&83.93191878700016|73305&4&55.680500822886046,2|73190&4&219.61253139297648|73199&4&44.53995998363854|73203&4&297.18219493820686|73207&4&278.13417613081464|73208&4&717.5335016037081|73216&4&13.686904715148216|73222&4&192.19153454679625|73227&4&709.9077293613116|73238&4&417.17933344232534|73249&4&414.6237710616473|73250&4&493.9681046808388|73252&4&294.9593062126986|73258&4&2.7533531010703882E-14|73269&4&422.0926544786049|73270&4&631.9099936701617|73275&4&267.5836221925882|73276&4&160.21318018786013|73282&4&506.82243570970553|73285&4&3.552713678800501E-14|73296&4&21.690752797266697|73303&4&64.15846922132528,2|73191&4&3.636367001188788|73192&4&457.72287276899624|73196&4&650.3288937555068|73198&4&111.40239911087896|73201&4&2.102567090197876|73214&4&440.26463775140974|73235&4&816.077257830421|73241&4&30.422999951092844|73245&4&52.58696333308557|73253&4&31.15990087500456|73261&4&0.7256251218355568|73262&4&-5.773159728050814E-15|73265&4&124.38384693877684|73271&4&971.4934264315144|73274&4&-5.773159728050814E-15|73283&4&703.853011861908,2|73190&4&361.5400274746563|73203&4&212.20207388870466|73205&4&384.44237294621763|73208&4&147.43623829598624|73212&4&395.07276683713184|73213&4&452.81582783827446|73217&4&253.93211684087078|73221&4&570.6750465235925|73224&4&502.43523162792735|73232&4&420.51793221667526|73236&4&473.7136493485534|73238&4&243.9779163414688|73243&4&551.3029561717154|73251&4&756.4865903565676|73253&4&550.7852924319205|73254&4&695.8987469396884|73255&4&383.83690470695393|73257&4&424.03675715300517|73262&4&57.73683701979751|73264&4&315.2322542227281|73267&4&500.35457736811617|73273&4&607.6215733587496|73274&4&197.04816277216085|73281&4&279.3890406417119|73288&4&373.62245128744564|73291&4&24.388548696367508|73292&4&2.9379319256410037|73294&4&2.8763622348558697|73296&4&11.225596208861042|73298&4&18.566300798039858|73300&4&20.932011568003624|73302&4&24.105447671317997|73306&4&15.071861700340056,2|73191&4&457.47794490150557|73194&4&880.705181822932|73195&4&161.679302431307|73197&4&151.91115463406246|73200&4&232.0998811553524|73202&4&948.267327870259|73204&4&67.3153064708097|73206&4&491.9531210701462|73216&4&244.76759139450598|73218&4&611.8547691820863|73219&4&114.88385297988239|73222&4&324.9749028849292|73225&4&84.93849940556314|73237&4&416.5867351986046|73240&4&15.477878417282257|73242&4&-7.549516567451064E-15|73244&4&165.06177503068596|73246&4&153.50532232852436|73255&4&195.85300145303285|73256&4&600.2446495369313|73258&4&373.5425369093175|73259&4&664.7025295474467|73264&4&235.9932647460424|73273&4&53.32990476251235|73275&4&183.54226854347064|73279&4&114.65201853730679|73281&4&43.75223008419444|73285&4&37.42022826521071|73286&4&91.13028298814388|73288&4&94.89869661127469|73289&4&63.85041653144981|73296&4&50.287624188530074|73305&4&2.458432577440582|73306&4&27.959486485645666,2|73193&4&385.185488699724|73198&4&700.6229067968444|73199&4&283.7839569910104|73205&4&257.91608362897796|73217&4&275.0876373549329|73223&4&2.456161321279121|73233&4&576.596026881226|73234&4&115.703321747186|73239&4&337.2027473493794|73240&4&513.72836921718|73244&4&325.4338394009016|73245&4&422.5027016474544|73249&4&287.2159391187933|73262&4&468.6648774778036|73263&4&476.48215937673297|73265&4&829.027108229796|73268&4&747.5552101969474|73276&4&479.04184002479144|73280&4&365.6281900176943|73292&4&17.659696698748775|73301&4&2.9694910531694263|73306&4&14.489782402537891,2|73189&4&64.17423667738632|73197&4&125.23704303062415|73200&4&155.79802620739076|73207&4&1.3543658473606266|73209&4&553.3794027529094|73220&4&283.92973405966336|73235&4&122.41064778216389|73246&4&438.6682615263294|73247&4&53.08655080235773|73257&4&365.4660383513911|73258&4&237.57039737821643|73264&4&78.23282430450962|73274&4&115.57233408604924|73277&4&490.53224863204844|73284&4&788.4112274024203|73288&4&35.20078200972041|73294&4&16.07073752204866|73296&4&17.212105667089705|73303&4&2.380023332038732
62|4,130,1,1,1,1,1,1,1,1,1,1,1,1,1,1,1,1,1,1,1,1,1,1,1,1,1,1,1,1,1,1,1,1,1,1,1,1,1,1,1,1,1,1,1,1,1,1,1,1,1,1,1,1,1,1,1,1,1,1,1,1,1,1,1,1,1,1,1,1,1,1,1,1,1,1,1,1,1,1,1,1,1,1,1,1,1,1,1,1,1,1,1,1,1,1,1,1,1,1,1,1,0,0,0,0,0,0,0,0,0,0,0,0,0,0,0,0,0,0,0,0,2|73193&4&112.42105530057147|73198&4&51.09122468652234|73210&4&433.0365033651395|73211&4&521.7216269468349|73228&4&502.0049573087884|73237&4&282.0390242036458|73241&4&344.34597517640657|73248&4&737.9684244026407|73252&4&108.13095840792998|73254&4&8.19067531320163|73263&4&102.98093815728166|73268&4&113.63543034567597|73281&4&63.5787154724906|73287&4&198.98123633670934|73299&4&1.328049267347705|73301&4&92.67127357113787|73302&4&26.327418918257777|73304&4&1.6420506381586044|73306&4&1.173726542764519,2|73201&4&502.22923392611733|73207&4&50.11208441514971|73212&4&146.11352733095632|73215&4&291.90160585021414|73221&4&114.97063746130141|73222&4&71.59144151158858|73223&4&345.24221592639003|73225&4&96.25049812857891|73226&4&825.3745441637059|73229&4&714.7329554900141|73232&4&-3.774758283725532E-15|73239&4&172.70636818698168|73241&4&9.033740902169946|73242&4&124.0248342092858|73250&4&42.31650267818121|73252&4&30.22863851456348|73254&4&65.96484103191924|73264&4&134.37397162974176|73270&4&46.14711147689002|73273&4&99.60866531296136|73275&4&148.66124083558202|73277&4&107.61067136280934|73282&4&28.019181683618523|73285&4&328.7273262877772|73286&4&95.79036833295275|73289&4&25.163217477644633|73292&4&20.897468275591613|73293&4&1.258361450528505,2|73189&4&469.4642447471096|73193&4&304.7301548141576|73197&4&59.34592139090023|73199&4&54.89024939221389|73200&4&161.29288669864047|73204&4&520.5107040773365|73205&4&148.23149185820265|73207&4&310.12095246106117|73209&4&149.97719789383757|73215&4&488.8348183846672|73216&4&158.04065812551687|73217&4&529.4831307964064|73220&4&318.42137225945294|73230&4&628.8902980278074|73233&4&111.79766992654974|73240&4&81.48834976779459|73247&4&479.46766105929544|73252&4&1.498095085083396|73260&4&631.5917928555986|73263&4&64.8581481369862|73266&4&366.057309103486|73269&4&78.02487215315729|73278&4&980.2040959789292|73279&4&257.10464312201873|73286&4&395.2187666696825|73287&4&210.68758935774275|73294&4&40.9016181667343,2|73190&4&84.03699985616673|73191&4&81.00024543246424|73195&4&152.13851132209297|73199&4&161.70835941292958|73204&4&120.99191082128189|73219&4&753.4999494110382|73220&4&4.738305045233298|73225&4&414.22197940666496|73227&4&10.345471157236261|73231&4&781.9693274490144|73232&4&181.6748698805939|73234&4&645.3296731878269|73236&4&231.8263557927827|73241&4&366.4560857878113|73242&4&457.73638894262626|73245&4&36.56480550907193|73251&4&206.9263025504406|73257&4&122.30995013664358|73261&4&469.14665082761167|73262&4&184.78173763882808|73268&4&47.800342508024904|73270&4&100.93310633056495|73272&4&293.1927990832024|73274&4&212.94050553093956|73277&4&0.7717084674186608|73280&4&182.43210100060497|73282&4&3.395361628581054|73293&4&66.83824914194065|73304&4&90.26597088091678|73305&4&62.09459978562643,2|73190&4&198.26027633975727|73199&4&29.478073372982273|73203&4&343.0977476057194|73207&4&351.8155620738135|73208&4&780.5620672302919|73216&4&7.238465229793375|73222&4&175.83420730029576|73227&4&650.9057135133921|73238&4&369.5187581730952|73249&4&516.2748190625002|73250&4&501.68979940648285|73252&4&293.3295172830884|73269&4&483.0884574069618|73270&4&588.2432483351766|73275&4&249.5538262476411|73276&4&130.17474007249464|73282&4&528.6480502425876|73296&4&20.27540096009421|73303&4&68.43474656167443,2|73191&4&-4.440892098500626E-15|73192&4&416.9364720548941|73196&4&633.6374675309098|73198&4&83.68711676195862|73201&4&3.552713678800501E-15|73214&4&397.58619571901113|73235&4&744.2968673822791|73241&4&19.119580425239555|73245&4&39.58087462833609|73253&4&21.021442048896365|73261&4&5.551115123125783E-15|73265&4&95.15420386527056|73271&4&1031.9249045043794|73283&4&722.0256818753953,2|73190&4&340.4856726674149|73203&4&185.70850833135216|73205&4&475.8384181981507|73208&4&119.13095249155695|73212&4&470.40873940337|73213&4&405.0209294740113|73217&4&217.7112035882771|73221&4&535.1269867496223|73224&4&495.37401258328714|73232&4&385.2611261541085|73236&4&427.65153240347763|73238&4&341.65449639309935|73243&4&534.5197169302296|73251&4&689.3745300644362|73253&4&573.159073528694|73254&4&645.8731873114488|73255&4&338.87308917066684|73257&4&400.8109575793822|73262&4&42.2484079094325|73264&4&296.3608070466032|73267&4&551.161611568964|73273&4&656.592474925891|73274&4&165.8284813047474|73281&4&363.7167991310383|73288&4&414.1814161837425|73291&4&33.43763998612239|73292&4&1.5244344159459946|73294&4&1.4325451941856064|73296&4&8.921475297696299|73298&4&26.031602543414387|73300&4&29.13316236492342|73302&4&22.766051655079607|73306&4&14.158816486719063,2|73191&4&419.40696786528565|73192&4&19.880720045469083|73194&4&932.1561361782019|73195&4&217.53706214478638|73197&4&218.43739061278444|73200&4&192.8634632048657|73202&4&991.0595497254606|73204&4&48.46825648536888|73206&4&445.86321096332864|73216&4&272.96594897118314|73218&4&649.6560184793342|73219&4&92.115465523447|73222&4&328.1650256696844|73225&4&76.9270223399495|73237&4&489.3227451820021|73240&4&9.196928368245414|73244&4&207.49967820710384|73246&4&193.86299102529068|73255&4&280.2918800226344|73256&4&608.4833271417725|73258&4&442.7418678669783|73259&4&711.9015651103814|73264&4&341.17954337554727|73266&4&15.127031349772|73273&4&47.996914286261116|73275&4&251.8722579937318|73279&4&100.71886014055882|73281&4&30.742333500244023|73285&4&79.18216916180288|73286&4&69.24131540051866|73288&4&79.0100769431984|73289&4&70.92498024814387|73296&4&55.666675029140684|73305&4&1.2740837851653504|73306&4&36.8426235691602,2|73193&4&358.79264351818915|73198&4&788.8727327531425|73199&4&266.6140591327303|73205&4&239.5459670746098|73217&4&254.70557091179418|73223&4&0.0654994126429888|73233&4&522.1762842780583|73234&4&88.12297513859218|73239&4&422.0286177700946|73240&4&592.5054823764949|73244&4&288.1290987299768|73245&4&395.97333325754505|73249&4&244.092150738714|73262&4&434.12598997585496|73263&4&442.7201030637601|73265&4&902.2203773721363|73268&4&824.7543688280747|73276&4&559.1989335664924|73280&4&330.9199663124117|73292&4&16.70608994699975|73301&4&1.4837769049332843|73306&4&13.470589599868505,2|73189&4&48.24141243672176|73197&4&106.20999969364277|73200&4&145.62441231094402|73207&4&0.902910564907085|73209&4&632.3539625351189|73214&4&50.533011193923016|73220&4&314.63405196085415|73235&4&223.80731370437036|73246&4&397.1910146608022|73247&4&43.47295877284719|73257&4&319.4213122727547|73258&4&202.17859334107456|73264&4&71.99519697332441|73274&4&107.7328862228102|73277&4&548.5304903416477|73284&4&818.6260956219337|73288&4&32.40256661151474|73294&4&15.00708276067073|73296&4&15.777486964601067|73303&4&1.1823185367066398
63|4,130,1,1,1,1,1,1,1,1,1,1,1,1,1,1,1,1,1,1,1,1,1,1,1,1,1,1,1,1,1,1,1,1,1,1,1,1,1,1,1,1,1,1,1,1,1,1,1,1,1,1,1,1,1,1,1,1,1,1,1,1,1,1,1,1,1,1,1,1,1,1,1,1,1,1,1,1,1,1,1,1,1,1,1,1,1,1,1,1,1,1,1,1,1,1,1,1,1,1,1,1,0,0,0,0,0,0,0,0,0,0,0,0,0,0,0,0,0,0,0,0,2|73193&4&88.19459403769304|73198&4&44.16932867152043|73210&4&452.56757464488567|73211&4&549.4660184945286|73228&4&454.16784471268545|73237&4&252.40329779446296|73241&4&314.5820354847697|73248&4&798.3191426065514|73252&4&95.43938971754085|73254&4&2.6472638611814214|73263&4&97.73347861558335|73268&4&101.0717780611137|73281&4&56.749766364437875|73287&4&172.81529185953838|73299&4&0.46872231821077087|73301&4&98.58020187948395|73302&4&33.87233243583826|73304&4&0.5517112432804815|73306&4&0.42659056627755826,2|73195&4&61.43831739331857|73201&4&532.9948624232832|73207&4&39.69078124164369|73212&4&117.61024277787887|73215&4&259.82646422788224|73221&4&92.94790512677517|73222&4&55.59156426692745|73223&4&372.3557684100219|73225&4&74.60707930646109|73226&4&801.4543261317131|73229&4&730.214704584949|73239&4&145.20247229231916|73241&4&7.09474345818398|73242&4&106.72703747104337|73245&4&43.76701939492013|73250&4&28.95690992380256|73252&4&24.256793742805314|73254&4&51.73112659004957|73255&4&97.31073902034103|73257&4&98.05698238259316|73264&4&105.7538266743266|73270&4&31.344940821180693|73273&4&81.68993500055264|73275&4&126.07202449891027|73277&4&93.85288916526201|73282&4&21.15673467430547|73285&4&287.94807686247105|73286&4&137.84681027809776|73289&4&21.81082577660346|73292&4&31.325418671154942|73293&4&0.42741952054791,2|73189&4&450.1948882697652|73193&4&288.7071216393674|73197&4&53.795966555522014|73199&4&49.07022751633478|73200&4&186.0533084394859|73204&4&488.42565550636556|73205&4&131.22322476532403|73207&4&280.16202527980454|73209&4&123.97567033358814|73215&4&486.0133921112885|73216&4&139.2637997027905|73217&4&641.9719639478462|73220&4&299.42839620631173|73230&4&667.8251840248214|73233&4&131.67632655236724|73240&4&70.44123097439825|73247&4&553.2347262793717|73252&4&0.0|73260&4&669.36918458885|73263&4&50.250620256024234|73266&4&330.2795104516442|73269&4&56.34741070513845|73278&4&1027.3961176788587|73279&4&337.90308500661945|73286&4&364.1393163589157|73287&4&254.03320621743597|73294&4&49.34296558665182,2|73190&4&147.8374439581334|73191&4&160.42230169966797|73195&4&131.2205321157356|73199&4&215.81241078758634|73204&4&241.1176062439737|73206&4&3.9184516347901877|73219&4&820.9002724050024|73220&4&-4.618527782440651E-14|73225&4&471.2556876438436|73227&4&90.76940791742146|73231&4&806.9465988631143|73232&4&233.10653604778463|73234&4&687.9918036700107|73236&4&314.52504475361957|73241&4&442.5807934709787|73242&4&500.63285855557376|73245&4&31.994204820437943|73251&4&203.91335141283668|73257&4&116.1944526298114|73261&4&509.09284742435545|73262&4&290.43769524129766|73268&4&34.581839493130204|73270&4&187.64037029647073|73272&4&373.38599946701675|73274&4&235.67226043596682|73277&4&0.29178004266171925|73280&4&266.351270429146|73282&4&1.1546319456101628E-14|73293&4&74.12171238685636|73304&4&97.87499767056812|73305&4&67.60560680497,2|73190&4&176.9080212865381|73199&4&18.1996578041416|73203&4&323.13937075078184|73207&4&432.3707160108389|73208&4&856.4822765552357|73216&4&2.4534807063883664|73222&4&159.47688005379524|73227&4&595.5082505326772|73238&4&325.9668775012012|73249&4&596.8065274368182|73250&4&519.4150587067849|73252&4&350.02454630065677|73269&4&554.7142850205714|73270&4&544.5765030001917|73275&4&231.524030302694|73276&4&103.67544593444607|73282&4&565.8537771323158|73296&4&18.86004912292173|73303&4&73.60383457274745,2|73192&4&378.12663721288067|73196&4&659.0329030755788|73198&4&60.60512102930552|73214&4&357.359623053749|73235&4&676.0235516435937|73241&4&9.97355400030289|73245&4&29.9159794803554|73253&4&14.131938760812329|73254&4&86.48798514589471|73265&4&70.04176127864285|73271&4&947.0012944345079|73283&4&760.3044459158125|73296&4&8.878015653832282,2|73190&4&319.4313178601735|73203&4&159.32894956691052|73205&4&557.0731423122272|73208&4&93.12307380089004|73212&4&442.89339027646264|73213&4&413.2558313632982|73217&4&182.73766083967882|73221&4&535.514744233409|73224&4&465.56490717327785|73232&4&350.00432009154184|73236&4&384.5130309569971|73238&4&454.4871767911859|73243&4&558.2389180682178|73251&4&625.3414486076441|73253&4&600.0029271701871|73254&4&595.8476276832092|73255&4&297.3326788175422|73257&4&377.5851580057593|73262&4&28.612178677126508|73264&4&277.48935987047827|73267&4&607.2351661116604|73273&4&700.1682911874716|73274&4&134.60879983733395|73281&4&460.7692285630123|73288&4&444.94505012650706|73291&4&42.35150119803483|73292&4&0.5089522975213078|73294&4&0.47903620990897167|73296&4&7.084696052685997|73298&4&34.191657927785556|73300&4&36.90681202671823|73302&4&21.42665563884122|73306&4&13.24577127309807,2|73191&4&381.33599082906574|73192&4&55.55345059920106|73194&4&977.7534134244058|73195&4&205.70113750716922|73197&4&205.68353000150313|73200&4&157.61601430124512|73202&4&1018.9204185103638|73204&4&33.243023584933624|73206&4&402.6540757098917|73216&4&255.61923650362078|73218&4&710.9298381916532|73219&4&73.03477866106545|73222&4&309.4768229427008|73225&4&68.91554527433588|73237&4&494.85486597258495|73240&4&4.528822686805409|73244&4&238.8712429328334|73246&4&260.39929066066276|73255&4&265.3170026281459|73256&4&600.8149937861637|73258&4&530.9826004106129|73259&4&737.5565228691646|73264&4&434.7015518273245|73266&4&44.59836481104847|73273&4&42.663923810009884|73275&4&346.19879252928484|73279&4&86.78570174381085|73281&4&19.371236702862127|73285&4&137.6849920673065|73286&4&50.60997888194227|73288&4&63.75597801727901|73289&4&77.21441275218837|73296&4&52.54060774500031|73305&4&0.42568232599184663|73306&4&45.62883989675956,2|73193&4&332.3997983366542|73198&4&846.7614375114781|73199&4&249.4441612744501|73205&4&221.17585052024162|73217&4&234.32350446865544|73223&4&-4.718447854656915E-16|73233&4&471.0778962632374|73234&4&64.02865652650192|73239&4&508.9149489123004|73240&4&628.1062272968984|73244&4&253.33887393895228|73245&4&369.1570693232416|73249&4&204.60097950689828|73262&4&399.5871024739063|73263&4&408.95804675078733|73265&4&963.1610443194429|73268&4&772.7148518577033|73276&4&646.7298563211949|73280&4&297.1044690425911|73292&4&15.752483195250726|73301&4&0.49985519960639785|73306&4&12.45139679719912,2|73189&4&34.75653954761924|73197&4&87.18295635666136|73200&4&135.45079841449723|73203&4&9.478609008770604|73207&4&0.4514552824535434|73209&4&691.6575293187213|73214&4&116.74069495798742|73220&4&344.0965255896736|73235&4&329.8949205778938|73246&4&357.67899761178995|73247&4&33.859366743336665|73257&4&276.7609032245116|73258&4&170.44099771094702|73264&4&65.7575696421392|73274&4&99.89343835957112|73277&4&537.7992715268203|73284&4&879.1748638847635|73288&4&29.604351213309076|73294&4&13.943427999292801|73296&4&14.342868262112427|73303&4&0.39381223875815313
64|4,130,1,1,1,1,1,1,1,1,1,1,1,1,1,1,1,1,1,1,1,1,1,1,1,1,1,1,1,1,1,1,1,1,1,1,1,1,1,1,1,1,1,1,1,1,1,1,1,1,1,1,1,1,1,1,1,1,1,1,1,1,1,1,1,1,1,1,1,1,1,1,1,1,1,1,1,1,1,1,1,1,1,1,1,1,1,1,1,1,1,1,1,1,1,1,1,1,1,1,1,1,0,0,0,0,0,0,0,0,0,0,0,0,0,0,0,0,0,0,0,0,2|73193&4&66.41185271056474|73198&4&37.24743265651853|73210&4&484.360759349608|73211&4&548.4460598967345|73228&4&412.3536600894462|73237&4&225.70412996979454|73241&4&284.8180957931328|73248&4&801.7564946251293|73252&4&82.74782102715174|73254&4&1.687538997430238E-14|73263&4&92.48601907388503|73268&4&88.50812577655142|73281&4&49.92081725638514|73287&4&146.70358045876165|73299&4&2.55351295663786E-15|73301&4&104.91518328719121|73302&4&41.64426209969385|73304&4&-6.661338147750939E-16|73306&4&2.55351295663786E-15,2|73195&4&130.857372930719|73201&4&533.3687431602966|73207&4&100.3646982690757|73212&4&91.48780248165203|73215&4&228.17582600189192|73216&4&5.166009838766163|73221&4&72.57932390276804|73222&4&41.99167445979632|73223&4&381.5921177665543|73225&4&54.98110956539161|73226&4&765.4283593173278|73229&4&670.94855556521|73239&4&120.52117167274544|73241&4&5.155746014198014|73242&4&134.50357606915836|73245&4&102.29495872363387|73250&4&17.997438213267955|73251&4&61.209884552382675|73252&4&18.284948971047143|73254&4&37.497412148179905|73255&4&201.69577055239904|73257&4&162.4590732651733|73264&4&80.82874671033964|73270&4&19.215931897411522|73273&4&66.5281638916131|73275&4&104.68643311044704|73277&4&80.09510696771466|73282&4&14.294287664992408|73285&4&250.50177977927478|73286&4&209.52603050985013|73289&4&18.98342983987699|73292&4&42.06694993510803|73293&4&4.440892098500626E-15,2|73189&4&451.9828375255423|73193&4&272.68408846457714|73197&4&48.24601172014379|73199&4&43.25020564045569|73200&4&231.22054998929698|73204&4&456.3406069353946|73205&4&114.21495767244542|73207&4&250.20309809854797|73209&4&99.27319470158068|73215&4&509.96824128117976|73216&4&120.48694128006414|73217&4&667.964773855644|73220&4&280.4354201531706|73230&4&715.7525124278512|73233&4&154.6962044250058|73240&4&59.39411218100194|73247&4&550.6294736169698|73260&4&612.5566257295367|73263&4&38.575207587131274|73266&4&296.7494025757768|73269&4&37.95462621818178|73278&4&1005.4667550902111|73279&4&346.82388377904476|73286&4&333.0598660481489|73287&4&258.57763956574695|73294&4&57.54701754696062,2|73190&4&179.5295323073243|73191&4&183.27450177822274|73195&4&110.96636533665904|73199&4&221.7489163199904|73204&4&321.10342756595924|73206&4&11.771078547177993|73219&4&818.017356700826|73225&4&456.0156198108006|73227&4&86.2050738436573|73231&4&736.0960779870506|73232&4&258.4139507342777|73234&4&639.0944401654907|73236&4&343.08792875051364|73241&4&477.97857876564|73242&4&466.2574638882263|73245&4&27.423604131803955|73251&4&192.9042623021895|73257&4&110.07895512297921|73261&4&552.5804268857677|73262&4&331.5924283685831|73268&4&24.43221017167746|73270&4&279.83321954415044|73272&4&438.7568948045729|73274&4&284.1539380615682|73277&4&1.3322676295501878E-15|73280&4&272.27796939931136|73293&4&80.58445033006444|73304&4&104.40907770154571|73305&4&73.46641318799087,2|73190&4&155.55576623331896|73199&4&10.617572280253764|73203&4&303.18099389584427|73207&4&407.93635387733616|73208&4&849.7025563725672|73216&4&-3.552713678800501E-15|73222&4&143.11955280729475|73227&4&540.1107875519622|73238&4&286.75309679570125|73249&4&561.9833896737892|73250&4&557.510871094553|73252&4&368.1751958481604|73269&4&557.5368169517837|73270&4&500.90975766520666|73275&4&213.49423435774688|73276&4&80.38437921007107|73282&4&582.1411858124505|73296&4&17.444697285749243|73303&4&77.94709169855798,2|73192&4&339.3897872153864|73196&4&631.7554755128083|73198&4&42.034139632434886|73212&4&37.41554302004447|73214&4&319.8506002904925|73235&4&611.3075943058418|73241&4&3.5479235675006278|73245&4&23.72365665990446|73253&4&7.605616192404021|73254&4&139.14333449901102|73265&4&48.55079686678681|73271&4&893.3330275266482|73281&4&31.93554072119963|73283&4&733.9178697811076|73296&4&17.956181498815457,2|73190&4&298.3769630529322|73203&4&134.68601383119773|73205&4&611.4124060725817|73208&4&70.15600577204475|73212&4&415.3780411495552|73213&4&401.1604603730197|73217&4&149.56733299413708|73221&4&558.2046672961003|73224&4&432.0711103486413|73232&4&314.7475140289751|73236&4&344.4341074012908|73238&4&531.8489885760506|73243&4&546.3530812437841|73251&4&564.6108213042139|73253&4&637.3884310571749|73254&4&545.8220680549696|73255&4&259.97026138967556|73257&4&354.3593584321364|73262&4&16.848807961081626|73264&4&258.6179126943534|73267&4&592.6655053023567|73273&4&696.062932345422|73274&4&114.30238115156796|73281&4&434.35420346473074|73288&4&437.97168689659827|73291&4&50.11778940843817|73292&4&-1.5543122344752192E-15|73294&4&7.771561172376096E-16|73296&4&5.726358684596781|73298&4&42.72121703274114|73300&4&44.67612969044645|73302&4&20.087259622602826|73306&4&12.332726059477077,2|73191&4&343.2650137928458|73192&4&73.29106024181058|73194&4&972.0861356539988|73195&4&193.86521286955204|73197&4&197.53247111761567|73200&4&126.55089875664831|73202&4&994.6185748559535|73204&4&21.999175787515426|73206&4&360.4505193866356|73216&4&238.27252403605837|73218&4&724.5426600643917|73219&4&57.565763600869715|73222&4&290.7886202157172|73225&4&60.90406820872226|73237&4&465.1597981053501|73240&4&1.2563385215952727|73244&4&293.10220296090375|73246&4&267.7527198100245|73255&4&250.34212523365727|73256&4&572.4844890872763|73258&4&610.8988051932521|73259&4&671.1951910922686|73264&4&498.97465774665875|73266&4&81.6493069446066|73273&4&37.33093333375865|73275&4&392.5892576597112|73279&4&72.85254334706288|73281&4&10.298734734428162|73285&4&207.13813682298277|73286&4&34.88789368153345|73288&4&50.03156210298921|73289&4&83.00980643035109|73296&4&49.41454046085993|73305&4&-4.440892098500626E-15|73306&4&54.04497767602917,2|73193&4&306.0069531551194|73198&4&844.9193029558588|73199&4&232.2742634161699|73205&4&202.80573396587346|73217&4&213.94143802551667|73233&4&422.6003114332914|73234&4&43.639315793869045|73239&4&518.7209800649748|73240&4&631.008624986765|73244&4&221.15328212650172|73245&4&342.3408053889381|73249&4&168.71557548277627|73262&4&365.04821497195763|73263&4&375.1959904378146|73265&4&961.7308859949078|73268&4&720.6753348873319|73276&4&693.2610321491886|73280&4&264.52063725693165|73292&4&14.798876443501701|73301&4&-2.3314683517128287E-15|73306&4&11.432203994529733,2|73189&4&23.672176712366767|73197&4&68.15591301967996|73200&4&125.27718451805049|73203&4&9.004678558332074|73207&4&1.7763568394002505E-15|73209&4&709.5725549246979|73214&4&155.90053432050428|73220&4&360.8242316907162|73235&4&357.8037241239704|73246&4&319.63729146459923|73247&4&24.24577471382613|73257&4&237.29378884402539|73258&4&142.28061946931547|73264&4&59.51994231095399|73274&4&92.05399049633208|73277&4&530.6565601353775|73284&4&806.3250744730436|73288&4&26.80613581510341|73294&4&12.879773237914872|73296&4&12.908249559623787|73303&4&1.6653345369377348E-15
65|4,130,1,1,1,1,1,1,1,1,1,1,1,1,1,1,1,1,1,1,1,1,1,1,1,1,1,1,1,1,1,1,1,1,1,1,1,1,1,1,1,1,1,1,1,1,1,1,1,1,1,1,1,1,1,1,1,1,1,1,1,1,1,1,1,1,1,1,1,1,1,1,1,1,1,1,1,1,1,1,1,1,1,1,1,1,1,1,1,1,1,1,1,1,1,1,1,1,1,1,1,1,0,0,0,0,0,0,0,0,0,0,0,0,0,0,0,0,0,0,0,0,2|73193&4&47.35472027618908|73198&4&30.325536641516628|73210&4&513.8486622128161|73211&4&528.0843020301312|73222&4&16.236823965984566|73228&4&393.01512169357375|73237&4&200.78555375975017|73241&4&255.05415610149595|73248&4&769.9788240946333|73252&4&70.05625233676265|73263&4&87.23855953218673|73268&4&75.94447349198916|73281&4&43.091868148332395|73287&4&121.65039139256267|73301&4&96.53080956882353|73302&4&39.26806148248871,2|73195&4&173.2205351868717|73201&4&538.6807663362362|73207&4&144.86843370904268|73212&4&67.86456259184773|73215&4&196.92312881070217|73216&4&21.994527190350876|73221&4&54.588981136450016|73222&4&31.085162699152754|73223&4&383.0675533405717|73225&4&37.72975429549046|73226&4&780.0615291414633|73229&4&611.6901626518477|73239&4&98.0377100217151|73241&4&3.216748570212049|73242&4&160.6390862157392|73245&4&115.32063843305309|73250&4&9.432631729920603|73251&4&136.98904774221182|73252&4&12.313104199288974|73254&4&23.26369770631025|73255&4&305.5324987781428|73257&4&240.70552830530596|73264&4&58.583121136596226|73270&4&9.958670438120194|73273&4&52.42041241740208|73275&4&84.7379328498386|73277&4&66.33732477016733|73282&4&8.187334523755956|73285&4&214.03144344300756|73286&4&285.8559100838027|73289&4&16.712635637327566|73292&4&39.80174748502148|73307&4&25.558927918843665,2|73189&4&463.51682010425804|73193&4&256.6610552897869|73197&4&42.69605688476556|73199&4&37.43018376457658|73200&4&218.45218662286922|73204&4&424.2555583644236|73205&4&97.20669057956684|73207&4&220.24417091729137|73209&4&76.37889333536214|73215&4&554.9802093080217|73216&4&101.7100828573378|73217&4&740.0372541735571|73220&4&261.4424441000294|73230&4&703.9657167108338|73233&4&207.96995096116146|73240&4&48.34699338760561|73247&4&591.0073786498807|73260&4&574.884486318266|73263&4&29.154904349979127|73266&4&265.13501418875524|73269&4&23.391383115457277|73278&4&979.3395438842905|73279&4&355.8518450044254|73286&4&301.98041573738203|73287&4&263.67602665264127|73294&4&54.20033016898004,2|73190&4&187.50794935751472|73191&4&206.44258969241633|73195&4&92.62256569488193|73199&4&259.00140095409205|73204&4&336.92342787316807|73206&4&11.172728490732117|73219&4&806.2134364696369|73225&4&462.6656868802869|73227&4&81.64073976989314|73231&4&668.9859249811615|73232&4&265.593562209591|73234&4&590.1970766609707|73236&4&386.5095047139484|73241&4&502.6841805420377|73242&4&431.88206922087875|73245&4&22.853003443169968|73251&4&181.8951731915424|73257&4&103.96345761614702|73261&4&579.0996348805609|73262&4&381.51527349348055|73268&4&14.282580850224697|73270&4&319.78640867815767|73272&4&515.256568323482|73274&4&305.6980686206797|73280&4&281.08827544736056|73293&4&75.38433702719439|73304&4&96.90237276609605|73305&4&68.73540526464194,2|73190&4&134.20351118009978|73199&4&4.3518938477380065|73203&4&283.2226170409067|73207&4&383.5019917438334|73208&4&852.4019183041408|73222&4&126.76222556079425|73227&4&485.9283636630727|73238&4&249.2207394990221|73249&4&594.9697069979112|73250&4&598.9890502253629|73252&4&343.43508092608334|73269&4&562.7415333634387|73270&4&457.24301233022175|73275&4&195.46443841279978|73276&4&59.86918036787162|73282&4&601.7554751120499|73296&4&16.029345448576763|73303&4&72.42536485735488,2|73192&4&301.3758415611768|73196&4&630.0003704008809|73198&4&27.63289902383995|73200&4&87.06302771745752|73212&4&101.92660240617607|73214&4&284.2366941823245|73224&4&11.360877147858673|73235&4&547.6450708834075|73241&4&1.687538997430238E-14|73245&4&18.248338768466848|73253&4&2.6960283738515383|73254&4&240.38389058574066|73265&4&28.71068709740745|73271&4&860.7887658562846|73281&4&61.97475895950286|73283&4&709.1494283002926|73296&4&17.036177384740103,2|73190&4&277.32260824569084|73203&4&111.16237883043023|73205&4&619.9970736656685|73208&4&50.362206679565695|73212&4&387.8626920226479|73213&4&465.724229768129|73217&4&118.66798178371472|73221&4&547.5767248027787|73224&4&390.1257164008164|73232&4&279.49070796640837|73236&4&306.2418934679916|73238&4&546.757754522127|73243&4&518.1683851452196|73251&4&506.69252668577633|73253&4&668.4276560176338|73254&4&495.79650842672993|73255&4&225.52992772220438|73257&4&331.1335588585134|73262&4&8.08071668955985|73264&4&239.7464655182285|73267&4&573.8676566938464|73273&4&690.2515070009101|73274&4&95.07716528943163|73281&4&407.93917836644926|73288&4&473.11603638146295|73291&4&47.276789536896786|73296&4&4.850983311429966|73298&4&40.35043671809374|73300&4&42.182596439471155|73302&4&18.747863606364437|73306&4&11.419680845856083,2|73191&4&305.1940367566258|73192&4&94.67490191647622|73194&4&954.2704500832481|73195&4&182.02928823193483|73197&4&184.5484704199647|73200&4&97.3019365923065|73202&4&969.4028470056869|73204&4&14.438368857655949|73206&4&320.20175554662046|73216&4&220.925811568496|73218&4&740.0821029722208|73219&4&45.772298281950754|73222&4&272.1004174887335|73225&4&52.89259114310863|73237&4&435.4647302381154|73240&4&7.105427357601002E-15|73244&4&327.1594232932131|73246&4&276.7344728773127|73255&4&235.36724783916873|73256&4&584.7462449056693|73258&4&655.3625885679967|73259&4&702.2878469985283|73263&4&41.40562938472199|73264&4&553.3131503279646|73266&4&129.923001521906|73273&4&31.997942857507418|73275&4&412.1978501284945|73279&4&65.02282501709146|73281&4&3.9371573698798796|73285&4&286.42527273516055|73286&4&22.4057297054944|73288&4&37.427812226947246|73289&4&77.62740745004109|73296&4&46.288473176719556|73306&4&50.972286546300545,2|73193&4&279.6141079735845|73198&4&838.3205084996649|73199&4&215.10436555788976|73205&4&184.4356174115053|73217&4&193.55937158237788|73231&4&64.02134793964666|73233&4&374.1227266033454|73234&4&26.88530856138228|73239&4&526.8889953124295|73240&4&634.6172923785906|73244&4&191.2171909913065|73245&4&315.52454145463463|73249&4&135.23868609684925|73262&4&330.509327470009|73263&4&341.4339341248418|73265&4&1052.9173990466356|73268&4&794.2973126557753|73276&4&712.0337183656768|73280&4&231.93680547127224|73292&4&13.845269691752675|73306&4&10.413011191860347,2|73189&4&15.525403022845197|73197&4&49.128869682698564|73200&4&115.10357062160374|73203&4&8.530748107893544|73209&4&751.5207000406976|73214&4&223.7378584677267|73220&4&379.73238796031904|73235&4&386.3578560190314|73246&4&281.5955853174085|73247&4&15.499920555696635|73252&4&62.43619213890105|73257&4&200.8185086475803|73258&4&116.33730467883228|73264&4&53.28231497976878|73274&4&84.21454263309303|73277&4&527.4128087896675|73284&4&736.3201768668841|73288&4&24.007920416897743|73294&4&11.816118476536943|73296&4&11.473630857135149
66|4,130,1,1,1,1,1,1,1,1,1,1,1,1,1,1,1,1,1,1,1,1,1,1,1,1,1,1,1,1,1,1,1,1,1,1,1,1,1,1,1,1,1,1,1,1,1,1,1,1,1,1,1,1,1,1,1,1,1,1,1,1,1,1,1,1,1,1,1,1,1,1,1,1,1,1,1,1,1,1,1,1,1,1,1,1,1,1,1,1,1,1,1,1,1,1,1,1,1,1,1,1,0,0,0,0,0,0,0,0,0,0,0,0,0,0,0,0,0,0,0,0,2|73193&4&31.845774353420254|73198&4&23.40364062651473|73210&4&555.9637601032908|73211&4&525.0769224778307|73222&4&30.675919457420733|73228&4&404.86988429487525|73237&4&176.0678822615975|73241&4&225.29021640985906|73248&4&745.5605440578543|73252&4&57.36468364637352|73263&4&81.99109999048841|73268&4&63.38082120742688|73281&4&36.26291904027966|73287&4&98.35699083595425|73301&4&88.14643585045582|73302&4&36.89186086528357,2|73195&4&173.381360199477|73201&4&515.4555315058537|73207&4&273.90453606695587|73212&4&47.32160228543676|73215&4&167.82486276495843|73216&4&35.87219116990445|73221&4&39.37591564876169|73222&4&21.27439338743112|73223&4&363.1973507090332|73225&4&23.46146395251367|73226&4&709.2393676507467|73229&4&553.0507071735803|73239&4&75.84960303910313|73241&4&1.2777511262260832|73242&4&171.74700518637508|73245&4&141.47028383941762|73250&4&3.2307079826835334|73251&4&185.06767062371458|73252&4&6.773749743438893|73254&4&11.996850323368951|73255&4&311.22200585781036|73257&4&326.51899206225204|73264&4&39.16379169012043|73270&4&3.395337710226125|73273&4&38.64576312576422|73275&4&66.5183286998135|73277&4&52.579542572619985|73282&4&3.8832051449540157|73285&4&177.964738217847|73286&4&375.93276110817067|73289&4&14.441841434778137|73292&4&37.53654503493494|73307&4&24.28098152290148|73308&4&31.46035166694736,2|73189&4&502.7835713752994|73193&4&252.99636173992226|73197&4&37.14610204938734|73199&4&31.610161888697483|73200&4&205.68382325644143|73204&4&392.17050979345265|73205&4&80.19842348668824|73207&4&190.28524373603483|73209&4&56.02317162301003|73215&4&546.4005449752866|73216&4&82.93322443461143|73217&4&774.8029627256908|73220&4&242.44946804688823|73230&4&640.279368493256|73233&4&196.1825252264835|73240&4&37.299874594209285|73247&4&592.9676620029343|73260&4&522.6968098950412|73263&4&20.151837798951494|73266&4&235.0372860687779|73269&4&12.630025089054708|73278&4&1076.2763334881288|73279&4&350.25729419613845|73286&4&270.90096542661524|73287&4&337.14676254920204|73294&4&50.853642790999444,2|73190&4&206.5250566771295|73191&4&320.5325608177282|73195&4&76.16289216967732|73199&4&243.92252138709424|73204&4&350.28141795847984|73206&4&10.574378434286242|73219&4&749.3433441624998|73225&4&539.7505612062714|73227&4&77.07640569612899|73231&4&604.348111625572|73232&4&275.74079822409385|73234&4&645.2043285885093|73236&4&488.88429647527863|73241&4&503.88931373628054|73242&4&397.50667455353124|73245&4&18.28240275453598|73251&4&170.88608408089522|73257&4&97.84796010931484|73261&4&540.7460714392107|73262&4&390.5686058096515|73268&4&6.303732382997666|73270&4&469.0136660047784|73272&4&602.9969069299419|73274&4&389.0201982364746|73280&4&264.2496094087355|73293&4&70.18422372432431|73304&4&89.39566783064637|73305&4&64.00439734129303,2|73190&4&112.8512561268806|73199&4&18.145860956425814|73202&4&139.856998448249|73203&4&263.26424018596913|73207&4&359.06762961033064|73208&4&925.8292736330536|73222&4&110.40489831429373|73227&4&432.0830214296369|73233&4&81.25264836737254|73238&4&212.50477189766718|73249&4&643.8486214236426|73250&4&655.461150195272|73252&4&318.69496600400635|73269&4&540.5832973383758|73270&4&413.5762669952368|73275&4&177.43464246785268|73276&4&41.09843409695175|73280&4&112.46409790723607|73282&4&582.6010642458366|73296&4&14.613993611404277|73303&4&66.90363801615176,2|73192&4&264.35563446083523|73196&4&693.7467575876628|73198&4&14.264420367311129|73200&4&179.44392332825538|73212&4&185.1924087559539|73214&4&250.8307919398129|73224&4&58.63975758789236|73235&4&484.57107126689147|73245&4&13.335370866538986|73253&4&2.4868995751603507E-14|73254&4&375.2941215779633|73265&4&14.254594729482005|73271&4&828.4650173389131|73281&4&70.90158202524327|73283&4&680.3103009647313|73296&4&16.11617327066475,2|73190&4&256.26825343844945|73203&4&89.2259655029521|73205&4&624.7250446335636|73208&4&33.99213534560618|73212&4&360.34734289574055|73213&4&550.0711351103037|73217&4&90.54192011806396|73221&4&578.0878300334962|73224&4&349.66043510992364|73232&4&244.38325454681006|73236&4&269.6866378812912|73238&4&560.3693887848428|73243&4&553.9034001386212|73251&4&451.6092397689847|73253&4&610.567737541928|73254&4&445.77094879849034|73255&4&193.26892022330082|73257&4&307.9077592848905|73262&4&2.5588641287167033|73264&4&220.8750183421036|73267&4&557.3411568623812|73273&4&684.2561642553942|73274&4&76.45560690176427|73281&4&381.52415326816765|73288&4&457.8236822951527|73291&4&44.4357896653554|73296&4&3.9756079382631526|73298&4&37.979656403446334|73300&4&39.689063188495865|73302&4&17.408467590126047|73306&4&10.50663563223509,2|73191&4&267.1230597204059|73192&4&96.95663410111418|73194&4&869.0268694640936|73195&4&170.19336359431767|73197&4&287.6330761401492|73200&4&70.69581741066332|73202&4&880.2749611428206|73204&4&8.962848331471458|73206&4&282.3744717393939|73216&4&203.5790991009336|73218&4&706.8727664370801|73219&4&35.23147653388223|73222&4&253.4122147617499|73225&4&44.881114077495006|73237&4&405.7696623708806|73244&4&329.001617996555|73246&4&380.57960432724997|73255&4&220.39237044468013|73256&4&615.7525717452855|73258&4&733.6378342070848|73259&4&770.0723161911312|73263&4&73.27023746983019|73264&4&521.2403621976893|73266&4&183.9807599283352|73273&4&26.664952381256185|73275&4&416.5293941848837|73279&4&57.34044565518203|73281&4&-2.7533531010703882E-14|73285&4&360.78988564872043|73286&4&11.624061285729145|73288&4&26.009875318668534|73289&4&72.24500846973108|73296&4&43.16240589257917|73306&4&47.89959541657193,2|73193&4&253.22126279204963|73198&4&779.1269565263696|73199&4&197.93446769960957|73205&4&166.0655008571371|73217&4&173.17730513923914|73231&4&165.3866322986331|73233&4&327.3783031368211|73234&4&14.277826555905389|73239&4&553.6180940849724|73240&4&677.8123099205532|73244&4&161.69213401738534|73245&4&288.7082775203311|73249&4&105.1772753129729|73262&4&295.9704399680604|73263&4&307.671877811869|73265&4&974.2091192524357|73268&4&841.0844377984635|73276&4&776.8726513233187|73280&4&199.47719524220076|73292&4&12.891662940003648|73306&4&9.393818389190962,2|73189&4&8.391101021702752|73197&4&30.101826345717168|73200&4&104.92995672515698|73203&4&8.056817657455014|73206&4&9.748260308900523|73209&4&799.0942800974003|73214&4&244.91711024294244|73220&4&492.1250418457319|73230&4&37.93112889130617|73235&4&364.3083467675081|73246&4&243.55387917021775|73247&4&8.432398906122957|73252&4&78.01589473462181|73253&4&50.38435325325679|73257&4&167.3141275776273|73258&4&92.98378227532268|73264&4&47.04468764858356|73274&4&76.37509476985397|73277&4&613.3699227828045|73284&4&668.4638870725829|73288&4&21.209705018692077|73294&4&10.752463715159013|73296&4&10.03901215464651|73301&4&20.520024109700422
67|4,130,1,1,1,1,1,1,1,1,1,1,1,1,1,1,1,1,1,1,1,1,1,1,1,1,1,1,1,1,1,1,1,1,1,1,1,1,1,1,1,1,1,1,1,1,1,1,1,1,1,1,1,1,1,1,1,1,1,1,1,1,1,1,1,1,1,1,1,1,1,1,1,1,1,1,1,1,1,1,1,1,1,1,1,1,1,1,1,1,1,1,1,1,1,1,1,1,1,1,1,1,0,0,0,0,0,0,0,0,0,0,0,0,0,0,0,0,0,0,0,0,2|73193&4&19.836975234536474|73198&4&16.481744611512827|73210&4&588.9483699005926|73211&4&552.7012216449514|73222&4&79.8238387926019|73228&4&430.91545282156227|73237&4&151.7389751622438|73241&4&195.5262767182222|73248&4&764.3826980950633|73252&4&44.67311495598441|73263&4&76.7436404487901|73266&4&60.069083193120825|73268&4&50.8171689228646|73281&4&29.433969932226933|73287&4&76.94840012792703|73289&4&6.473285715074894|73301&4&79.76206213208812|73302&4&34.51566024807842,2|73195&4&203.11816492028356|73201&4&465.6168161519737|73207&4&326.41095351557635|73212&4&30.01697248374572|73215&4&143.33461046729576|73216&4&88.1617348461649|73221&4&27.446008890619744|73222&4&11.862337013075642|73223&4&370.13553657253203|73225&4&12.430295183673287|73226&4&640.456627918742|73229&4&554.5162041239564|73239&4&55.730502455091035|73241&4&-8.43769498715119E-15|73242&4&241.33195008282047|73245&4&169.1492515404827|73250&4&3.552713678800501E-14|73251&4&175.31113852622332|73252&4&2.426940871487937|73254&4&4.20370708731968|73255&4&377.5208079662031|73257&4&433.63647577659964|73264&4&24.54958050725224|73270&4&-2.042810365310288E-14|73273&4&25.917770659263468|73275&4&50.791052526695644|73277&4&39.04342676217514|73282&4&-3.907985046680551E-14|73285&4&145.46542761703776|73286&4&472.57887609261707|73289&4&12.171047232228709|73292&4&35.2713425848484|73304&4&60.4759379909641|73307&4&50.65425610058994|73308&4&72.08208299781776,2|73189&4&541.2249268987671|73193&4&300.0962613782459|73197&4&31.596147214009115|73199&4&25.790140012818384|73200&4&192.91545989001364|73204&4&360.0854612224816|73205&4&63.190156393809644|73207&4&160.32631655477823|73209&4&38.22683659314471|73215&4&591.2019081475271|73216&4&65.2625207470889|73217&4&739.8400291184819|73220&4&223.45649199374705|73230&4&576.8617006937006|73233&4&184.3950994918056|73240&4&28.660903015260985|73247&4&543.153499812519|73260&4&540.449876113798|73263&4&12.731736679191586|73266&4&206.53186862154107|73269&4&4.741899649911603|73278&4&1101.2418371337997|73279&4&399.0012390939786|73286&4&239.8215151158484|73287&4&406.1170965493468|73294&4&47.50695541301886,2|73190&4&250.27367096402847|73191&4&302.7671200318926|73195&4&61.45604199292672|73199&4&228.84364182009642|73204&4&370.54599915031366|73206&4&9.976028377840366|73219&4&692.4732518553625|73225&4&632.822961664466|73227&4&118.82938789806786|73231&4&543.4238821508798|73232&4&310.6308438308048|73234&4&724.4595345113416|73236&4&529.0302430557791|73241&4&546.9782380971756|73242&4&363.13127988618373|73245&4&13.71180206590199|73251&4&159.87699497024812|73257&4&91.73246260248266|73261&4&555.0628321747351|73262&4&463.022612539639|73268&4&1.2786940668633968|73270&4&497.5882851155606|73272&4&682.3790422056551|73274&4&482.6348615535292|73280&4&247.41094337011037|73293&4&64.98411042145423|73304&4&81.8889628951967|73305&4&59.27338941794409,2|73190&4&91.49900107366143|73199&4&65.02734992212552|73202&4&132.86414852583653|73203&4&243.3058633310315|73207&4&334.6332674768279|73208&4&979.1667999358649|73222&4&94.04757106779324|73227&4&378.75568263093874|73233&4&169.52827142061244|73238&4&176.3089182357153|73249&4&696.0555739850231|73250&4&705.6430700051175|73252&4&293.9548510819293|73269&4&580.4967204350265|73270&4&369.9095216602517|73275&4&159.4048465229056|73276&4&25.83190859309115|73280&4&201.49373178701654|73282&4&642.9646276811955|73296&4&28.692892205806174|73303&4&61.381911174948634,2|73192&4&228.6102443117522|73196&4&728.9525539662491|73198&4&6.04487126253503|73200&4&290.0395570666723|73212&4&270.0528435612747|73214&4&217.8071905250962|73220&4&82.99379051445555|73224&4&114.51133622154519|73235&4&422.58861473224863|73245&4&8.422402964611122|73254&4&486.32110132821725|73265&4&5.130064635985015|73271&4&866.9007354027789|73281&4&154.13333955402743|73283&4&749.048028101339|73296&4&15.196169156589395,2|73190&4&235.21389863120808|73203&4&69.37279224408708|73205&4&600.6812609333804|73208&4&20.94419891710664|73212&4&332.8319937688332|73213&4&637.73221183962|73217&4&65.91256690331568|73221&4&581.3090175354316|73224&4&311.13046390065483|73232&4&210.6226677497411|73236&4&236.0741721633462|73238&4&597.9470471350414|73243&4&507.46111800122327|73251&4&396.69530752244896|73253&4&552.7078190662221|73254&4&395.7453891702507|73255&4&161.4366915409713|73257&4&284.6819597112676|73262&4&1.687538997430238E-14|73264&4&202.0035711659787|73267&4&596.883019457264|73273&4&714.9123437347431|73274&4&59.282773442334445|73281&4&355.1091281698862|73288&4&503.8155573894986|73291&4&41.594789793814|73296&4&3.1002325650963405|73298&4&35.60887608879893|73300&4&37.195529937520575|73302&4&16.069071573887655|73306&4&9.593590418614097,2|73191&4&231.33712765814684|73192&4&158.1284796771709|73194&4&785.2694889704495|73195&4&158.3574389567005|73197&4&405.656827751305|73200&4&48.44278728053164|73202&4&795.4015752303085|73204&4&4.122296256270096|73206&4&246.9962540146848|73216&4&186.2323866333712|73218&4&746.83263230717|73219&4&24.76677662585869|73222&4&234.72401203476625|73225&4&36.86963701188138|73237&4&388.2716082025432|73244&4&342.1232906867249|73246&4&418.95782737510524|73255&4&205.41749305019158|73256&4&633.2546162386574|73258&4&789.7973428721671|73259&4&823.8095320129485|73263&4&133.92033657598105|73264&4&489.1675740674139|73266&4&174.0758821802079|73273&4&21.331961905004952|73275&4&434.215253609453|73279&4&49.790047026511246|73285&4&442.25824040134694|73286&4&4.067610756407096|73288&4&16.011839087204166|73289&4&66.86260948942109|73296&4&40.036338608438804|73306&4&44.826904286843295,2|73193&4&226.82841761051475|73198&4&719.9334045530742|73199&4&180.7645698413294|73205&4&147.6953843027689|73217&4&152.79523869610037|73231&4&283.4747364559445|73233&4&283.0918265074029|73234&4&5.377250269985745|73239&4&597.6290821409068|73240&4&686.1371375476067|73244&4&132.68194154617234|73245&4&261.8920135860277|73249&4&78.52999920481113|73262&4&261.4315524661117|73263&4&273.9098214988963|73265&4&895.500839458236|73268&4&941.3606925454592|73276&4&786.0348166351969|73280&4&168.7147981149191|73292&4&11.938056188254624|73306&4&8.374625586521574,2|73189&4&2.9723619434037523|73197&4&11.07478300873577|73200&4&94.75634282871022|73203&4&7.582887207016483|73206&4&42.97565609359707|73209&4&854.5032571897077|73214&4&307.6812986238782|73220&4&447.79619907507254|73230&4&120.68465226180899|73235&4&342.25883751598496|73246&4&207.03185351931393|73247&4&3.607132477155338|73252&4&158.47578078500803|73253&4&139.7106993710636|73257&4&136.54069084950757|73258&4&73.63934342297975|73264&4&40.807060317398346|73274&4&68.53564690661491|73277&4&566.800969176086|73284&4&601.2699434556306|73288&4&18.41148962048641|73294&4&9.688808953781084|73296&4&8.60439345215787|73301&4&78.7169321812858|73303&4&2.3623771404782588
68|4,130,1,1,1,1,1,1,1,1,1,1,1,1,1,1,1,1,1,1,1,1,1,1,1,1,1,1,1,1,1,1,1,1,1,1,1,1,1,1,1,1,1,1,1,1,1,1,1,1,1,1,1,1,1,1,1,1,1,1,1,1,1,1,1,1,1,1,1,1,1,1,1,1,1,1,1,1,1,1,1,1,1,1,1,1,1,1,1,1,1,1,1,1,1,1,1,1,1,1,1,1,0,0,0,0,0,0,0,0,0,0,0,0,0,0,0,0,0,0,0,0,2|73193&4&9.185862596699968|73198&4&9.559848596510928|73210&4&568.6899491042836|73211&4&588.3636269100521|73222&4&147.67295033117557|73228&4&477.7676371611093|73230&4&165.71023999125308|73237&4&128.14299642928717|73241&4&165.76233702658533|73248&4&758.2181684485698|73252&4&31.9815462655953|73263&4&71.4961809070918|73266&4&129.86285040343046|73268&4&38.25351663830233|73281&4&22.605020824174204|73287&4&57.981914841730735|73289&4&18.304939061694967|73301&4&71.68625243245464|73302&4&32.139459630873276,2|73191&4&19.47389180582894|73195&4&286.1964205924157|73201&4&528.5027154296309|73207&4&461.70847357251847|73212&4&16.652074867000916|73215&4&118.84435816963313|73216&4&83.59199317743915|73221&4&18.248313732872838|73222&4&4.578965918442545|73223&4&363.0919244779477|73225&4&5.0915386653264765|73226&4&573.373098795197|73229&4&547.6272478400577|73239&4&37.030099402755916|73242&4&271.67028628848|73245&4&196.15914614658186|73251&4&165.5546064287321|73252&4&1.509903313490213E-14|73254&4&1.2434497875801753E-14|73255&4&499.50329404030475|73257&4&450.14818717212745|73264&4&15.242278631014651|73273&4&15.06285030613743|73275&4&36.39404612205526|73277&4&26.41395453770127|73285&4&117.05709944040434|73286&4&570.7910324899202|73289&4&9.90025302967928|73292&4&33.00614013476185|73293&4&9.385191409441234|73304&4&71.83959841281506|73307&4&58.59729962860605|73308&4&87.89980917724114,2|73189&4&537.4022822523787|73193&4&415.843232437017|73197&4&26.04619237863089|73199&4&19.970118136939284|73200&4&180.14709652358584|73204&4&328.0004126515107|73205&4&46.18188930093105|73207&4&130.36738937352163|73209&4&23.31145926815347|73215&4&549.4624026947538|73216&4&49.39640133644544|73217&4&688.8782359954705|73220&4&204.4635159406059|73230&4&515.757867434845|73233&4&172.60767375712769|73240&4&21.747716354190537|73247&4&493.3393376221039|73260&4&577.8617394498184|73263&4&7.624257004300758|73266&4&179.5333012545516|73269&4&-4.618527782440651E-14|73278&4&1180.2085641921658|73279&4&373.40968681259875|73286&4&208.74206480508158|73287&4&426.107973488144|73294&4&44.16026803503827,2|73190&4&321.75901719088426|73191&4&285.001679246057|73195&4&47.999826767772596|73199&4&213.7647622530986|73204&4&369.36379689483783|73206&4&9.377678321394491|73219&4&635.6031595482253|73225&4&654.8175501419637|73227&4&169.8120275523426|73231&4&486.9349191024495|73232&4&330.58551697110363|73234&4&734.6436805972696|73236&4&524.4036275016945|73241&4&511.06541687209005|73242&4&328.7558852188362|73245&4&9.141201377268|73251&4&148.86790585960094|73257&4&85.61696509565047|73261&4&522.5962806121069|73262&4&474.81789969580257|73268&4&7.105427357601002E-15|73270&4&530.9436854696814|73272&4&665.3383544169818|73274&4&511.94002843952876|73280&4&230.57227733148534|73292&4&6.695116781008494|73293&4&59.78399711858417|73304&4&74.38225795974704|73305&4&61.66450783303401,2|73190&4&71.36617767588996|73199&4&75.96410017912768|73202&4&125.87129860342408|73203&4&223.34748647609393|73207&4&310.1989053433252|73208&4&978.2045258543243|73222&4&77.69024382129274|73227&4&327.0342226169665|73233&4&211.14899370531725|73238&4&141.6136757222207|73249&4&789.2163726814624|73250&4&716.6062279414216|73252&4&269.21473615985224|73269&4&557.5351578327727|73270&4&326.24277632526673|73275&4&141.37505057795846|73276&4&13.000442409969953|73280&4&249.82485309948692|73282&4&639.3999105016665|73296&4&26.502827847054967|73303&4&55.86018433374552,2|73192&4&194.38148645546732|73196&4&798.7316948027354|73198&4&3.730349362740526E-14|73200&4&412.9741680300194|73212&4&367.7385519880016|73214&4&186.86936463361252|73220&4&209.83265727960574|73224&4&190.87640820882473|73235&4&361.8698846819206|73245&4&4.122732106568555|73254&4&614.5139336451489|73265&4&0.0|73271&4&961.3649626124072|73281&4&145.99871254488147|73283&4&695.0920584936882|73296&4&14.276165042514041,2|73190&4&214.15954382396671|73203&4&51.89430304251036|73205&4&555.2004289821275|73208&4&11.669833128022395|73212&4&305.3166446419258|73213&4&728.2984746716637|73216&4&58.88194049192367|73217&4&45.274621308218414|73221&4&568.0278909742422|73224&4&275.3054931734613|73232&4&178.77909966594513|73236&4&205.60409093327846|73238&4&760.0530211665615|73241&4&60.590703772141126|73243&4&476.6683451355135|73251&4&343.46359928632023|73253&4&497.8299002254886|73254&4&345.71982954201104|73255&4&132.07009210757195|73257&4&261.45616013764464|73264&4&183.13212398985382|73267&4&654.5302518603579|73273&4&729.7532705141389|73274&4&44.319090370876324|73281&4&328.6941030716047|73288&4&505.6431627093973|73291&4&38.75378992227262|73296&4&2.2248571919295275|73298&4&33.23809577415153|73300&4&34.70199668654528|73302&4&14.729675557649266|73306&4&8.680545204993104,2|73191&4&198.4145972702866|73192&4&237.78663718954152|73194&4&0.0|73195&4&146.5215143190833|73197&4&514.7983807697519|73200&4&29.502385163995932|73202&4&713.9710505210131|73204&4&7.105427357601002E-15|73206&4&213.77581793128178|73216&4&168.8856741658088|73218&4&782.1621433050626|73219&4&16.170996257327616|73222&4&216.03580930778264|73225&4&28.85815994626776|73237&4&392.8553504119999|73244&4&353.71720294812735|73246&4&444.75383618156195|73255&4&190.44261565570304|73256&4&616.3073896021695|73258&4&790.374064578976|73259&4&898.8291801727161|73263&4&159.7097511964893|73264&4&457.09478593713857|73266&4&164.17100443208062|73273&4&15.998971428753721|73275&4&513.9739271982958|73279&4&44.08067056113708|73285&4&519.6421249570099|73286&4&3.552713678800501E-14|73288&4&8.34921158074173|73289&4&61.48021050911108|73296&4&36.91027132429842|73306&4&41.75421315711468,2|73193&4&200.43557242897987|73198&4&660.7398525797787|73199&4&163.59467198304924|73205&4&129.32526774840073|73217&4&132.4131722529616|73231&4&337.75749390788906|73233&4&241.51202451338756|73234&4&0.9092724254031066|73239&4&703.2220069400835|73240&4&673.1168581964118|73244&4&103.70518701709636|73245&4&235.07574965172418|73249&4&54.162181089889586|73262&4&226.8926649641631|73263&4&240.1477651859235|73265&4&0.0|73268&4&920.3118083116533|73276&4&884.9106888985054|73280&4&140.13184196343445|73292&4&10.9844494365056|73306&4&7.35543278385219,2|73189&4&-1.865174681370263E-14|73197&4&4.040843551416003|73200&4&84.58272893226345|73203&4&20.9131169742667|73206&4&93.7729601754826|73209&4&921.3291436493842|73214&4&392.74883922631597|73220&4&406.35381649505797|73230&4&114.55559182649029|73235&4&320.20932826446176|73246&4&172.69038183902342|73247&4&-3.907985046680551E-14|73252&4&226.61048472034878|73253&4&212.43440080344794|73257&4&109.0447015043599|73258&4&57.24889138819729|73264&4&34.56943298621314|73274&4&60.69619904337587|73277&4&543.2705539271872|73284&4&536.2711533739744|73288&4&15.613274222280744|73294&4&8.625154192403155|73296&4&7.169774749669231|73300&4&5.132169302559646|73301&4&74.72978551194726|73303&4&7.76376755955816
69|4,130,1,1,1,1,1,1,1,1,1,1,1,1,1,1,1,1,1,1,1,1,1,1,1,1,1,1,1,1,1,1,1,1,1,1,1,1,1,1,1,1,1,1,1,1,1,1,1,1,1,1,1,1,1,1,1,1,1,1,1,1,1,1,1,1,1,1,1,1,1,1,1,1,1,1,1,1,1,1,1,1,1,1,1,1,1,1,1,1,1,1,1,1,1,1,1,1,1,1,1,1,0,0,0,0,0,0,0,0,0,0,0,0,0,0,0,0,0,0,0,0,2|73193&4&3.058008830437752|73198&4&2.637952581509029|73210&4&536.2192344820835|73211&4&653.5469934509714|73222&4&224.8781288938727|73228&4&451.55677553362744|73230&4&327.71116128439616|73237&4&105.41930789267315|73241&4&136.95276211646197|73245&4&99.4761486603354|73246&4&50.43201213078578|73248&4&821.1778450576387|73252&4&19.289977575206187|73263&4&66.2487213653935|73266&4&193.75555431988244|73268&4&25.68986435374005|73281&4&15.776071716121464|73287&4&41.614340450422986|73289&4&30.848098663946825|73301&4&63.61044273282113|73302&4&29.763259013668133,2|73191&4&19.672439636445258|73195&4&340.17457794650306|73201&4&562.852049615556|73207&4&580.4925350052572|73212&4&7.295005124190176|73215&4&94.35410587197046|73216&4&79.02225150871337|73221&4&9.579423093223719|73222&4&1.0703098828036912|73223&4&416.1386854089135|73225&4&1.1560342478421766|73226&4&507.3632576683793|73229&4&580.9138965505418|73239&4&22.059791741276793|73242&4&390.51888996409417|73245&4&184.81005798761487|73251&4&155.79807433124083|73255&4&520.9384620128667|73257&4&484.19467143385543|73264&4&11.431708973261017|73273&4&5.187921275568074|73275&4&24.99368748027934|73277&4&15.85144102664323|73285&4&90.29025117640586|73286&4&687.7015770887413|73289&4&7.629458827129854|73292&4&30.74093768467531|73293&4&19.528091080974338|73304&4&69.08552368884153|73307&4&71.9730696337401|73308&4&100.76998512122792,2|73189&4&604.5504845719777|73193&4&477.0297363398661|73197&4&20.49623754325267|73199&4&14.150096261060185|73200&4&167.37873315715805|73204&4&295.91536408053975|73205&4&29.17362220805245|73207&4&100.40846219226506|73209&4&11.949598904845864|73215&4&507.7228972419805|73216&4&36.01694382646339|73217&4&637.9164428724592|73220&4&185.4705398874647|73230&4&459.5896641424514|73233&4&160.8202480224498|73240&4&15.04499435940643|73247&4&443.5251754316887|73260&4&619.7433812217291|73263&4&3.6017656198731474|73266&4&153.98613904022667|73278&4&1226.2604023743754|73279&4&347.8181345312188|73286&4&177.66261449431474|73287&4&504.08360211610017|73294&4&40.813580657057685|73296&4&13.984163772899024,2|73190&4&429.613778279614|73191&4&267.2362384602214|73195&4&37.02429174679298|73199&4&198.6858826861008|73204&4&387.45547835527776|73206&4&8.779328264948616|73219&4&578.7330672410883|73225&4&700.0652760122567|73227&4&298.5282351601778|73231&4&431.9401330969624|73232&4&436.4490327883316|73234&4&716.5196574444342|73236&4&600.1909429013378|73241&4&475.1525956470048|73242&4&294.3804905514887|73245&4&4.570600688634011|73251&4&137.8588167489538|73257&4&79.50146758881829|73261&4&492.3529663872392|73262&4&568.1808388577078|73270&4&499.33786073053176|73272&4&636.926673246495|73274&4&518.8723419725291|73280&4&213.7336112928602|73292&4&16.916422095123686|73293&4&54.5838838157141|73301&4&84.13193119769784|73304&4&66.87555302429736|73305&4&65.69488428034896,2|73190&4&53.42236526253572|73199&4&105.55279977131853|73202&4&118.87844868101163|73203&4&203.38910962115634|73207&4&285.76454320982236|73208&4&1026.0262413945125|73222&4&61.33291657479223|73227&4&276.5702856498297|73233&4&304.07304575612744|73238&4&112.42484429999402|73249&4&894.948599063237|73250&4&672.8234168866244|73252&4&244.47462123777515|73269&4&549.7141284376203|73270&4&338.3217286126331|73275&4&123.34525463301136|73276&4&4.371537435192516|73280&4&276.2566922174211|73282&4&688.7115439241666|73296&4&24.312763488303766|73303&4&50.3384574925424,2|73192&4&161.76479424837845|73196&4&861.063114578879|73200&4&540.3527062640833|73212&4&466.07673627496695|73214&4&159.16379848189314|73220&4&199.1335399393393|73224&4&270.21272260126767|73235&4&306.27929188040525|73245&4&-2.1316282072803006E-14|73254&4&675.4137243457723|73271&4&1040.1262795680323|73281&4&137.86408553573548|73283&4&624.7011464630212|73296&4&13.356160928438689,2|73190&4&193.10518901672538|73203&4&36.84181498014789|73205&4&515.8736481872866|73208&4&3.999212589974071|73212&4&277.8012955150184|73213&4&721.1691930320308|73216&4&78.63024896592682|73217&4&27.949696328744622|73221&4&633.3087818040834|73224&4&241.83786973952795|73232&4&149.3112166542556|73236&4&177.1266774184826|73238&4&755.5529580926963|73241&4&57.56116858353407|73243&4&478.56273465718715|73251&4&290.60692850687593|73252&4&112.15220308086072|73253&4&446.03526875340077|73254&4&295.6942699137714|73255&4&107.46739041810767|73257&4&238.23036056402174|73264&4&164.26067681372894|73267&4&603.0375158931112|73273&4&841.2443461054761|73274&4&32.08512571255637|73281&4&302.2790779733232|73288&4&505.8143866845269|73291&4&35.91279005073124|73294&4&11.404978156630023|73296&4&1.3494818187627151|73298&4&30.86731545950412|73300&4&32.20846343556999|73302&4&13.390279541410877|73306&4&7.767499991372111,2|73191&4&168.46208155398918|73192&4&320.71936087275446|73195&4&134.6855896814661|73197&4&565.6923267617243|73200&4&14.860531121256438|73202&4&633.9337057490452|73206&4&180.9907121350293|73216&4&151.53896169824642|73218&4&775.8244482469738|73219&4&12.12824719299572|73222&4&197.34760658079898|73225&4&20.846682880654136|73237&4&405.6301558723288|73244&4&451.7675848405919|73246&4&416.24123370167206|73255&4&175.46773826121446|73256&4&693.163368128856|73258&4&764.9938141361974|73259&4&938.6639639662669|73263&4&187.10499123937555|73264&4&425.0219978068633|73266&4&154.26612668395336|73273&4&10.66598095250249|73275&4&518.4124846973436|73279&4&38.371294095762934|73285&4&601.1172101744685|73288&4&3.323085054183825|73289&4&56.097811528801074|73296&4&33.784204040158045|73306&4&38.68152202738605,2|73193&4&174.04272724744501|73198&4&671.7028735424625|73199&4&146.42477412476904|73205&4&110.95515119403254|73217&4&112.03110580982286|73231&4&438.97434267822075|73233&4&202.0598790279349|73234&4&6.8833827526759706E-15|73239&4&780.8973310010289|73240&4&674.6632682641057|73244&4&75.25440175495592|73245&4&208.25948571742066|73249&4&34.23623924882948|73262&4&192.6944046662038|73263&4&206.38570887295074|73268&4&846.0049186504584|73276&4&936.9580241349665|73280&4&114.08851109798364|73292&4&10.030842684756573|73306&4&6.336239981182803,2|73197&4&1.5987211554602254E-14|73200&4&74.40911503581668|73203&4&49.39055221384963|73206&4&152.95854688265013|73209&4&925.1404299566516|73214&4&427.735785986297|73220&4&368.596292104328|73230&4&108.42653139117158|73235&4&298.15981901293856|73246&4&139.57939307144386|73252&4&214.50688955410757|73253&4&244.03288636680685|73257&4&82.13992104454628|73258&4&41.87223532790149|73264&4&28.33180565502792|73274&4&52.856751180136825|73277&4&502.6266875266487|73284&4&472.56738246256725|73288&4&12.815058824075077|73294&4&7.561499431025225|73296&4&5.735156047180592|73300&4&15.015189437053484|73301&4&70.74263884260871|73303&4&15.629114128812981
70|4,130,1,1,1,1,1,1,1,1,1,1,1,1,1,1,1,1,1,1,1,1,1,1,1,1,1,1,1,1,1,1,1,1,1,1,1,1,1,1,1,1,1,1,1,1,1,1,1,1,1,1,1,1,1,1,1,1,1,1,1,1,1,1,1,1,1,1,1,1,1,1,1,1,1,1,1,1,1,1,1,1,1,1,1,1,1,1,1,1,1,1,1,1,1,1,1,1,1,1,1,1,0,0,0,0,0,0,0,0,0,0,0,0,0,0,0,0,0,0,0,0,2|73193&4&-1.865174681370263E-14|73198&4&1.4210854715202004E-14|73210&4&540.6322085283908|73211&4&729.5803056828495|73222&4&253.9115038379805|73228&4&437.266940847516|73230&4&384.403164626164|73237&4&83.47265682800332|73241&4&108.84471716659814|73245&4&175.7356904457707|73246&4&181.45016944307199|73248&4&895.4408899168685|73252&4&9.663672920136744|73263&4&61.00126182369518|73266&4&250.87985143977926|73268&4&13.710877612130792|73281&4&9.649300074153658|73287&4&28.315991688973135|73289&4&43.2576725108612|73301&4&56.20515021503205|73302&4&27.38705839646299,2|73191&4&59.59580502742759|73195&4&362.7468901586251|73201&4&572.9315958918946|73207&4&613.7966299597604|73212&4&2.2298305119628896|73215&4&72.54459128098337|73216&4&74.4525098399876|73221&4&3.2521849765706965|73222&4&-7.549516567451064E-15|73223&4&470.4411476724345|73225&4&-5.329070518200751E-15|73226&4&0.0|73229&4&624.8924674128483|73239&4&11.118041318209352|73242&4&424.24537245421266|73245&4&173.46096982864788|73251&4&164.191469849898|73255&4&626.3668337739143|73257&4&455.31814098640535|73259&4&60.7588928933543|73264&4&7.621139315507347|73273&4&-1.4210854715202004E-14|73275&4&14.081905274795735|73277&4&7.763104075882264|73285&4&67.5334047917381|73286&4&788.658320166111|73289&4&5.358664624580426|73292&4&28.475735234588765|73293&4&29.8188134903577|73304&4&93.17588411566197|73307&4&85.54047433310029|73308&4&106.25425413367716,2|73189&4&666.4652290976373|73193&4&491.96071702198367|73197&4&14.946282707874442|73199&4&8.330074385181083|73200&4&154.61036979073026|73204&4&263.8303155095688|73205&4&14.929501254543109|73207&4&74.53537327641098|73209&4&3.971974130312482|73215&4&465.98339178920713|73216&4&25.302424768986562|73217&4&586.954649749448|73220&4&166.47756383432355|73230&4&408.14715157246167|73233&4&149.03282228777186|73240&4&9.443613412013068|73247&4&0.0|73260&4&672.5351430604463|73263&4&2.7533531010703882E-14|73266&4&130.70617814532756|73278&4&1154.842680863173|73279&4&333.9525089689443|73286&4&150.4922355314241|73287&4&513.8099356231851|73294&4&37.466893279077105|73296&4&22.681562697521645,2|73190&4&465.6489397752714|73191&4&249.47079767438584|73195&4&28.90244597553755|73199&4&183.60700311910298|73204&4&383.9568161113275|73206&4&8.18097820850274|73219&4&521.8629749339509|73225&4&703.7491596524922|73227&4&443.1345798161392|73231&4&380.6820320620431|73232&4&555.3357600917471|73234&4&744.8411048829289|73236&4&616.4948561506834|73241&4&439.2397744219194|73242&4&260.00509588414116|73245&4&2.1316282072803006E-14|73251&4&126.84972763830669|73257&4&73.3859700819861|73261&4&471.65036699454123|73262&4&660.388386213839|73270&4&467.732035991382|73272&4&611.0244100941292|73274&4&521.3750820032201|73280&4&196.8949452542351|73292&4&29.100071231666707|73293&4&49.38377051284403|73301&4&79.92533463781295|73304&4&59.36884808884769|73305&4&70.2304303779843,2|73190&4&38.765972031223015|73199&4&206.80443945533838|73202&4&111.88559875859919|73203&4&183.43073276621874|73207&4&261.33018107631966|73208&4&938.6367554581487|73222&4&44.97558932829172|73227&4&230.23292487189252|73233&4&331.0438114862272|73238&4&88.69528159704159|73249&4&973.2547824355097|73250&4&659.2998174099159|73252&4&219.73450631569807|73269&4&529.1693662668054|73270&4&446.9774768162412|73275&4&105.31545868806427|73276&4&-3.019806626980426E-14|73280&4&301.79834898528003|73282&4&652.2251329676419|73296&4&22.12269912955256|73303&4&44.816730651339284,2|73192&4&130.65949804548598|73196&4&841.7940167283738|73200&4&637.1438577076576|73212&4&547.1448810857747|73214&4&132.18208875898466|73220&4&188.4344225990729|73224&4&315.236495474131|73235&4&0.0|73254&4&789.0049693705216|73271&4&1115.079629228382|73281&4&129.7294585265895|73283&4&559.1238681558153|73296&4&12.436156814363336,2|73190&4&172.050834209484|73203&4&22.742968844274163|73205&4&476.5468673924457|73208&4&-2.6645352591003757E-15|73212&4&250.28594638811103|73213&4&718.9338273037035|73216&4&176.48992916253883|73217&4&14.416845404450344|73221&4&577.9507160014198|73224&4&210.92079905481742|73232&4&122.60348634341977|73236&4&150.17833349502993|73238&4&705.0753098483474|73241&4&54.53163339492701|73243&4&493.84758025308633|73251&4&241.92727310687877|73252&4&222.40986337926256|73253&4&397.4243062732823|73254&4&250.02614952379264|73255&4&84.14284541418088|73257&4&215.0045609903988|73264&4&145.38922963760405|73267&4&555.4372226218709|73273&4&899.9461396760316|73274&4&21.466770685414115|73281&4&275.8640528750417|73288&4&478.06864620056336|73291&4&33.07179017918985|73294&4&22.352210485414176|73296&4&0.4741064455959025|73298&4&28.49653514485672|73300&4&29.7149301845947|73302&4&12.050883525172488|73306&4&6.854454777751117,2|73191&4&138.56472289555794|73192&4&412.1435747405128|73195&4&122.84966504384893|73197&4&529.1628387882516|73200&4&4.968554270225275|73202&4&558.0503269423575|73206&4&151.1810745689428|73216&4&134.19224923068404|73218&4&860.6225375971371|73219&4&8.085498128663811|73222&4&178.65940385381538|73225&4&12.835205815040512|73237&4&394.04324660185716|73244&4&557.6123383728227|73246&4&387.7286312217822|73255&4&160.4928608667259|73256&4&783.8158875506995|73258&4&850.5042533125973|73259&4&862.4702075520104|73263&4&260.6148976258247|73264&4&392.949209676588|73266&4&144.3612489358261|73273&4&5.332990476251259|73275&4&624.1052993995173|73279&4&32.75174004255882|73285&4&688.2692414851056|73288&4&0.22818332378997408|73289&4&50.71541254849109|73296&4&30.65813675601767|73306&4&35.608830897657434,2|73193&4&147.64988206591016|73198&4&609.0014929223681|73199&4&129.2548762664889|73205&4&92.58503463966437|73217&4&91.64903936668411|73231&4&467.07458748402047|73233&4&165.72893321141413|73239&4&726.8701557539956|73240&4&663.3957797549467|73244&4&50.775902434829206|73245&4&181.4432217831172|73249&4&19.349105382928176|73262&4&161.3007423389488|73263&4&172.62365255997793|73268&4&771.6980289892635|73276&4&906.4288106515721|73280&4&90.53861941472428|73292&4&9.077235933007547|73306&4&5.317047178513418,2|73200&4&64.23550113936994|73203&4&120.11667383824786|73206&4&229.1522067085096|73209&4&1018.545555793482|73214&4&525.0454841368196|73220&4&331.29688479446304|73230&4&102.29747095585287|73235&4&0.0|73239&4&117.76748336608625|73246&4&107.11188119321984|73252&4&202.4032943878664|73253&4&243.72156457218958|73257&4&58.91914026303193|73258&4&31.38430345470392|73264&4&22.094178323842705|73274&4&45.01730331689777|73277&4&560.4871278166589|73284&4&413.47980261869225|73288&4&10.01684342586941|73294&4&6.497844669647295|73296&4&4.300537344691953|73300&4&24.829833605363476|73301&4&66.75549217327017|73303&4&24.605808852649776
71|4,130,1,1,1,1,1,1,1,1,1,1,1,1,1,1,1,1,1,1,1,1,1,1,1,1,1,1,1,1,1,1,1,1,1,1,1,1,1,1,1,1,1,1,1,1,1,1,1,1,1,1,1,1,1,1,1,1,1,1,1,1,1,1,1,1,1,1,1,1,1,1,1,1,1,1,1,1,1,1,1,1,1,1,1,1,1,1,1,1,1,1,1,1,1,1,1,1,1,1,1,1,0,0,0,0,0,0,0,0,0,0,0,0,0,0,0,0,0,0,0,0,2|73210&4&591.199676049408|73211&4&746.3403961693236|73217&4&270.9151104369746|73222&4&327.0926648091247|73228&4&428.91570270552063|73230&4&497.65306416888194|73237&4&61.97858128186671|73241&4&84.83244046764798|73245&4&289.06626087127194|73246&4&337.70383875476045|73248&4&819.7480366812929|73252&4&3.1778299155801366|73263&4&55.75380228199687|73266&4&315.32957045597095|73268&4&4.598752488876458|73281&4&4.85773995524875|73287&4&16.992572301922138|73289&4&55.08415652866718|73301&4&49.248042496533785|73302&4&25.010857779257844,2|73191&4&109.78926162963369|73195&4&358.9491424487635|73201&4&630.998207428454|73207&4&623.671342424224|73212&4&0.0|73215&4&51.694425954246746|73216&4&69.88276817126183|73221&4&-2.042810365310288E-14|73223&4&431.9072861614093|73229&4&680.3446435857063|73239&4&3.7459083399423987|73242&4&561.5804130597887|73245&4&162.11188166968088|73251&4&207.36664982225193|73255&4&638.398302250367|73257&4&525.1227093904356|73259&4&190.9925217282701|73264&4&3.8105696577536765|73275&4&6.426378132856981|73277&4&2.708925463310551|73285&4&48.80655619437816|73286&4&754.8768946323329|73289&4&3.274965583134037|73292&4&26.21053278450222|73293&4&39.70053603369859|73304&4&104.04670415612878|73307&4&98.39406416743229|73308&4&118.9419194350524,2|73189&4&663.2259265431546|73193&4&595.0158246495935|73197&4&9.396327872496219|73199&4&3.963224211159684|73200&4&141.8420064243025|73204&4&231.9991461345514|73205&4&0.0|73207&4&53.033280152093994|73209&4&2.1316282072803006E-14|73215&4&424.2438863364338|73216&4&16.92874124184283|73217&4&535.9928566264366|73220&4&147.48458778118237|73230&4&359.1751112884374|73233&4&137.24539655309394|73240&4&4.233347311807535|73260&4&733.3024900072631|73266&4&108.34627704127496|73278&4&1188.0834855554674|73279&4&321.01355153458104|73286&4&127.47108559574093|73287&4&600.0750309745995|73294&4&34.12020590109652|73296&4&31.457616101246977,2|73190&4&437.2647104531346|73191&4&231.70535688855023|73195&4&21.550094319242906|73199&4&168.52812355210517|73204&4&406.379513202715|73206&4&7.582628152056865|73219&4&464.99288262681375|73225&4&770.0381767262287|73227&4&513.5245487942573|73231&4&330.08089037547137|73232&4&576.80489119618|73234&4&842.1350113737498|73236&4&617.1400796631158|73241&4&403.32695319683387|73242&4&225.62970121679362|73251&4&115.84063852765954|73257&4&67.27047257515392|73261&4&517.9130272078255|73262&4&782.3156056557491|73270&4&436.1262112522323|73272&4&594.3956424432196|73274&4&560.129043325941|73280&4&180.05627921561003|73292&4&41.138225017941295|73293&4&44.183657209973966|73301&4&89.1604902554715|73304&4&51.862143153398016|73305&4&75.16008759950209,2|73190&4&25.09457537337252|73199&4&238.87620410096108|73202&4&104.89274883618674|73203&4&163.47235591128117|73207&4&236.89581894281693|73208&4&961.0603894713563|73222&4&28.61826208179122|73227&4&188.6444177552571|73233&4&426.06987718535606|73238&4&65.35862917924612|73249&4&1028.0144719633608|73250&4&687.7804808854089|73252&4&194.99439139362104|73269&4&602.7777409142735|73270&4&479.052080230687|73275&4&87.28566274311717|73280&4&385.8986241020992|73282&4&606.2562540123135|73296&4&19.932634770801357|73303&4&39.29500381013616,2|73192&4&103.33279152275956|73196&4&806.4775708625943|73200&4&636.46985651666|73212&4&624.6467136621383|73214&4&108.58651304353921|73220&4&177.73530525880648|73224&4&331.25509849599047|73254&4&887.3171607294329|73271&4&1016.2887677822996|73281&4&122.51182593983272|73283&4&495.06835534672047|73296&4&11.516152700287982,2|73190&4&150.99647940224264|73203&4&11.503709805120787|73205&4&0.0|73212&4&222.77059726120368|73213&4&772.3814670140596|73216&4&288.46994241106177|73217&4&4.843173937882385|73221&4&522.592650198756|73224&4&181.62141254592467|73232&4&98.52207957724198|73236&4&124.01545159849265|73238&4&654.5976616039986|73241&4&51.50209820631996|73243&4&534.6903865326389|73251&4&197.9805231077978|73252&4&323.66933626017925|73253&4&349.2823449185152|73254&4&208.71791570450534|73255&4&65.2652583457015|73257&4&191.77876141677584|73264&4&126.51778246147916|73267&4&508.56221099782306|73273&4&819.6884112423841|73274&4&10.876664678237427|73281&4&249.44902777676015|73288&4&548.4403653089321|73291&4&30.230790307648462|73294&4&33.92036420073212|73296&4&3.3306690738754696E-16|73298&4&26.125754830209317|73300&4&27.22139693361941|73302&4&10.711487508934098|73306&4&5.941409564130124,2|73191&4&109.77370467607622|73192&4&501.8831069687338|73195&4&111.01374040623173|73197&4&492.6333508147791|73200&4&-3.730349362740526E-14|73202&4&483.33717443927594|73206&4&125.1761991232615|73216&4&116.84553676312166|73218&4&834.9753714024614|73219&4&4.042749064331902|73222&4&159.97120112683174|73225&4&4.823728749426888|73237&4&358.61750465045014|73244&4&520.1647286476898|73246&4&359.2160287418923|73255&4&145.51798347223735|73256&4&882.0967330982915|73258&4&787.2399927062307|73259&4&789.7290864917476|73263&4&332.33319229578973|73264&4&378.1196002733713|73266&4&134.4563711876988|73273&4&2.8421709430404007E-14|73275&4&685.5370253593087|73279&4&27.13218598935471|73285&4&699.30461961711|73288&4&1.7208456881689926E-15|73289&4&45.33301356818108|73296&4&27.532069471877293|73306&4&32.53613976792881,2|73193&4&121.25703688437528|73198&4&546.3001123022738|73199&4&112.08497840820873|73205&4&0.0|73217&4&71.26697292354535|73221&4&23.398038145360935|73231&4&504.133702825255|73233&4&130.506984970921|73237&4&72.4603742472172|73239&4&672.8429805069625|73240&4&610.4541019906183|73244&4&30.747194784753994|73245&4&154.6269578488137|73249&4&9.713401392004243|73262&4&133.32225497482193|73263&4&138.86159624700517|73268&4&697.3911393280688|73276&4&948.1288567228737|73280&4&68.55598448060645|73292&4&8.123629181258522|73306&4&4.297854375844032,2|73190&4&99.87476684706996|73200&4&54.061887242923184|73203&4&196.74450212483765|73206&4&307.33668784338073|73209&4&1029.8529396054716|73214&4&621.6748077602965|73220&4&297.2177741032376|73230&4&96.16841052053417|73235&4&256.15673737640566|73239&4&186.76603143302316|73244&4&149.55431533050302|73246&4&78.25719881374752|73252&4&190.2996992216252|73253&4&352.2705455465756|73257&4&40.094879763068164|73258&4&20.896371581506344|73264&4&15.856550992657494|73274&4&37.177855453658715|73277&4&642.5385023237659|73284&4&356.06002471396874|73288&4&7.218628027663743|73294&4&5.434189908269365|73296&4&2.8659186422033134|73300&4&34.63592738621561|73301&4&62.768345503931634|73303&4&34.12499758805299
72|4,130,1,1,1,1,1,1,1,1,1,1,1,1,1,1,1,1,1,1,1,1,1,1,1,1,1,1,1,1,1,1,1,1,1,1,1,1,1,1,1,1,1,1,1,1,1,1,1,1,1,1,1,1,1,1,1,1,1,1,1,1,1,1,1,1,1,1,1,1,1,1,1,1,1,1,1,1,1,1,1,1,1,1,1,1,1,1,1,1,1,1,1,1,1,1,1,1,1,1,1,1,0,0,0,0,0,0,0,0,0,0,0,0,0,0,0,0,0,0,0,0,2|73210&4&577.421099915262|73211&4&746.9931925677072|73217&4&257.3693549151259|73222&4&417.1150068826382|73228&4&500.84608822181656|73230&4&470.492422401525|73237&4&40.8343246426694|73241&4&63.0131443931|73245&4&392.2780698614561|73246&4&495.6830575162622|73248&4&745.7924145349461|73252&4&0.012744391066868923|73263&4&50.506342740298564|73266&4&385.2049636936251|73268&4&3.375077994860476E-14|73281&4&2.088468877210573|73287&4&8.981055185629435|73289&4&66.33479104644816|73301&4&42.625776992443846|73302&4&22.634657162052697,2|73191&4&226.6004592588068|73195&4&360.1352328885192|73201&4&647.8967036475225|73206&4&109.71382994254652|73207&4&734.5231623753107|73215&4&33.89556027376751|73216&4&65.31302650253605|73223&4&395.548940763853|73229&4&742.7201067541913|73239&4&0.0|73242&4&540.1702538814727|73245&4&150.76279351071392|73251&4&388.8350441069127|73255&4&637.6211297109971|73257&4&491.3121240004115|73259&4&242.53295064559785|73264&4&6.217248937900877E-15|73275&4&2.6307384063429877|73277&4&1.865174681370263E-14|73285&4&31.36224558561515|73286&4&739.0118982514764|73289&4&1.6277389233238004|73292&4&23.94533033441568|73293&4&49.416642397763994|73304&4&114.84225879286177|73307&4&111.79094781736829|73308&4&131.39012080271684,2|73189&4&653.7930751300695|73193&4&726.8067125868374|73197&4&5.311444650096198|73199&4&-3.907985046680551E-14|73200&4&129.0736430578747|73204&4&200.16797675953404|73207&4&32.63961304492025|73215&4&508.7473006942423|73216&4&9.320598791775721|73217&4&695.1044612057708|73220&4&128.49161172804116|73230&4&314.96927577714797|73233&4&125.45797081841602|73240&4&-2.8421709430404007E-14|73247&4&106.15121193172087|73260&4&760.0837881887951|73266&4&87.85974201274426|73278&4&1238.9450309196636|73279&4&294.1737583580973|73286&4&108.77845202135069|73287&4&654.6704080505061|73294&4&30.77351852311593|73296&4&41.41585558601808|73302&4&8.518868557314022,2|73190&4&408.88048113099774|73191&4&213.93991610271462|73195&4&14.78567931267432|73199&4&153.44924398510736|73204&4&417.1599400353296|73206&4&6.984278095610989|73219&4&408.12279031967654|73225&4&818.7323121015252|73227&4&484.00387143047715|73231&4&284.17104205712474|73232&4&538.8693817338318|73234&4&769.1407998156174|73236&4&644.9537508546302|73241&4&367.41413197174853|73242&4&191.2543065494461|73251&4&104.8315494170124|73257&4&61.15497506832174|73261&4&514.7256316858866|73262&4&785.5173596104878|73270&4&404.5203865130826|73272&4&576.226835135565|73274&4&519.5123581545978|73280&4&163.21761317698488|73292&4&52.676639458409696|73293&4&38.98354390710389|73301&4&93.27511043004812|73304&4&44.83468400406215|73305&4&79.84193636860843,2|73190&4&14.400498192359741|73199&4&265.2461524677475|73202&4&304.02224069010254|73203&4&143.51397905634357|73207&4&212.4614568093142|73208&4&979.1092438938233|73222&4&16.349805327246635|73227&4&149.12078835591186|73233&4&552.4317826807554|73238&4&44.29167844939216|73249&4&999.9555307582821|73250&4&778.3460106880659|73252&4&170.25427647154402|73269&4&604.1394331533149|73270&4&506.5417653986751|73275&4&69.25586679817008|73280&4&509.49357543142423|73282&4&707.2177721982649|73296&4&17.742570412050153|73303&4&33.894858586556765,2|73192&4&79.55916093301582|73196&4&784.9643250678387|73200&4&700.1480632613254|73212&4&616.890230960968|73214&4&89.06447036414448|73220&4&167.03618791854004|73224&4&423.1884282084174|73254&4&990.9067765295855|73271&4&922.3879377042209|73281&4&114.33134920956729|73283&4&434.6827878024453|73296&4&10.596148586212628,2|73190&4&129.94212459500127|73203&4&3.914367759680377|73212&4&195.25524813429627|73213&4&831.3084509866185|73216&4&402.42451602221655|73217&4&0.0|73221&4&467.2345843960924|73224&4&152.86355123020482|73232&4&77.90245678909754|73236&4&98.07163896525657|73238&4&604.1200133596498|73241&4&48.4725630177129|73243&4&579.6045074444897|73251&4&159.12375221589934|73252&4&350.6438009423613|73253&4&304.5840011221384|73254&4&172.1405202609675|73255&4&47.190644291500575|73257&4&168.5529618431529|73264&4&107.64633528535427|73267&4&462.49538247249563|73273&4&739.4306828087362|73274&4&3.7310024435811338|73281&4&223.03400267847866|73288&4&631.681919860912|73291&4&27.389790436107074|73294&4&45.08371745947591|73298&4&23.75497451556191|73300&4&24.727863682644116|73302&4&9.37209149269571|73306&4&5.028364350509131,2|73191&4&81.06376619979571|73192&4&592.3306087904193|73195&4&99.17781576861455|73197&4&456.1038628413064|73202&4&414.4079659837038|73206&4&103.28974188388037|73216&4&99.49882429555927|73218&4&918.2300593882139|73219&4&-7.105427357601002E-15|73222&4&141.2829983998481|73225&4&-3.375077994860476E-14|73237&4&323.19176269904324|73244&4&482.7171189225569|73246&4&330.7034262620025|73255&4&130.5431060777488|73256&4&840.9475537861847|73258&4&723.9757320998642|73259&4&721.0555890446342|73263&4&419.3166216376377|73264&4&345.184653206743|73266&4&124.55149343957153|73275&4&696.5308307368855|73279&4&21.512631936150598|73285&4&785.492197923696|73289&4&39.95061458787107|73296&4&24.406002187736917|73306&4&29.463448638200184,2|73193&4&94.86419170284042|73198&4&483.5987316821794|73199&4&94.91508054992855|73217&4&50.88490648040659|73221&4&43.15368432935453|73231&4&583.2967607472111|73233&4&98.7865843548669|73237&4&204.3483619457677|73239&4&618.8158052599292|73240&4&587.9312356806736|73244&4&15.477861318721796|73245&4&127.81069391451021|73249&4&4.764202730772899|73262&4&108.60634103510839|73263&4&108.84004636492517|73264&4&22.895617669492644|73268&4&642.9801911671864|73276&4&927.5030770859896|73280&4&49.37266340593209|73292&4&7.170022429509496|73303&4&4.7806669172238|73306&4&3.278661573174647,2|73190&4&225.26996632088373|73200&4&43.88827334647643|73203&4&287.23327029941004|73206&4&290.5829981143462|73209&4&945.3618941042438|73214&4&729.3682746442555|73220&4&263.4801236080422|73230&4&90.03935008521545|73235&4&243.34890050758537|73239&4&201.27174998564902|73244&4&307.02721230261034|73246&4&53.11189941776659|73252&4&178.196104055384|73253&4&419.876356179558|73257&4&24.228637255718397|73258&4&11.19324311321382|73264&4&9.61892366147228|73274&4&29.338407590419664|73277&4&665.6430563582171|73284&4&0.0|73288&4&4.420412629458077|73294&4&4.370535146891436|73296&4&1.4312999397146744|73300&4&44.39584378919532|73301&4&58.7811988345931|73303&4&32.28797101050144
73|4,130,1,1,1,1,1,1,1,1,1,1,1,1,1,1,1,1,1,1,1,1,1,1,1,1,1,1,1,1,1,1,1,1,1,1,1,1,1,1,1,1,1,1,1,1,1,1,1,1,1,1,1,1,1,1,1,1,1,1,1,1,1,1,1,1,1,1,1,1,1,1,1,1,1,1,1,1,1,1,1,1,1,1,1,1,1,1,1,1,1,1,1,1,1,1,1,1,1,1,1,1,0,0,0,0,0,0,0,0,0,0,0,0,0,0,0,0,0,0,0,0,2|73210&4&556.7833446011621|73211&4&725.8620798673816|73217&4&243.82359939327716|73222&4&520.3951040142043|73228&4&519.226533003151|73230&4&443.33178063416807|73237&4&24.046386874269636|73241&4&42.26270267293273|73245&4&413.039870487152|73246&4&536.4070161937784|73248&4&795.885405569188|73252&4&7.979727989493313E-17|73263&4&45.25888319860026|73266&4&460.5573823316396|73281&4&1.199072937440687|73287&4&4.245967936632985|73289&4&77.21864480755201|73301&4&36.5191400668584|73302&4&20.258456544847558,2|73191&4&377.9739908727464|73195&4&461.0274962805525|73201&4&752.3506381177008|73206&4&163.66721101868356|73207&4&845.1936521545841|73215&4&19.20929541270857|73216&4&60.74328483381028|73223&4&359.78809182109904|73229&4&811.2776645392784|73242&4&566.9289731243155|73245&4&139.4137053517469|73251&4&558.284834362619|73255&4&709.8290810948268|73257&4&457.5015386103873|73259&4&229.76932971515225|73275&4&1.687538997430238E-14|73285&4&18.19874680716519|73286&4&754.6457973830186|73289&4&0.5399098394272839|73292&4&21.680127884329135|73293&4&60.291111040897405|73304&4&125.29849530505048|73307&4&105.04588314582367|73308&4&144.2725523201804,2|73189&4&725.1531317068|73193&4&736.0874226860402|73197&4&1.226561427696169|73200&4&116.30527969144691|73204&4&168.33680738451667|73207&4&16.603988216746615|73215&4&614.675867712067|73216&4&3.293243576126124|73217&4&656.464010218014|73218&4&85.48232266791786|73220&4&109.49863567490002|73230&4&275.65765485050775|73233&4&113.67054508373809|73247&4&224.81396241752367|73257&4&21.18918264832334|73260&4&724.1214968036757|73266&4&69.38938677172754|73278&4&1317.532138049878|73279&4&280.2621707876272|73286&4&91.66860468293419|73287&4&655.5066046736283|73294&4&27.426831145135345|73296&4&51.81732955994559|73302&4&18.583134317534945,2|73190&4&380.49625180886096|73191&4&196.17447531687904|73195&4&8.021264306105737|73199&4&138.37036441810955|73204&4&520.4087403469412|73206&4&6.385928039165114|73219&4&371.18169431379397|73225&4&750.0741050739495|73227&4&454.4831940666968|73231&4&238.2611937387781|73232&4&500.9338722714836|73234&4&700.5402329730009|73236&4&758.2577325859488|73241&4&331.5013107466632|73242&4&156.87891188209858|73251&4&93.82246030636527|73257&4&55.03947756148956|73261&4&505.4600801834588|73262&4&732.3474982393285|73270&4&372.91456177393275|73272&4&528.8189767003937|73274&4&478.89567298325466|73280&4&146.3789471383598|73292&4&61.97440717107631|73293&4&33.78343060423383|73301&4&99.29442135717252|73304&4&38.312803628141246|73305&4&84.75056321289892,2|73190&4&7.532635051166472|73199&4&268.8883278514293|73202&4&286.7232736788736|73203&4&123.555602201406|73207&4&188.02709467581147|73208&4&953.9296626044753|73222&4&7.59905311256348|73227&4&115.20678116908296|73233&4&677.9968026080529|73238&4&28.9216020195648|73249&4&955.0638225501417|73250&4&861.32015773026|73252&4&145.51416154946693|73269&4&706.9415686138714|73270&4&616.3712014042358|73275&4&51.226070853222964|73280&4&546.4606721740229|73282&4&809.5276491142823|73296&4&15.55250605329895|73303&4&28.8788110039384,2|73192&4&59.45668769951233|73196&4&758.3735847883379|73200&4&657.4468660079|73212&4&611.9243335787216|73214&4&73.67149997311147|73220&4&156.3370705782736|73224&4&527.4746919105105|73254&4&1006.9026743537759|73271&4&830.5605707073641|73281&4&106.15087247930184|73283&4&0.0|73296&4&9.676144472137276,2|73190&4&108.88776978775991|73203&4&-1.865174681370263E-14|73212&4&170.0100094713402|73213&4&816.3069811691581|73216&4&486.7968679153102|73221&4&415.18321712929276|73224&4&126.75217505481301|73232&4&58.416434842180614|73236&4&73.15200773419934|73238&4&553.6423651153011|73241&4&45.443027829105844|73243&4&640.6354677420991|73251&4&123.670591078189|73252&4&355.93351395737676|73253&4&262.1588425514821|73254&4&140.30344623324027|73255&4&30.765843632776598|73257&4&145.32716226953|73264&4&88.77488810922938|73267&4&416.4285539471683|73273&4&664.9640731389048|73274&4&2.7533531010703882E-14|73281&4&196.61897758019717|73288&4&639.8871397192413|73291&4&24.54879056456569|73294&4&56.17346805806102|73298&4&21.384194200914507|73300&4&22.234330431668823|73302&4&8.032695476457318|73306&4&4.115319136888138,2|73191&4&56.049524943217534|73192&4&666.876754895707|73195&4&87.34189113099737|73197&4&419.5743748678338|73202&4&350.4743208767012|73206&4&82.7480212108804|73216&4&82.15211182799689|73218&4&839.0804557262645|73222&4&122.59479567286448|73237&4&287.7660207476362|73244&4&445.2695091974239|73246&4&302.1908237821126|73255&4&115.56822868326022|73256&4&939.2489196881858|73258&4&660.7114714934977|73259&4&653.2291358235775|73263&4&522.6113129057885|73264&4&312.2497061401148|73266&4&114.64661569144427|73275&4&746.2745112491137|73279&4&15.89307788294649|73285&4&876.5352858629908|73289&4&34.568215607561065|73296&4&21.279934903596537|73306&4&26.390757508471566,2|73193&4&70.6624177925869|73198&4&0.0|73199&4&77.74518269164838|73205&4&99.18473760026154|73217&4&30.502840037267838|73221&4&79.9019783704338|73231&4&710.1469890880323|73233&4&71.19356706489675|73237&4&341.8098718737763|73238&4&27.514601056903757|73239&4&564.7886300128959|73240&4&685.2379031222375|73244&4&4.993737690419185|73245&4&102.61957749575315|73249&4&-3.375077994860476E-14|73262&4&87.51558432806942|73263&4&82.94573185840967|73264&4&21.750836786018013|73268&4&792.2600530496213|73276&4&979.2547714840713|73280&4&33.64968964067562|73292&4&6.21641567776047|73303&4&22.734936668646494|73306&4&2.2594687705052605,2|73190&4&286.6393963365738|73200&4&33.71465945002967|73203&4&345.8079982722661|73206&4&273.8293083853116|73209&4&914.0398512908264|73214&4&719.7148392288641|73220&4&233.9193072649054|73230&4&83.91028964989673|73235&4&230.54106363876508|73239&4&316.1819423400457|73244&4&470.07768395496294|73246&4&32.21527392056389|73252&4&166.09250888914283|73253&4&527.8491878804239|73257&4&12.099131665051939|73258&4&4.765575561963969|73264&4&3.381296330287065|73274&4&21.498959727180615|73277&4&700.0263082060906|73288&4&1.62219723125241|73294&4&3.306880385513507|73296&4&0.4756180966744007|73300&4&53.38051358808472|73301&4&54.794052165254556|73303&4&30.450944432949882
74|4,130,1,1,1,1,1,1,1,1,1,1,1,1,1,1,1,1,1,1,1,1,1,1,1,1,1,1,1,1,1,1,1,1,1,1,1,1,1,1,1,1,1,1,1,1,1,1,1,1,1,1,1,1,1,1,1,1,1,1,1,1,1,1,1,1,1,1,1,1,1,1,1,1,1,1,1,1,1,1,1,1,1,1,1,1,1,1,1,1,1,1,1,1,1,1,1,1,1,1,1,1,0,0,0,0,0,0,0,0,0,0,0,0,0,0,0,0,0,0,0,0,2|73210&4&588.0126499044584|73211&4&765.6430731558919|73217&4&230.27784387142844|73222&4&490.2599616198466|73228&4&626.7333475007864|73230&4&416.17113886681113|73237&4&12.069713466459786|73241&4&26.551081046195613|73245&4&509.78692559307353|73246&4&663.1893969336011|73248&4&852.1822263845554|73263&4&40.01142365690195|73266&4&525.3241265981807|73281&4&0.599536468720342|73287&4&-3.552713678800501E-14|73289&4&72.7624956356671|73301&4&30.860456279908682|73302&4&17.88225592764241,2|73191&4&540.1292718052844|73195&4&550.2999660344926|73201&4&689.7178639551486|73206&4&284.318549032504|73207&4&976.0213331158858|73208&4&180.6253653537189|73215&4&8.40944445084299|73216&4&97.17856221760368|73222&4&63.717638894618915|73223&4&324.10738347921966|73229&4&883.9715831110485|73232&4&62.29720969829418|73242&4&661.3746365670677|73245&4&128.06461719277993|73251&4&525.5602763867224|73255&4&862.9160689332407|73257&4&423.6909532203631|73259&4&217.0057087847066|73285&4&9.615334311859003|73286&4&729.166974187627|73289&4&0.0|73292&4&19.41492543424259|73293&4&70.50327088828486|73304&4&117.60532392665888|73307&4&98.300818474279|73308&4&156.33688026445105,2|73189&4&812.3988693286428|73193&4&684.4829072745209|73197&4&-5.329070518200751E-15|73200&4&103.53691632501912|73204&4&136.5056380094993|73207&4&5.657206157906653|73215&4&626.2481608263728|73216&4&1.1546319456101628E-14|73217&4&752.550225805016|73218&4&81.20820653452196|73220&4&90.50565962175884|73230&4&236.3460339238675|73233&4&101.88311934906018|73247&4&213.3078862668182|73257&4&198.28310950602923|73260&4&791.7545397547534|73266&4&52.745508487442585|73278&4&1380.6471469877101|73279&4&383.2014902873622|73286&4&74.55875734451767|73287&4&627.5366070850031|73294&4&24.08014376715476|73296&4&62.47994022884812|73302&4&28.138831592322532,2|73190&4&352.11202248672413|73191&4&178.40903453104346|73195&4&2.9585783779613943|73199&4&123.29148485111172|73204&4&639.3120151966455|73206&4&5.787577982719238|73219&4&481.18420759885817|73225&4&683.1972885131646|73227&4&424.96251670291645|73231&4&194.91710459078575|73232&4&462.99836280913536|73234&4&633.7657539577116|73236&4&854.0571272783945|73241&4&295.58848952157774|73242&4&126.84336417672516|73251&4&82.81337119571815|73257&4&48.923980054657385|73261&4&561.5533491427768|73262&4&679.1776368681691|73270&4&341.30873703478295|73272&4&481.41111826522257|73274&4&438.2789878119114|73280&4&129.54028109973473|73292&4&74.76476959548484|73293&4&28.58331730136376|73301&4&106.5994496369249|73304&4&32.28120826701963|73305&4&89.61208191259438,2|73190&4&1.6588312547140165|73199&4&405.0244888905275|73202&4&0.0|73203&4&103.5972253464684|73207&4&163.59273254230874|73208&4&860.8710398207987|73222&4&2.2039550926016394|73227&4&83.25619952529507|73233&4&782.5606907880369|73238&4&14.770673055003826|73249&4&1005.0344682378058|73250&4&891.5470693584812|73252&4&120.77404662738991|73269&4&643.5887285674974|73270&4&724.7216613324708|73275&4&33.19627490827586|73280&4&520.9569679223023|73282&4&913.868315523628|73296&4&13.362441694547748|73303&4&24.23630517350619,2|73192&4&42.77753972361467|73196&4&819.2842100213927|73200&4&614.7456687544745|73212&4&621.0548541762786|73214&4&60.59457665473353|73220&4&145.63795323800719|73224&4&535.9469991965577|73254&4&1015.9371856559172|73271&4&744.8942045975616|73281&4&97.97039574903638|73296&4&8.756140358061923,2|73190&4&87.83341498051855|73212&4&144.76477080838413|73213&4&791.6611232753129|73216&4&459.80078999180785|73221&4&364.09165681259566|73223&4&58.619646970403664|73224&4&104.01420747927769|73232&4&39.85007522744688|73236&4&52.138430795041785|73238&4&503.1647168709522|73241&4&246.978630070189|73243&4&677.6456808675835|73251&4&93.33606544822683|73252&4&379.08830970937584|73253&4&223.77718385114872|73254&4&111.6057551249096|73255&4&15.823238700707009|73257&4&122.10136269590703|73264&4&69.90344093310449|73267&4&485.7189698918422|73273&4&595.6504306187528|73281&4&170.20395248191565|73288&4&622.6645048033793|73291&4&21.7077906930243|73294&4&59.18930607757737|73298&4&19.013413886267106|73300&4&19.740797180693534|73302&4&6.693299460218929|73306&4&3.2022739232671444,2|73191&4&35.941037056964184|73192&4&671.3322029316985|73195&4&75.50596649338019|73197&4&444.0267069649144|73202&4&0.0|73206&4&62.77867170671543|73216&4&64.8053993604345|73218&4&763.70788399362|73222&4&103.90659294588085|73237&4&252.34027879622926|73244&4&407.82189947229097|73246&4&273.6782213022227|73255&4&100.59335128877166|73256&4&964.443401975596|73258&4&597.4472108871313|73259&4&590.2292997397392|73263&4&620.0477956571801|73264&4&279.3147590734866|73266&4&104.74173794331699|73275&4&867.5274838723869|73279&4&10.273523829742377|73285&4&875.5359327908307|73289&4&29.185816627251068|73296&4&18.153867619456165|73306&4&23.318066378742945,2|73193&4&50.191264998137385|73199&4&60.57528483336821|73205&4&380.7007297832521|73217&4&14.970461598295618|73221&4&124.39066236252114|73226&4&149.02514133634506|73231&4&788.0173744092549|73233&4&47.65867680135678|73237&4&324.0182988928241|73238&4&289.99485974304207|73239&4&510.7614547658627|73240&4&768.8042222569818|73244&4&-3.730349362740526E-14|73245&4&79.49458755263554|73262&4&67.31719484902509|73263&4&61.39866683207315|73264&4&20.606055902543382|73268&4&933.476856128093|73276&4&1053.6400685546366|73280&4&20.20930581990785|73289&4&16.230626136572802|73292&4&5.262808926011445|73303&4&34.22346051983273|73306&4&1.2402759678358748,2|73190&4&416.39704886404905|73200&4&24.03604478125253|73203&4&357.0551549304997|73206&4&257.0756186562771|73209&4&1065.8020493004688|73214&4&716.2421400501166|73220&4&205.2090146937261|73230&4&77.781229214578|73235&4&217.7332267699448|73239&4&346.37788420914086|73244&4&445.4136516487157|73246&4&16.205475122267316|73252&4&153.98891372290166|73253&4&496.8442099670078|73257&4&4.942913384754581|73258&4&-7.105427357601002E-15|73264&4&1.6571092925237338|73274&4&13.659511863941564|73277&4&634.0702154503185|73288&4&-5.773159728050814E-15|73294&4&2.2432256241355777|73296&4&-1.2212453270876722E-15|73300&4&62.19832698666366|73301&4&50.80690549591601|73303&4&28.613917855398327
75|4,130,1,1,1,1,1,1,1,1,1,1,1,1,1,1,1,1,1,1,1,1,1,1,1,1,1,1,1,1,1,1,1,1,1,1,1,1,1,1,1,1,1,1,1,1,1,1,1,1,1,1,1,1,1,1,1,1,1,1,1,1,1,1,1,1,1,1,1,1,1,1,1,1,1,1,1,1,1,1,1,1,1,1,1,1,1,1,1,1,1,1,1,1,1,1,1,1,1,1,1,1,0,0,0,0,0,0,0,0,0,0,0,0,0,0,0,0,0,0,0,0,2|73210&4&670.9123502248233|73211&4&811.8795782463828|73217&4&216.73208834957973|73222&4&460.12481922548886|73228&4&702.2703133445447|73230&4&389.0104970994542|73237&4&4.949451705744473|73241&4&14.97334215273434|73245&4&600.3646706585495|73246&4&763.6754401825131|73248&4&811.5147455557554|73263&4&34.763964115203635|73266&4&589.2249738703965|73281&4&-4.218847493575595E-15|73289&4&68.30634646378216|73301&4&25.661197777347557|73302&4&15.506055310437267,2|73191&4&541.4142726890051|73195&4&545.449818461015|73201&4&629.2519598887181|73202&4&3.8781654699798196|73206&4&269.40545474973294|73207&4&956.9129175792474|73208&4&335.9433595154581|73215&4&1.953169321345985|73216&4&206.73270375356051|73222&4&182.0841366914067|73223&4&289.61662057161465|73229&4&957.8532444458787|73232&4&214.89775457390093|73242&4&840.8599820731138|73245&4&116.71552903381294|73251&4&624.2695677846277|73255&4&987.1322636609447|73257&4&389.88036783033897|73259&4&204.24208785426094|73284&4&62.972320915043724|73285&4&2.6461236010239175|73286&4&819.4021938290263|73292&4&17.14972298415605|73293&4&79.87654494559374|73304&4&109.91215254826726|73307&4&91.55575380273436|73308&4&168.38465143230934,2|73189&4&822.7612644347464|73193&4&632.878391863002|73200&4&90.76855295859133|73204&4&106.24638621067118|73207&4&-4.440892098500626E-14|73215&4&631.2534190330252|73217&4&776.3492249890493|73218&4&76.93409040112607|73220&4&71.51268356861765|73230&4&198.58895709402643|73233&4&90.09569361438226|73247&4&201.80181011611273|73257&4&188.31598107410696|73260&4&725.1423113451781|73266&4&38.23040449849095|73278&4&1394.1137710336984|73279&4&349.19401068275175|73286&4&57.44891000610115|73287&4&616.6887508551606|73294&4&20.733456389174172|73296&4&73.7369718138803|73302&4&38.99897204094006,2|73190&4&323.7277931645873|73191&4&160.64359374520785|73195&4&0.004138978223500771|73199&4&108.21260528411388|73204&4&593.9004853640979|73206&4&5.189227926273363|73219&4&421.31805014314915|73225&4&621.4652789267094|73227&4&0.0|73231&4&155.13260774905706|73232&4&425.06285334678705|73234&4&567.9166943247809|73236&4&791.0903189717492|73241&4&259.6756682964923|73242&4&100.72041055385232|73251&4&71.80428208507101|73257&4&42.80848254782521|73261&4&571.3622797526268|73262&4&626.0077754970097|73270&4&309.70291229563327|73272&4&434.0032598300514|73274&4&397.6623026405683|73280&4&112.7016150611096|73292&4&85.13328837193116|73293&4&23.739025493996458|73301&4&100.04367920127653|73304&4&26.758735488778896|73305&4&93.99254185789259,2|73190&4&1.021405182655144E-14|73199&4&492.9012622680835|73203&4&83.63884849153082|73207&4&139.158370408806|73208&4&772.4341417166884|73222&4&0.7561440252553716|73227&4&0.0|73233&4&883.9592247774194|73238&4&6.408908244999225|73249&4&918.9557397674844|73250&4&814.8122521472354|73252&4&96.09900271782243|73269&4&582.2721680859986|73270&4&839.08772435657|73275&4&19.494008511335526|73280&4&521.5397172569784|73282&4&839.258309112384|73296&4&11.172377335796543|73303&4&19.97335309328184,2|73192&4&29.65307878858694|73196&4&808.1391670071025|73200&4&591.6135239329026|73212&4&632.8514356774647|73214&4&48.00337710639876|73220&4&134.93883589774077|73224&4&502.8327302634642|73254&4&1020.7383997534639|73271&4&664.9037231028649|73281&4&89.78991901877096|73296&4&7.836136243986569,2|73190&4&66.77906017327719|73212&4&119.51953214542803|73213&4&776.336955804484|73216&4&432.8047120683054|73221&4&314.1168991673489|73223&4&89.80576825350659|73224&4&84.8842947527668|73232&4&25.521619721486818|73236&4&35.592918067807666|73238&4&452.6870686266033|73241&4&234.59645229561482|73243&4&654.0362558385893|73251&4&68.2452603951563|73252&4&356.4470345487466|73253&4&186.14877974281472|73254&4&87.61210821309692|73255&4&5.368166453091027|73257&4&98.87556312228408|73260&4&20.3343053586658|73264&4&0.0|73267&4&434.0302781445986|73273&4&628.0873809457858|73281&4&143.78892738363413|73288&4&609.5689541369309|73291&4&18.866790821482915|73294&4&75.47200669070088|73298&4&23.39511361877614|73300&4&17.247263929718244|73302&4&5.35390344398054|73306&4&2.289228709646151,2|73191&4&21.45070122909987|73192&4&718.6343636356139|73195&4&63.670041855762996|73197&4&404.4481279879141|73206&4&44.75035920114409|73216&4&47.458686892872116|73218&4&692.6620343285408|73222&4&85.21839021889721|73237&4&216.91453684482227|73244&4&370.37428974715795|73246&4&245.16561882233285|73249&4&103.05870309244733|73255&4&85.61847389428308|73256&4&991.4398503740726|73258&4&534.1829502807649|73259&4&527.2294636559008|73263&4&731.3164371242409|73264&4&0.0|73266&4&94.83686019518973|73275&4&978.0431013193308|73279&4&6.030536373073471|73285&4&909.7696230792329|73289&4&23.803417646941064|73296&4&15.027800335315787|73306&4&20.24537524901432,2|73193&4&33.65801316450767|73199&4&43.72012670600803|73204&4&176.756495165788|73205&4&361.4177314500888|73217&4&4.654425054103921|73221&4&202.97513184692275|73224&4&58.630507736262814|73226&4&343.4239335478944|73231&4&895.2873217685963|73233&4&28.558282755010435|73237&4&347.0514211162122|73238&4&275.4263302532477|73239&4&457.34189546305464|73240&4&872.3680395109046|73244&4&15.789495492050662|73245&4&59.62428725192532|73250&4&154.71244463459237|73252&4&139.2443098514628|73257&4&110.19238919729031|73262&4&48.06372199320995|73263&4&42.29681398397466|73264&4&0.0|73268&4&966.6519576246794|73271&4&218.43824375389312|73276&4&1123.1475428579088|73280&4&10.025097309166014|73289&4&31.968512671152723|73292&4&4.309202174262419|73300&4&12.194418684148918|73303&4&46.80434832923351|73304&4&67.90319716849004|73306&4&0.4192221156200985,2|73190&4&393.99398444229064|73200&4&14.380725947965033|73203&4&433.20938750978456|73206&4&240.32192892724254|73209&4&1125.2741990102795|73214&4&707.089618800735|73220&4&181.1152541462493|73230&4&71.65216877925928|73235&4&238.61066199569635|73239&4&384.2928565543189|73244&4&420.74961934246846|73246&4&5.440521676871587|73252&4&141.88531855666045|73253&4&516.999704545344|73257&4&-3.375077994860476E-14|73264&4&0.0|73274&4&7.020736197211278|73277&4&572.00645747646|73294&4&1.1795708627576489|73300&4&58.60909302408146|73301&4&46.81975882657747|73303&4&26.776891277846772
76|4,130,1,1,1,1,1,1,1,1,1,1,1,1,1,1,1,1,1,1,1,1,1,1,1,1,1,1,1,1,1,1,1,1,1,1,1,1,1,1,1,1,1,1,1,1,1,1,1,1,1,1,1,1,1,1,1,1,1,1,1,1,1,1,1,1,1,1,1,1,1,1,1,1,1,1,1,1,1,1,1,1,1,1,1,1,1,1,1,1,1,1,1,1,1,1,1,1,1,1,1,1,0,0,0,0,0,0,0,0,0,0,0,0,0,0,0,0,0,0,0,0,2|73210&4&610.8703129447296|73211&4&770.5075833971679|73217&4&203.186332827731|73222&4&429.98967683113113|73228&4&813.6611815608413|73230&4&361.84985533209726|73237&4&-1.5987211554602254E-14|73241&4&5.216918112167144|73245&4&616.3005626086456|73246&4&750.2328591566265|73248&4&893.6080413562534|73263&4&29.51650457350533|73266&4&656.8502025986667|73289&4&63.85019729189725|73301&4&20.898187700792253|73302&4&13.129854693232124,2|73191&4&510.74964084069103|73195&4&551.726107830139|73201&4&639.1725141452362|73202&4&0.0|73206&4&284.54118818519305|73207&4&910.3365399903777|73208&4&494.33801553408074|73215&4&4.440892098500626E-16|73216&4&308.7354321966603|73222&4&272.16104016314904|73223&4&256.6946626974776|73229&4&971.3236082002433|73232&4&214.21675008564733|73242&4&914.1245374944042|73245&4&105.36644087484596|73251&4&737.5840425992976|73255&4&968.2258438606016|73257&4&356.06978244031484|73259&4&191.47846692381535|73284&4&127.7296571171471|73285&4&-1.687538997430238E-14|73286&4&900.4671588235362|73292&4&14.884520534069505|73293&4&88.95707595389885|73304&4&102.21898116987563|73307&4&92.05110161579564|73308&4&178.95878372469838,2|73189&4&799.9566726377404|73193&4&581.2738764514829|73200&4&78.00018959216354|73204&4&78.54222544528213|73215&4&568.930505475281|73217&4&701.0908469574454|73218&4&72.65997426773018|73220&4&0.0|73230&4&163.7396003169929|73233&4&78.30826787970435|73247&4&212.98116351200719|73257&4&178.34885264218468|73260&4&660.2220240690415|73266&4&25.805651499956262|73278&4&1442.759611233354|73279&4&372.95170715136925|73286&4&40.94140512620476|73287&4&698.285890535965|73294&4&17.38676901119359|73296&4&69.43916684444|73302&4&49.540989277069606,2|73190&4&295.3435638424505|73191&4&142.87815295937224|73195&4&-2.949029909160572E-17|73199&4&93.13372571711608|73204&4&548.4889555315505|73206&4&4.590877869827488|73219&4&419.1378398941433|73225&4&559.8448958239576|73231&4&119.17585848527108|73232&4&387.1273438844389|73234&4&502.63506601563097|73236&4&728.1235106651038|73241&4&223.76284707140695|73242&4&77.3068959007448|73251&4&60.79519297442386|73257&4&36.69298504099303|73261&4&641.1992960857215|73262&4&572.8379141258504|73270&4&278.0970875564835|73272&4&386.59540139488007|73274&4&0.0|73280&4&95.86294902248451|73292&4&80.09794879644178|73293&4&19.26927731212679|73301&4&93.48790876562816|73304&4&21.74301623119736|73305&4&97.87686698010927,2|73199&4&463.5999085671477|73203&4&64.26850097982215|73207&4&114.72400827530328|73208&4&689.1614357506841|73222&4&3.3306690738754696E-15|73233&4&989.5728448158316|73238&4&3.204454122499598|73249&4&834.7763082090702|73250&4&741.0048146537666|73252&4&75.16237709097784|73269&4&525.505418874519|73270&4&774.772609954518|73275&4&9.962978829563495|73280&4&555.4747173798598|73282&4&766.1691315253421|73296&4&8.98231297704534|73303&4&16.100888524034843,2|73192&4&19.35837134419091|73196&4&821.7464847437665|73200&4&584.837995098804|73204&4&172.29598416092813|73212&4&630.5650986135481|73214&4&35.60697215779365|73220&4&0.0|73224&4&469.7184613303707|73254&4&1049.5345619642353|73270&4&71.37628435498505|73271&4&591.3965857312373|73281&4&0.0|73296&4&6.916132129911216|73304&4&18.502327032669438,2|73190&4&45.724705366035835|73197&4&65.87397334029976|73212&4&94.79815435497267|73213&4&833.7315104616166|73216&4&405.8086341448029|73221&4&268.5613984612501|73223&4&103.97382833849457|73224&4&65.75438202625591|73227&4&100.91171777825085|73232&4&15.338000944610858|73236&4&21.495658000689904|73238&4&463.6813502212896|73241&4&324.93289712719036|73243&4&721.0083561258641|73251&4&48.74126320222257|73252&4&333.8057593881174|73253&4&152.75234375608952|73254&4&65.50145940796195|73255&4&-4.440892098500626E-14|73257&4&75.64976354866113|73260&4&89.79304152432981|73267&4&382.62941016574837|73273&4&717.9874445767994|73281&4&0.0|73288&4&669.3735906461269|73291&4&16.02579094994153|73292&4&14.501540317496138|73294&4&85.15554058876364|73298&4&30.19083170882385|73300&4&14.75373067874295|73302&4&4.014507427742151|73306&4&1.3761834960251582,2|73191&4&12.628245014160441|73192&4&796.750470052182|73195&4&51.83411721814582|73197&4&368.28043875108995|73206&4&28.215970867913747|73216&4&33.49306696202491|73218&4&626.0530186646367|73222&4&66.53018749191358|73237&4&181.48879489341533|73244&4&332.92668002202504|73246&4&216.65301634244298|73249&4&179.30325660784263|73255&4&70.64359649979453|73256&4&940.2179846434506|73258&4&499.8428364978806|73259&4&466.9675587048227|73262&4&87.79358562673491|73263&4&729.122554629982|73266&4&84.93198244706245|73275&4&974.0207342704249|73279&4&1.9338896659784024|73285&4&866.5211474388213|73289&4&18.421018666631063|73296&4&11.901733051175409|73306&4&17.172684119285698,2|73193&4&21.880124531650495|73199&4&28.16706188435298|73204&4&167.9186704074986|73205&4&342.1347331169256|73217&4&2.1316282072803006E-14|73221&4&287.04050835443917|73224&4&178.52959395417017|73226&4&325.8801740171589|73231&4&837.8141672300674|73233&4&14.136282001858351|73234&4&79.5713790526263|73237&4&415.8987650956177|73238&4&260.8578007634534|73239&4&404.7834123823077|73240&4&956.4099322288182|73244&4&131.8340538782163|73245&4&43.32178692747935|73250&4&201.23206235657625|73252&4&204.47103274983454|73257&4&274.7580725219595|73262&4&32.7137355358303|73263&4&27.344078720988747|73268&4&875.8167533920955|73271&4&361.6333032624873|73276&4&1100.668826983213|73280&4&3.057422855880964|73289&4&47.61426376274255|73292&4&3.355595422513393|73300&4&24.314349654406648|73301&4&58.63096140973289|73303&4&58.777151434696144|73304&4&64.50803731006553|73306&4&0.0,2|73190&4&385.37858192624026|73200&4&8.135443341002428|73203&4&528.737342308402|73206&4&223.56823919820798|73209&4&1190.2638681453113|73214&4&655.7541099927137|73220&4&0.0|73230&4&65.52310834394058|73235&4&224.11856152214747|73239&4&415.6544861985286|73244&4&396.0855870362212|73246&4&-2.3092638912203256E-14|73252&4&129.78172339041927|73253&4&573.5765702473916|73274&4&0.0|73277&4&513.3210217054094|73294&4&0.391752715509863|73300&4&55.01985906149925|73301&4&42.83261215723893|73303&4&24.939864700295217
77|4,130,1,1,1,1,1,1,1,1,1,1,1,1,1,1,1,1,1,1,1,1,1,1,1,1,1,1,1,1,1,1,1,1,1,1,1,1,1,1,1,1,1,1,1,1,1,1,1,1,1,1,1,1,1,1,1,1,1,1,1,1,1,1,1,1,1,1,1,1,1,1,1,1,1,1,1,1,1,1,1,1,1,1,1,1,1,1,1,1,1,1,1,1,1,1,1,1,1,1,1,1,0,0,0,0,0,0,0,0,0,0,0,0,0,0,0,0,0,0,0,0,2|73210&4&554.2005030744704|73211&4&723.416569705776|73217&4&189.6405773058823|73222&4&399.8545344367734|73228&4&894.92312767957|73230&4&395.782715689948|73241&4&3.375077994860476E-14|73245&4&666.8171346617619|73246&4&847.2728100548065|73248&4&917.0312773017969|73263&4&24.26904503180702|73266&4&715.7349611246814|73289&4&59.39404812001233|73301&4&16.55703056792869|73302&4&10.75365407602698,2|73191&4&480.08500899237697|73195&4&619.1746851739692|73201&4&758.8541110856258|73206&4&343.93304889717814|73207&4&844.9555312609787|73208&4&629.4908488772401|73216&4&335.6117493988387|73222&4&391.5180173782123|73223&4&225.6740189840117|73229&4&1022.0119685082108|73232&4&202.80513801947217|73242&4&854.5369145389477|73245&4&94.01735271587897|73251&4&774.5850905031332|73255&4&924.6285392081688|73257&4&322.2591970502907|73259&4&178.71484599336975|73284&4&126.57461807159956|73286&4&999.2369005564256|73292&4&12.619318083982963|73293&4&98.57647724856618|73304&4&94.52580979148402|73307&4&93.01831645025801|73308&4&166.66606199159511,2|73189&4&880.1393135053307|73193&4&529.6693610399639|73200&4&65.23182622573576|73204&4&54.01426286365779|73215&4&576.203714523186|73217&4&625.8324689258415|73218&4&223.92750258896723|73230&4&132.32120717538334|73233&4&66.52084214502642|73237&4&86.30872217023806|73247&4&200.3408158839717|73257&4&168.38172421026243|73260&4&595.3406079252612|73266&4&15.494683567169297|73271&4&21.214145986617723|73278&4&1498.8595774581004|73279&4&393.44579295758365|73286&4&26.064307683673803|73287&4&640.3286410799099|73294&4&14.040081633213005|73296&4&65.14136187499969|73302&4&59.44388495034794,2|73190&4&266.9593345203137|73191&4&125.11271217353666|73199&4&78.05484615011825|73204&4&503.07742569900296|73206&4&3.992527813381613|73219&4&363.19722743507657|73225&4&501.1548598163212|73231&4&87.35175617672955|73232&4&349.1918344220908|73234&4&440.58807771979747|73236&4&665.1567023584587|73241&4&187.8500258463215|73242&4&57.61966191360759|73251&4&49.78610386377673|73257&4&30.577487534160852|73261&4&634.8291167540908|73262&4&519.668052754691|73270&4&246.49126281733373|73272&4&340.76964881891485|73280&4&79.02428298385941|73292&4&75.06260922095242|73293&4&15.192688993643644|73301&4&86.93213832997978|73304&4&17.2090161824445|73305&4&102.7739818958949,2|73199&4&434.2985548662117|73203&4&47.3848763346417|73207&4&90.28964614180055|73208&4&611.1654710328153|73233&4&1068.6825117465355|73238&4&0.0|73249&4&750.6763619467271|73250&4&671.1380410294568|73252&4&56.43813340285916|73269&4&491.2275108814306|73270&4&711.282776319568|73275&4&4.520912274062113|73280&4&518.9726232792166|73282&4&698.4120698526297|73296&4&7.747125215787192|73303&4&12.629391033811777,2|73192&4&12.543640414752971|73196&4&887.086547238571|73200&4&596.6579655705723|73204&4&163.68118495288172|73212&4&583.5627317570264|73214&4&23.88801087576762|73217&4&92.08712476156211|73224&4&436.60419239727713|73254&4&1087.2756834823717|73268&4&158.0054311254268|73270&4&217.96251649516137|73271&4&523.951576692534|73283&4&93.77210676394317|73296&4&55.7490631367995|73304&4&37.21986768068791,2|73190&4&29.666561883985235|73197&4&62.58027467328477|73212&4&70.65254556096735|73213&4&895.1610643342744|73216&4&378.8125562213005|73221&4&227.52213898760127|73223&4&188.85585533069894|73224&4&47.481857251744685|73227&4&95.8661318893383|73232&4&6.117150972610027|73236&4&11.935220691926265|73238&4&501.9970822534194|73241&4&422.72221708083737|73243&4&786.2497728688832|73251&4&31.38674870421307|73252&4&311.1644842274882|73253&4&123.24809299523153|73254&4&45.59460365572112|73257&4&53.06668243761404|73260&4&205.27069910946665|73267&4&355.49624497573427|73273&4&734.0085461766646|73288&4&724.348239497393|73291&4&21.55171070375579|73292&4&29.44116436228736|73294&4&94.25780323095388|73298&4&36.804284510605825|73300&4&12.260197427767661|73302&4&2.675111411503761|73306&4&0.46313828240416494,2|73191&4&4.833476997953634|73192&4&785.0430257838839|73195&4&39.99819258052863|73197&4&333.19795425232456|73206&4&15.04170326976763|73216&4&23.331585709713405|73218&4&560.0179134455304|73222&4&47.84198476492995|73237&4&146.06305294200837|73244&4&296.8999361902172|73246&4&188.14041386255312|73249&4&323.6028967968856|73255&4&55.66871910530597|73256&4&1021.3143512964812|73258&4&613.8467717444971|73259&4&407.0681758136861|73262&4&146.60978303583366|73263&4&824.8357717463035|73266&4&75.02710469893519|73275&4&961.6361529024381|73279&4&0.7901170868611941|73285&4&891.7171557536399|73289&4&14.420052414808955|73296&4&8.775665767035033|73306&4&14.099992989557075,2|73193&4&12.692170390940504|73199&4&14.930106841500692|73204&4&159.0808456492092|73205&4&322.85173478376237|73221&4&396.9069796164432|73224&4&319.4269986360978|73226&4&308.33641448642334|73231&4&780.3410126915387|73233&4&4.655939187495643|73234&4&75.59281009999498|73237&4&391.6319497684198|73238&4&246.28927127365898|73239&4&353.0656548828992|73240&4&892.0205813615642|73244&4&160.39506899370014|73245&4&28.45936974798077|73250&4&223.8834851481078|73252&4&355.56778032399654|73257&4&294.16102240521843|73262&4&21.518410418967076|73263&4&13.790768173735202|73268&4&790.1560358472865|73271&4&343.00554248997815|73276&4&1162.873693016524|73280&4&-2.042810365310288E-14|73289&4&62.51381873877351|73292&4&2.401988670764367|73300&4&35.59717920363032|73301&4&55.69941333924625|73303&4&55.554947690230605|73304&4&61.11287745164103,2|73190&4&362.2861344091964|73200&4&3.857952716142743|73203&4&549.5799822573284|73206&4&206.81454946917341|73209&4&1167.1923064501384|73214&4&632.9489099129567|73230&4&59.39404790862186|73235&4&310.58583967659627|73239&4&466.61183364731306|73244&4&371.42155472997393|73252&4&117.67812822417807|73253&4&636.9281228178893|73277&4&0.0|73294&4&-2.3314683517128287E-15|73300&4&51.43062509891704|73301&4&38.84546548790039|73303&4&23.102838122743663
78|4,130,1,1,1,1,1,1,1,1,1,1,1,1,1,1,1,1,1,1,1,1,1,1,1,1,1,1,1,1,1,1,1,1,1,1,1,1,1,1,1,1,1,1,1,1,1,1,1,1,1,1,1,1,1,1,1,1,1,1,1,1,1,1,1,1,1,1,1,1,1,1,1,1,1,1,1,1,1,1,1,1,1,1,1,1,1,1,1,1,1,1,1,1,1,1,1,1,1,1,1,1,0,0,0,0,0,0,0,0,0,0,0,0,0,0,0,0,0,0,0,0,2|73210&4&501.6012191552349|73211&4&791.118968499816|73217&4&176.09482178403357|73222&4&369.7193920424157|73228&4&866.1838406453701|73230&4&539.9583982592669|73245&4&755.1463731146401|73246&4&930.7185253098042|73248&4&1006.6685474726248|73263&4&19.021585490108713|73266&4&699.4802392353047|73289&4&54.937898948127405|73301&4&12.677196364434645|73302&4&8.808981964023364,2|73191&4&449.42037714406297|73195&4&654.7540661904688|73201&4&765.9832499012208|73206&4&413.38739066037033|73207&4&779.5745225315793|73208&4&667.1785914894417|73216&4&331.2580389049254|73219&4&79.71415746698153|73222&4&459.2872242835944|73223&4&197.09924505555978|73229&4&1076.5509686183973|73232&4&191.39352595329703|73242&4&825.0775445231495|73245&4&82.66826455691199|73251&4&726.8277490592973|73255&4&853.7999037187535|73257&4&288.4486116602666|73259&4&165.9512250629241|73284&4&200.8088325977144|73286&4&1084.7234686551938|73292&4&10.35411563389642|73293&4&108.55957563646172|73304&4&86.8326384130924|73307&4&112.93581327294223|73308&4&154.37334025849177,2|73189&4&809.1416249818607|73193&4&478.0648456284448|73200&4&52.46346285930798|73204&4&105.4954062092086|73215&4&607.906401049561|73217&4&556.0991691990486|73218&4&347.8959998304508|73230&4&105.1883152213884|73233&4&54.73341641034849|73237&4&194.90602837089983|73247&4&187.70046825593622|73257&4&158.41459577834016|73260&4&533.17240875874|73266&4&7.702561194144896|73271&4&20.153438687286837|73278&4&1556.4467677180164|73279&4&418.9983122519022|73286&4&13.708007958650708|73287&4&584.1091388870727|73294&4&10.693394255232418|73296&4&60.84355690555938|73302&4&68.89846347674691,2|73190&4&238.57510519817686|73191&4&107.34727138770106|73198&4&201.3489719839094|73199&4&62.97596658312044|73204&4&457.66589586645546|73206&4&3.394177756935738|73219&4&311.93338936791474|73225&4&0.0|73231&4&60.341660789537535|73232&4&311.25632495974247|73234&4&0.0|73236&4&602.1898940518136|73241&4&151.93720462123613|73242&4&40.123790484331295|73251&4&38.77701475312959|73257&4&24.461990027328675|73261&4&709.3335288904136|73262&4&466.4981913835317|73270&4&214.885438078184|73272&4&298.48970955013175|73276&4&143.49316871731412|73280&4&62.185616945234315|73292&4&70.02726964546306|73293&4&11.527228536430183|73301&4&80.37636789433141|73304&4&13.116785839349777|73305&4&108.59411391626654,2|73199&4&623.5026318087246|73203&4&32.3062009825005|73207&4&66.80861518037617|73208&4&538.4707197137387|73233&4&1039.9344027967545|73243&4&69.07138398373786|73249&4&669.23641164786|73250&4&605.1972022329164|73252&4&42.2909822024117|73269&4&438.969777639351|73270&4&651.616225982223|73275&4&0.0|73280&4&602.3609054228499|73282&4&635.6388021954926|73296&4&6.9724126942084705|73303&4&9.558491385598332,2|73192&4&7.3999491469276055|73196&4&975.3315141292245|73200&4&574.1992811786176|73204&4&155.06638574483532|73212&4&536.5603649005045|73214&4&16.579108989284578|73217&4&113.59486673624653|73224&4&403.48992346418356|73254&4&1088.0874800753786|73268&4&376.9567652763164|73270&4&363.72006885967744|73271&4&456.50656765383064|73283&4&251.32429312111867|73296&4&53.680439817475104|73304&4&35.31261847907184,2|73190&4&15.203456801445615|73197&4&59.28657600626978|73212&4&49.959102833109945|73213&4&836.8236312537956|73216&4&351.8164782977981|73221&4&191.2986871992324|73223&4&283.2507194193701|73224&4&31.42822287204267|73227&4&90.82054600042576|73232&4&1.0755541930286265|73236&4&4.288885607878782|73238&4&494.35743851539917|73241&4&461.7651180214519|73243&4&720.7937785046022|73251&4&16.044997293834385|73252&4&288.5232090668589|73253&4&98.47803007925049|73254&4&30.81629123558792|73257&4&32.83045732806506|73260&4&332.8659787092466|73267&4&354.18685839182365|73273&4&666.998818179213|73288&4&659.8770518279439|73291&4&28.000701725414608|73292&4&43.55516220981242|73294&4&102.87619571214307|73298&4&33.130820911290954|73300&4&9.76666417679237|73302&4&1.335715395265372|73303&4&43.66756570962269|73306&4&2.55351295663786E-15,2|73191&4&2.4167384989768084|73192&4&772.8583440454115|73195&4&28.162267942911445|73197&4&298.15510865681824|73206&4&5.773449887093585|73216&4&15.120353880587299|73218&4&498.61310477088506|73222&4&31.096567165417024|73232&4&151.3196314477914|73237&4&115.39467851511867|73244&4&260.8731923584093|73246&4&159.62781138266323|73249&4&485.81637980828924|73255&4&40.6938417108174|73256&4&1034.526341055292|73258&4&650.9735225511074|73259&4&348.7393176130724|73262&4&239.76989157993117|73263&4&905.8644333173527|73264&4&135.51698074654865|73266&4&65.12222695080791|73274&4&80.76997527005142|73275&4&1019.0838788769072|73279&4&-5.10702591327572E-15|73285&4&861.9338114923615|73288&4&135.87954791944645|73289&4&10.906618690580252|73296&4&5.649598482894655|73306&4&11.027301859828455|73308&4&21.83575335804926,2|73193&4&4.0956040937305005|73199&4&5.248682034905698|73204&4&150.2430208909198|73205&4&303.5687364505991|73221&4&519.1522655761632|73224&4&460.1359043344306|73226&4&290.79265495568774|73231&4&722.8678581530099|73233&4&-8.881784197001252E-15|73234&4&0.0|73237&4&367.3651344412218|73238&4&231.72074178386464|73239&4&302.3009630881962|73240&4&810.2914265026357|73244&4&225.53275147518633|73245&4&17.215725560230293|73250&4&349.4317146414007|73252&4&362.64560640555607|73257&4&278.47682108200974|73262&4&11.544721487735165|73263&4&4.8748564533173875|73268&4&709.5915324395532|73271&4&324.377781717469|73276&4&1062.3702504450002|73289&4&78.14463260296765|73292&4&1.448381919015341|73300&4&46.06275781509605|73301&4&91.46390851788732|73303&4&52.332743945765074|73304&4&57.717717593216534,2|73190&4&339.1936868921525|73200&4&-2.7533531010703882E-14|73203&4&577.3412300254647|73206&4&190.06085974013888|73209&4&1127.2332090584528|73214&4&700.1437227988106|73230&4&53.26498747330314|73235&4&349.13314318383664|73239&4&466.8323564281133|73244&4&346.75752242372664|73252&4&105.57453305793689|73253&4&673.8840082950401|73300&4&47.841391136334835|73301&4&34.85831881856185|73303&4&21.265811545192108
79|4,130,1,1,1,1,1,1,1,1,1,1,1,1,1,1,1,1,1,1,1,1,1,1,1,1,1,1,1,1,1,1,1,1,1,1,1,1,1,1,1,1,1,1,1,1,1,1,1,1,1,1,1,1,1,1,1,1,1,1,1,1,1,1,1,1,1,1,1,1,1,1,1,1,1,1,1,1,1,1,1,1,1,1,1,1,1,1,1,1,1,1,1,1,1,1,1,1,1,1,1,1,0,0,0,0,0,0,0,0,0,0,0,0,0,0,0,0,0,0,0,0,2|73210&4&450.4352158800489|73211&4&774.1444188523958|73217&4&162.54906626218485|73222&4&339.584249648058|73228&4&802.160399990188|73230&4&551.4797131463032|73245&4&851.7471260567038|73246&4&870.9033079403374|73248&4&1038.6002212519975|73263&4&13.774125948410408|73266&4&675.1518493541051|73289&4&50.48174977624248|73301&4&9.262802067975638|73302&4&6.864309852019749,2|73191&4&418.7557452957489|73195&4&651.3449017720516|73201&4&838.8377093017125|73206&4&451.22335016822666|73207&4&714.1935138021801|73208&4&800.3448520265074|73216&4&377.1782251305721|73219&4&75.72844959363246|73222&4&572.6868918308861|73223&4&169.10683439078588|73229&4&1138.921492605632|73232&4&179.9819138871219|73242&4&936.9436250044844|73245&4&71.31917639794501|73251&4&675.5362787714644|73255&4&782.9712682293383|73257&4&254.6380262702424|73259&4&153.18760413247847|73284&4&189.94309661319505|73286&4&1055.449859006154|73292&4&8.088913183809876|73293&4&116.94116995796742|73304&4&79.1394670347008|73307&4&104.05359811440687|73308&4&142.08061852538845,2|73189&4&742.5516869945802|73193&4&426.46033021692574|73200&4&39.6950994928802|73204&4&160.426419269353|73215&4&665.7951969472713|73217&4&490.8673130758393|73218&4&490.9956781697732|73230&4&81.22825536857049|73233&4&42.945990675670565|73237&4&315.9915950966348|73247&4&175.06012062790074|73257&4&148.4474673464179|73260&4&474.0873898920899|73266&4&2.531476968932058|73271&4&97.63963268584519|73278&4&1603.5814107670158|73279&4&488.5900576685734|73286&4&4.659324734750333|73287&4&529.1008089726083|73294&4&7.775425836186473|73296&4&56.545751936119075|73302&4&78.45605602283746,2|73190&4&210.19087587604002|73191&4&89.58183060186545|73198&4&313.4833397393345|73199&4&47.89708701612262|73204&4&412.2543660339079|73206&4&2.795827700489863|73219&4&266.5955646848221|73231&4&38.628893053609644|73232&4&273.3208154973943|73235&4&49.35195752533434|73236&4&539.2230857451682|73241&4&117.50801068309732|73242&4&27.270940534516868|73251&4&27.767925642482453|73257&4&18.346492520496497|73261&4&766.1902996053618|73262&4&413.32833001237236|73270&4&183.2796133390342|73272&4&257.21181653009603|73276&4&310.0483164414338|73280&4&46.379407694156185|73292&4&64.99193006997372|73293&4&8.311529785723994|73301&4&73.82059745868304|73304&4&9.545960975186986|73305&4&114.08307149629597,2|73192&4&32.03768939604362|73199&4&713.6699325724154|73203&4&18.897049131030254|73207&4&45.93605572254378|73208&4&467.71125080789113|73233&4&1019.8635111046408|73243&4&107.12492372933585|73249&4&591.3651866203481|73250&4&543.9647743140151|73252&4&33.0312111378873|73257&4&36.70446200630306|73269&4&480.1040249793018|73270&4&596.4881595232248|73280&4&667.1398902957471|73282&4&578.2105599753213|73296&4&6.197700172629752|73303&4&6.8971123113072395|73304&4&72.77133839209512,2|73192&4&3.544247825811818|73196&4&999.6585707468789|73200&4&631.6090183165413|73204&4&146.4515865367889|73212&4&489.5579980439826|73214&4&9.270207102801503|73217&4&337.2553255812891|73224&4&370.37565453109|73254&4&1163.2143456670824|73268&4&494.1928514797522|73270&4&344.8017963790238|73271&4&392.10220230296756|73283&4&238.52364819815284|73296&4&78.4547177614645|73304&4&33.40536927745577,2|73190&4&5.268585677935704|73197&4&90.56484192402888|73212&4&30.259812566317414|73213&4&763.2638123066262|73216&4&324.8204003742957|73221&4&160.30092383484902|73223&4&370.1428698116324|73224&4&18.425698391236452|73227&4&167.17622915766995|73232&4&7.549516567451064E-15|73236&4&-3.552713678800501E-14|73238&4&458.15332763059376|73241&4&451.1240260974089|73243&4&658.6724463327503|73251&4&5.485243718654127|73252&4&265.8819339062296|73253&4&78.61454276086562|73254&4&16.037978815454718|73257&4&16.790391405995436|73260&4&466.52381677131933|73267&4&325.9927839785405|73273&4&728.7161332988219|73288&4&598.9372854340149|73291&4&24.318561886671745|73292&4&56.94360588600981|73294&4&96.34494734747618|73298&4&29.457357311976093|73300&4&7.273130925817079|73302&4&0.4393398332429962|73303&4&41.48418742414156,2|73191&4&-1.687538997430238E-14|73192&4&714.8758467470152|73194&4&102.5147299011282|73195&4&17.742789095948716|73197&4&263.27150907575236|73206&4&0.7140184815732141|73216&4&10.440389022412248|73218&4&437.751924543473|73222&4&17.071679150688567|73232&4&143.75364987540183|73237&4&89.91678260194647|73244&4&227.2977691965621|73246&4&132.0643241516802|73249&4&556.4428838687625|73255&4&25.718964316328837|73256&4&945.9728048247941|73258&4&663.3460125784336|73259&4&426.9723944712107|73262&4&379.38462061742507|73263&4&886.6816166207686|73264&4&371.88748264313426|73266&4&55.21734920268065|73274&4&204.27499735733772|73275&4&1079.1789868692815|73285&4&935.0733783666635|73288&4&169.3086565157809|73289&4&7.886758037218261|73296&4&2.523531198754278|73306&4&7.954610730099831|73308&4&39.79287265279187,2|73193&4&0.0|73199&4&4.618527782440651E-14|73204&4&141.4051961326304|73205&4&290.0720104670967|73221&4&648.3519009890442|73224&4&584.3870931511326|73226&4&273.24889542495214|73231&4&665.3947036144813|73237&4&343.0983191140239|73238&4&217.15221229407027|73239&4&254.66955603533347|73240&4&732.8547787972464|73244&4&330.38902057259367|73245&4&8.849291437784576|73250&4&473.5641444432921|73252&4&392.4127671069108|73257&4&262.79261975880104|73262&4&3.7149164060779913|73263&4&3.375077994860476E-14|73265&4&37.377754021993155|73268&4&634.5869001687664|73271&4&305.75002094495994|73276&4&963.8234702020163|73289&4&93.3342804119761|73292&4&0.4947751672663151|73300&4&56.229771378727634|73301&4&102.22228298356835|73303&4&49.110540201299536|73304&4&54.322557734792035,2|73190&4&316.10123937510866|73203&4&647.6025894461504|73206&4&173.3071700111043|73209&4&1183.8428325228929|73214&4&774.0829668898932|73230&4&47.13592703798442|73235&4&326.6887051332784|73239&4&436.5284806379962|73244&4&322.0934901174794|73252&4&93.4709378916957|73253&4&771.8622298379588|73300&4&44.25215717375263|73301&4&30.87117214922331|73303&4&19.428784967640553
80|4,130,1,1,1,1,1,1,1,1,1,1,1,1,1,1,1,1,1,1,1,1,1,1,1,1,1,1,1,1,1,1,1,1,1,1,1,1,1,1,1,1,1,1,1,1,1,1,1,1,1,1,1,1,1,1,1,1,1,1,1,1,1,1,1,1,1,1,1,1,1,1,1,1,1,1,1,1,1,1,1,1,1,1,1,1,1,1,1,1,1,1,1,1,1,1,1,1,1,1,1,1,0,0,0,0,0,0,0,0,0,0,0,0,0,0,0,0,0,0,0,0,2|73210&4&403.36662459263164|73211&4&704.081267984764|73217&4&149.00331074033613|73222&4&309.4491072537003|73228&4&741.229943405327|73230&4&592.8856016605939|73245&4&795.8523336286287|73246&4&850.9410402949262|73248&4&946.2824249455748|73263&4&8.526666406712101|73266&4&733.6589561872105|73289&4&46.02560060435756|73301&4&6.345887077090715|73302&4&4.919637740016135,2|73191&4&388.09111344743485|73195&4&651.9893390508194|73201&4&830.7313068689559|73206&4&433.08593613071235|73207&4&815.019774068701|73208&4&932.6585614565525|73216&4&471.90570834009185|73219&4&71.74274172028339|73222&4&617.9038875207426|73223&4&142.83423225796966|73229&4&1105.479144202588|73232&4&207.58731536161136|73242&4&950.2469847623129|73245&4&59.970088238978036|73251&4&624.2448084836316|73255&4&712.142632739923|73257&4&220.82744088021826|73259&4&140.42398320203284|73284&4&179.07736062867576|73286&4&967.2907224573627|73292&4&5.823710733723334|73293&4&125.3296712454251|73304&4&71.44629565630916|73307&4&127.02303821639234|73308&4&129.78789679228512,2|73189&4&763.3182677172431|73193&4&374.8558148054066|73200&4&26.926736126452415|73204&4&389.1825485538228|73215&4&828.4370297422556|73217&4&431.77462031259336|73218&4&464.04590195999856|73230&4&58.68562825447141|73233&4&31.15856494099264|73237&4&440.23174414325587|73247&4&162.41977299986524|73257&4&138.48033891449563|73260&4&418.98603032658275|73266&4&1.687538997430238E-14|73271&4&104.09066425579599|73278&4&1567.4894366081498|73279&4&555.1858756774079|73286&4&7.105427357601002E-15|73287&4&474.2149460418524|73294&4&5.287548023823544|73296&4&52.24794696667877|73302&4&73.78221321082238,2|73190&4&181.80664655390322|73191&4&71.81638981602984|73193&4&103.36414806154153|73198&4&367.7273357248645|73199&4&32.8182074491248|73203&4&89.34579402703133|73204&4&366.8428362013604|73206&4&2.197477644043988|73211&4&138.53304638695778|73219&4&227.39514480128113|73231&4&21.504697031168156|73232&4&235.38530603504606|73235&4&111.84246690732971|73236&4&616.4117430455885|73241&4&88.83074243203095|73242&4&18.720545506859935|73251&4&16.75883653183531|73257&4&12.230995013664318|73261&4&838.7277925347207|73262&4&360.15846864121306|73270&4&151.67378859988443|73272&4&216.71659161854694|73276&4&453.951012379212|73280&4&30.573198443078056|73288&4&71.15772045121531|73292&4&59.95659049448436|73293&4&5.574011450494833|73297&4&134.4694862577689|73301&4&67.26482702303467|73304&4&6.507526551633378|73305&4&119.97834735994282,2|73192&4&58.64100384803853|73199&4&684.6476566687827|73203&4&9.138609024476821|73207&4&28.247094066915473|73208&4&402.0095701394708|73210&4&102.35703790166355|73233&4&1075.8527397750788|73243&4&232.69204708030514|73249&4&518.1591693081675|73250&4&484.0353579114985|73252&4&23.771440073362907|73257&4&331.1072792860739|73269&4&0.0|73270&4&546.3023649604704|73280&4&694.4683639407908|73282&4&520.7823177551502|73296&4&5.422987651051033|73303&4&4.648349184330085|73304&4&92.24481819374523,2|73192&4&-1.509903313490213E-14|73196&4&952.1514523541156|73200&4&719.7251766093084|73204&4&137.8367873287425|73212&4&442.55563118746085|73214&4&3.313759242047811|73217&4&491.79907489560344|73224&4&337.2613855979964|73254&4&1245.7570844794973|73268&4&551.8094949058628|73270&4&482.7135974753146|73271&4&333.08123740781576|73283&4&225.72300327518707|73285&4&76.52981848283196|73294&4&26.68813726596261|73296&4&73.56767150421837|73304&4&31.498120075839697,2|73190&4&2.8421709430404007E-14|73197&4&85.54254502777519|73212&4&15.249524963916322|73213&4&690.9452247611316|73216&4&297.82432245079326|73219&4&244.08233074461168|73221&4&134.36596204156098|73223&4&381.0682731448251|73224&4&9.018801528218997|73227&4&198.461313048766|73238&4&555.4116687438643|73241&4&508.9839713599787|73243&4&598.1995013858168|73245&4&107.6535962744623|73251&4&-3.375077994860476E-14|73252&4&243.24065874560043|73253&4&58.75105544248074|73254&4&6.0070520317503675|73257&4&5.626724787599098|73260&4&486.5160236343709|73267&4&386.9271630051354|73273&4&733.4541481930515|73288&4&541.3626333382233|73291&4&21.014496709002927|73292&4&69.80817725033327|73294&4&89.81369898280927|73298&4&29.031681274719595|73300&4&4.957408646701211|73302&4&-5.551115123125783E-16|73303&4&46.43497765315702,2|73192&4&656.8933494486187|73194&4&120.42921798776655|73195&4&9.316513188006663|73197&4&228.66344938138707|73206&4&4.6629367034256575E-15|73216&4&5.760424164237184|73218&4&381.7679294738236|73222&4&6.904493731032866|73232&4&136.18766830301226|73237&4&69.3478641802254|73244&4&195.68535899403446|73246&4&106.79736768517685|73249&4&653.3751026950497|73255&4&13.63539234411509|73256&4&861.1342591081288|73258&4&595.2138379209771|73259&4&371.0148988335903|73262&4&436.9316311093296|73263&4&957.3204529506677|73264&4&367.4514863683936|73266&4&45.312471454553375|73274&4&193.85932255129572|73275&4&1063.3946304467013|73285&4&853.9580477406696|73288&4&160.50352482019326|73289&4&5.3083933811746356|73296&4&1.2343320725827116|73306&4&5.34902488200283|73308&4&57.59134449136112,2|73204&4&132.567371374341|73205&4&270.49969851645034|73221&4&719.9911870003045|73224&4&589.725148043153|73226&4&331.4350892991474|73231&4&670.9388918065131|73237&4&318.83150378682603|73238&4&202.58368280427592|73239&4&210.6233816262391|73240&4&696.517797736219|73244&4&440.1079243968366|73245&4&3.0337201653769337|73250&4&496.92480929115504|73252&4&494.13529254008836|73257&4&247.10841843559237|73262&4&2.7533531010703882E-14|73265&4&210.6304917514634|73268&4&565.0465935834043|73271&4&287.12226017245086|73276&4&868.299233095874|73289&4&88.03502927870615|73292&4&3.4416913763379853E-15|73300&4&66.62174850331925|73301&4&112.04407601790737|73303&4&45.888336456834004|73304&4&50.927397876367536,2|73190&4&337.74417648846963|73203&4&604.8595873144492|73206&4&156.55348028206976|73209&4&1173.240860140798|73214&4&866.1867849836384|73230&4&41.00686660266571|73235&4&304.24426708272017|73239&4&406.22460484787905|73244&4&297.42945781123217|73251&4&31.429306666950055|73252&4&81.3673427254545|73253&4&848.5582079525326|73277&4&40.347698785029735|73300&4&40.66292321117042|73301&4&26.88402547988477|73303&4&17.591758390088998
81|4,130,1,1,1,1,1,1,1,1,1,1,1,1,1,1,1,1,1,1,1,1,1,1,1,1,1,1,1,1,1,1,1,1,1,1,1,1,1,1,1,1,1,1,1,1,1,1,1,1,1,1,1,1,1,1,1,1,1,1,1,1,1,1,1,1,1,1,1,1,1,1,1,1,1,1,1,1,1,1,1,1,1,1,1,1,1,1,1,1,1,1,1,1,1,1,1,1,1,1,1,1,0,0,0,0,0,0,0,0,0,0,0,0,0,0,0,0,0,0,0,0,2|73210&4&356.29803330521446|73211&4&635.4630165721262|73217&4&135.4575552184874|73222&4&279.31396485934255|73228&4&681.8244617838869|73230&4&655.6451820587789|73245&4&739.9575412005536|73246&4&800.8316813965928|73248&4&859.2856787108223|73263&4&3.2792068650137938|73266&4&714.0900104499253|73289&4&41.56945143247263|73301&4&3.9547493939529343|73302&4&2.9749656280125216,2|73191&4&357.42648159912085|73195&4&719.6587145831837|73201&4&801.8732093323147|73206&4&451.06676014381304|73207&4&1070.2912654146535|73208&4&877.5105729940547|73216&4&564.5646020340803|73219&4&67.75703384693432|73222&4&608.0759767191946|73223&4&118.8752364714396|73229&4&1063.1316004974715|73232&4&314.04866929116747|73242&4&876.3526732974616|73245&4&48.62100008001105|73251&4&572.9533381957988|73255&4&641.3139972505077|73257&4&187.01685549019416|73259&4&127.66036227158723|73284&4&283.73082885842433|73286&4&879.1315859085712|73292&4&3.5585082836367903|73293&4&135.3992964457553|73304&4&63.75312427791755|73307&4&116.54824029483093|73308&4&117.4951750591818,2|73189&4&823.0124770533444|73193&4&328.55833370640914|73200&4&15.464624755262|73204&4&599.6709802643143|73215&4&799.0573739485881|73217&4&375.11672292270094|73218&4&492.7702942646009|73230&4&39.15204077859437|73233&4&20.87125598337264|73237&4&416.68066120839615|73247&4&149.77942537182977|73257&4&128.51321048257338|73260&4&367.79353233686084|73271&4&376.68873038633234|73278&4&1609.0191990902695|73279&4&522.0916980323249|73287&4&0.0|73294&4&3.2368279758885414|73296&4&47.950141997238454|73302&4&69.1083703988073,2|73190&4&153.42241723176642|73191&4&54.050949030194246|73193&4&142.9300450874157|73198&4&388.47360202313644|73199&4&21.849340671008456|73203&4&92.38893740057897|73204&4&321.4313063688129|73206&4&1.599127587598113|73211&4&279.9714718427575|73219&4&193.42699957269264|73231&4&10.146191591429448|73232&4&201.80849390584433|73235&4&165.0684260247181|73236&4&703.683865397628|73241&4&64.84752821413542|73242&4&11.200079045817944|73251&4&5.7497474211881725|73257&4&6.115497506832138|73261&4&874.1077416590053|73262&4&306.9886072700537|73270&4&120.0679638607347|73272&4&176.42273654083095|73276&4&477.7417451680783|73280&4&18.77764026921495|73288&4&192.60472868616773|73292&4&54.921250918994986|73293&4&3.35770812523557|73297&4&196.10164345400324|73301&4&60.7090565873863|73302&4&14.883906368059286|73304&4&3.9762281295677813|73305&4&125.99527846342153,2|73192&4&98.6230670243541|73199&4&668.9510240173095|73203&4&3.136853786783338|73207&4&14.433108545347334|73208&4&341.4846499274751|73210&4&176.44628049491052|73233&4&1039.0741095948233|73234&4&83.17953950412111|73239&4&86.92483848595407|73243&4&356.218826666931|73249&4&449.71669220170105|73250&4&426.60440984056214|73252&4&14.51166900883852|73255&4&5.796604686689022|73257&4&314.4601541667544|73270&4&501.29285015932805|73272&4&53.86112935376201|73280&4&691.6871743381834|73282&4&463.35407553497896|73296&4&4.648275129472314|73303&4&2.803742167614567|73304&4&87.45064893807773,2|73196&4&867.3890752749506|73200&4&657.5234908964704|73204&4&129.2219881206961|73212&4&395.55326433093904|73214&4&2.042810365310288E-14|73217&4&483.63281016505545|73220&4&76.37434758086002|73224&4&304.1471166649029|73254&4&1163.4127570655721|73268&4&566.9123511862116|73270&4&527.4773902131121|73271&4&280.1120207755342|73283&4&212.92235835222124|73285&4&215.04702393380273|73294&4&37.85511290518688|73296&4&68.68062524697223|73304&4&29.590870874223626,2|73190&4&197.73809316621953|73197&4&106.23553237044098|73200&4&58.58515161345247|73208&4&189.1160969842424|73212&4&86.22078572274995|73213&4&619.4169455541678|73216&4&270.8282445272908|73219&4&399.4208161791583|73221&4&109.29814112793096|73223&4&475.21686990371944|73224&4&4.363022006452143|73227&4&187.32562704592976|73237&4&154.4418388451307|73238&4&539.7196270202095|73241&4&476.3704456839888|73243&4&541.4105715357794|73245&4&135.7979158013833|73252&4&356.6971701313843|73253&4&40.42604979304251|73254&4&-4.973799150320701E-14|73257&4&1.9539925233402755E-14|73258&4&38.60903763431341|73259&4&13.962792989491124|73260&4&538.8564146634924|73267&4&421.76655915370577|73273&4&751.9160128597729|73288&4&487.69869483895246|73289&4&80.85199740632537|73291&4&18.10871431290737|73292&4&83.44233634090332|73294&4&83.28245061814238|73298&4&35.96870633534748|73300&4&3.035757466779465|73303&4&56.16826336604834,2|73192&4&598.9108521502224|73194&4&247.7426552583923|73195&4&3.223508778623656|73197&4&194.63785782223488|73216&4&2.168812859249506|73218&4&326.4631618743415|73222&4&1.0418250243685556|73232&4&128.62168673062268|73237&4&52.169201249835425|73244&4&165.60302367785667|73246&4&84.98788703630727|73249&4&616.3159557939412|73255&4&4.733988379242384|73256&4&780.5109894149931|73258&4&530.3100435057609|73259&4&319.99889891169886|73262&4&412.84901869852683|73263&4&1015.9040405565913|73264&4&413.5773953738067|73266&4&35.407593706426105|73274&4&183.4436477452537|73275&4&1125.1658274031688|73285&4&773.3226400007597|73288&4&151.6983931246056|73289&4&3.2003200518024006|73296&4&0.4050056249881392|73306&4&3.2362004985472854|73308&4&54.55497623259621,2|73204&4&123.7295466160516|73205&4&250.92738656580406|73214&4&21.84482776601766|73221&4&701.9334568777772|73224&4&596.4594983895647|73226&4&310.1048320981653|73231&4&727.1992356157637|73237&4&294.56468845962814|73238&4&188.01515331448155|73239&4&170.53592334206272|73240&4&627.0554679535984|73244&4&541.3130631899678|73245&4&0.013661692590222159|73250&4&613.6766899831314|73252&4&465.500634813513|73257&4&231.42421711238364|73265&4&232.55317895412335|73268&4&501.33092255290813|73271&4&268.49449939994173|73276&4&776.6990609486664|73289&4&82.73577814543616|73296&4&71.37348174438783|73300&4&76.93028299799415|73301&4&121.8850731634297|73303&4&42.66613271236846|73304&4&47.53223801794304,2|73190&4&312.4149597399055|73203&4&562.1165851827479|73206&4&139.79979055303517|73209&4&1067.9217790521873|73214&4&792.9170313878728|73230&4&34.87780616734699|73235&4&281.799829032162|73239&4&375.92072905776195|73244&4&272.76542550498493|73251&4&273.7233877942149|73252&4&69.26374755921333|73253&4&839.3980577929981|73277&4&85.99694221499038|73300&4&37.07368924858821|73301&4&22.896878810546227|73303&4&15.754731812537445
82|4,130,1,1,1,1,1,1,1,1,1,1,1,1,1,1,1,1,1,1,1,1,1,1,1,1,1,1,1,1,1,1,1,1,1,1,1,1,1,1,1,1,1,1,1,1,1,1,1,1,1,1,1,1,1,1,1,1,1,1,1,1,1,1,1,1,1,1,1,1,1,1,1,1,1,1,1,1,1,1,1,1,1,1,1,1,1,1,1,1,1,1,1,1,1,1,1,1,1,1,1,1,0,0,0,0,0,0,0,0,0,0,0,0,0,0,0,0,0,0,0,0,2|73210&4&310.7749016404923|73211&4&568.3992608700726|73217&4&121.91179969663868|73222&4&249.17882246498482|73228&4&624.7839720404306|73230&4&728.3260688822768|73245&4&684.0627487724785|73246&4&841.3166942677001|73248&4&777.2921509928179|73263&4&-2.042810365310288E-14|73266&4&776.4616004252982|73289&4&37.11330226058771|73301&4&2.0490995526758775|73302&4&1.4943276514325017,2|73191&4&326.7618497508068|73195&4&786.7296930416305|73201&4&784.459844637197|73202&4&158.211472068312|73206&4&519.0170228416926|73207&4&980.1517500592009|73208&4&822.3625845315569|73216&4&527.8808399723528|73219&4&63.77132597358524|73222&4&585.6713967465123|73223&4&97.41711826595258|73229&4&1112.6869959651358|73232&4&444.8704392108002|73241&4&51.7376018190961|73242&4&802.4583618326105|73245&4&37.271911921044065|73251&4&521.661867907966|73255&4&570.4853617610922|73257&4&153.20627010017003|73259&4&0.0|73284&4&267.08913266319166|73286&4&792.7760237774381|73292&4&1.8136786667443805|73293&4&125.86749583404995|73304&4&56.05995289952594|73307&4&132.50760095477193|73308&4&105.2024533260785,2|73189&4&750.6127716114015|73193&4&287.37729266401544|73200&4&7.173388410019304|73204&4&722.0169887651759|73215&4&835.6413324798275|73217&4&324.48056970471094|73218&4&471.05282040738757|73230&4&22.869625195722946|73233&4&13.60284731242839|73237&4&393.1295782735365|73247&4&137.1390777437943|73257&4&118.54608205065111|73260&4&320.97694165862697|73271&4&488.91244239125433|73278&4&1650.9654201234055|73279&4&611.3800970385148|73294&4&1.6352132508519792|73296&4&43.65233702779814|73302&4&64.43452758679221,2|73190&4&125.03818790962961|73191&4&37.355465090630986|73193&4&237.64085013651066|73198&4&478.24502424379875|73199&4&12.373800817777902|73200&4&172.04297527017883|73203&4&87.54612604548245|73204&4&276.0197765362654|73206&4&1.000777531152238|73211&4&433.9217622148651|73219&4&165.4486371063905|73231&4&4.743629983849657|73232&4&168.6541029333236|73235&4&233.38613674016923|73236&4&676.8234258717455|73241&4&43.90158693494818|73242&4&3.6796125847759527|73250&4&143.24609103587227|73251&4&0.3807684749067926|73252&4&68.66966291211128|73257&4&-4.085620730620576E-14|73261&4&907.6074383783423|73262&4&258.4505504502061|73270&4&88.46213912158494|73272&4&137.57238522349672|73276&4&575.9684941616742|73280&4&10.406925657584003|73284&4&103.71207418956155|73286&4&52.2582056711708|73288&4&245.55133699769848|73292&4&49.88591134350563|73293&4&1.6787573890991063|73297&4&205.90641926111874|73301&4&54.15328615173793|73302&4&26.642205537657723|73304&4&2.0251758500014474|73305&4&132.98933581883344|73308&4&36.61790495253467,2|73192&4&211.67130030182372|73196&4&1.3827895644498653|73199&4&619.7217056447483|73203&4&-1.865174681370263E-14|73207&4&4.9995007652632015|73208&4&286.42411419308115|73209&4&18.110393930004648|73210&4&272.06177630573166|73225&4&193.00607201056272|73233&4&1118.2112789646353|73234&4&166.83243823743692|73239&4&375.9314468733708|73243&4&393.5645945547746|73249&4&386.73081844726926|73250&4&372.36530298550474|73252&4&7.865440739195789|73255&4&62.06397594431599|73257&4&358.9039727492633|73262&4&151.96001991772317|73267&4&81.47822738519538|73270&4&457.8505766956067|73272&4&232.00327642537152|73280&4&635.0166089203971|73282&4&507.12763968787624|73296&4&3.8735626078935947|73303&4&1.4262391259531924|73304&4&82.65647968241024,2|73196&4&787.3839638913835|73200&4&595.3218051836325|73204&4&120.60718891264969|73212&4&348.5508974744171|73217&4&456.75677499396573|73220&4&225.17019772161453|73224&4&271.03284773180934|73254&4&1056.9210121584354|73268&4&663.1485219225733|73270&4&671.7383252205273|73271&4&234.13710667322707|73283&4&200.12171342925546|73285&4&204.1033481909055|73294&4&49.671168457875126|73296&4&63.7935789897261|73304&4&27.683621672607558,2|73190&4&356.18189557834694|73197&4&169.3545075246289|73200&4&55.65589403277984|73208&4&361.2531833395368|73212&4&77.25694855049392|73213&4&552.206214316412|73216&4&243.83216660378835|73219&4&493.45137353707173|73221&4&89.48813509923747|73223&4&473.2748860149679|73224&4&1.5659467486176404|73227&4&176.1899410430936|73228&4&170.78799160997278|73237&4&256.6039902366564|73238&4&673.5707118731134|73241&4&443.75692000799904|73243&4&488.2704283068299|73245&4&175.10807449638634|73252&4&327.2510056434344|73253&4&24.99325040826777|73258&4&36.67858575259774|73259&4&0.0|73260&4&525.3033014355046|73267&4&379.14344317154354|73273&4&770.7425953891793|73288&4&437.464088516586|73289&4&96.80202857397865|73291&4&15.61812137884979|73292&4&96.61047263111357|73294&4&76.75120225347548|73298&4&32.5310652784747|73300&4&1.5211344682444683|73303&4&53.01450803363752|73304&4&53.78613502071187,2|73192&4&540.928354851826|73194&4&263.63886085005913|73195&4&-1.1546319456101628E-14|73197&4&164.0378967617538|73207&4&87.89759923376619|73216&4&28.45477968075323|73218&4&274.7516749398916|73222&4&7.549516567451064E-15|73232&4&121.05570515823311|73237&4&39.9632518640314|73240&4&210.51041531015966|73244&4&137.40422231833287|73246&4&64.6954448275093|73249&4&579.2568088928324|73255&4&-1.2434497875801753E-14|73256&4&701.8599622643951|73258&4&468.4937774612879|73259&4&0.0|73262&4&388.76640628772407|73263&4&982.7302663147173|73264&4&483.26178936882263|73266&4&25.502715958298836|73269&4&23.71316420848681|73274&4&173.02797293921168|73275&4&1173.6233822794409|73285&4&694.1023169323304|73288&4&142.8932614290179|73289&4&1.5950067124009586|73296&4&0.0|73306&4&1.6328322944961848|73308&4&51.51860797383129,2|73204&4&114.8917218577622|73205&4&231.35507461515778|73214&4&20.752586377716774|73221&4&781.7951536324022|73224&4&586.5063142345505|73226&4&288.77457489718313|73231&4&743.3344296667274|73237&4&270.2978731324302|73238&4&173.44662382468718|73239&4&135.26712022777008|73240&4&563.1052644811969|73244&4&569.327320803033|73245&4&-9.367506770274758E-17|73250&4&577.7912449441883|73252&4&436.8659770869377|73257&4&215.74001578917492|73265&4&249.40152660243632|73268&4&443.378669849926|73271&4&249.86673862743262|73276&4&690.2331351841033|73289&4&77.4365270121662|73296&4&67.80480765716844|73300&4&86.00327605908485|73301&4&114.65091509101941|73303&4&39.44392896790292|73304&4&44.13707815951854,2|73190&4&287.0857429913415|73203&4&519.3735830510467|73206&4&123.04610082400063|73209&4&965.9090070821874|73214&4&719.6472777921072|73230&4&28.748745732028272|73235&4&259.35539098160376|73239&4&345.6168532676449|73244&4&248.10139319873767|73251&4&349.6735440518109|73252&4&57.16015239297214|73253&4&917.967440566448|73277&4&81.59622585727828|73300&4&33.48445528600601|73301&4&18.909732141207687|73303&4&13.91770523498589
83|4,130,1,1,1,1,1,1,1,1,1,1,1,1,1,1,1,1,1,1,1,1,1,1,1,1,1,1,1,1,1,1,1,1,1,1,1,1,1,1,1,1,1,1,1,1,1,1,1,1,1,1,1,1,1,1,1,1,1,1,1,1,1,1,1,1,1,1,1,1,1,1,1,1,1,1,1,1,1,1,1,1,1,1,1,1,1,1,1,1,1,1,1,1,1,1,1,1,1,1,1,1,0,0,0,0,0,0,0,0,0,0,0,0,0,0,0,0,0,0,0,0,2|73210&4&268.0641964425129|73211&4&504.5586839541367|73217&4&108.36604417478995|73222&4&219.0436800706271|73228&4&567.7434822969743|73230&4&800.276849417699|73245&4&628.1679563444034|73246&4&907.5564411517022|73248&4&848.3009645573737|73266&4&808.0653324683453|73289&4&32.657153088702785|73296&4&30.070100647304002|73301&4&0.7009216726702405|73302&4&0.5031441540411102,2|73191&4&296.0972179024928|73195&4&851.5825583288929|73201&4&714.138728831635|73202&4&150.3008984648964|73206&4&516.6090476313965|73207&4&890.0122347037483|73208&4&767.2145960690593|73216&4&491.1970779106252|73219&4&59.785618100236164|73222&4&648.5202664971175|73223&4&78.5588958677578|73229&4&1061.0625396016053|73232&4&536.5119024549201|73241&4&49.15072172814129|73242&4&728.5640503677594|73245&4&25.922823762077087|73251&4&470.37039762013313|73255&4&499.65672627167686|73257&4&119.3956847101459|73284&4&250.4474364679589|73286&4&709.4965843661773|73292&4&0.6193682720971276|73293&4&116.33569522234458|73304&4&48.366781521134314|73307&4&120.71109510413542|73308&4&92.90973159297519,2|73189&4&680.0654260499331|73193&4&251.79581042728654|73200&4&2.7588383293446794|73204&4&840.4633956035657|73215&4&888.9682072803002|73217&4&279.4433477597717|73218&4&440.91853523298|73230&4&10.28060200233549|73233&4&7.7062617661175254|73237&4&369.5784953386767|73247&4&124.4987301157588|73257&4&108.57895361872885|73260&4&278.80362161787946|73271&4&495.7974725728768|73278&4&1723.9412038929595|73279&4&593.4365426151377|73294&4&0.5500352065852031|73296&4&39.35453205835783|73302&4&59.76068477477712,2|73189&4&40.28214447459885|73190&4&100.54139519773454|73191&4&23.69353441873219|73193&4&225.13015162830507|73198&4&454.2827367768768|73199&4&5.866006846559008|73200&4&335.26303319214867|73203&4&82.70331469038592|73204&4&236.65784224478196|73206&4&0.40242747470636275|73211&4&419.2697034950109|73219&4&143.157008808265|73231&4&8.881784197001252E-15|73232&4&140.25932775615377|73235&4&333.41321203121265|73236&4&672.6199348310604|73241&4&28.09235335995605|73242&4&0.0|73250&4&288.6781547168775|73251&4&2.3314683517128287E-15|73252&4&181.7478825826069|73258&4&0.0|73261&4&848.9828256135819|73262&4&214.75136618855373|73270&4&61.902969698963396|73272&4&102.26359005234993|73276&4&616.5955725661961|73280&4&3.468663312331648|73284&4&98.52647048008347|73286&4&85.07449966928635|73288&4&356.8141561219862|73292&4&44.85057176801628|73293&4&52.797280340593446|73297&4&194.76786178800117|73301&4&83.25319089541254|73302&4&37.99518299462073|73304&4&0.6686088079251105|73305&4&122.53713106905792|73308&4&34.78700970490794,2|73192&4&303.1905116405426|73196&4&45.60039820680222|73199&4&570.4923872721872|73207&4&-2.8421709430404007E-14|73208&4&236.83676254907365|73209&4&134.37252722252046|73210&4&382.331519141822|73225&4&183.35576841003459|73233&4&1091.45049877961|73234&4&158.28286747680477|73239&4&479.5658405930025|73243&4&512.4431950731785|73249&4&329.9821398286746|73250&4&320.24775802807756|73252&4&2.042417355694282|73255&4&140.1124840144906|73257&4&563.3307610369593|73262&4&150.7583204659897|73267&4&128.38296061953588|73270&4&414.4083032318854|73272&4&335.86675906181165|73280&4&578.3460435026111|73282&4&550.0843127553803|73296&4&3.098850086314876|73303&4&0.4697611412863654|73304&4&77.86231042674274,2|73196&4&709.2413835113394|73200&4&533.1201194707947|73204&4&111.99238970460328|73212&4&301.5485306178953|73217&4&648.8662526320298|73220&4&213.72075196658167|73224&4&237.9185787987158|73254&4&950.4292672512984|73268&4&624.1921180662855|73270&4&795.133532237129|73271&4&195.28088599453332|73283&4&187.32106850628963|73285&4&193.15967244800828|73294&4&61.40374520300479|73296&4&58.906532732479974|73304&4&25.77637247099149,2|73190&4&428.10282527644364|73197&4&241.10632448661707|73200&4&52.726636452107215|73205&4&119.08856922332006|73208&4&502.5668669935038|73212&4&148.35880098319453|73213&4&484.9954830786561|73216&4&216.8360886802859|73219&4&581.3262318814728|73221&4&69.678129070544|73223&4&555.3882020570936|73224&4&0.4625102072814453|73227&4&165.05425504025737|73228&4&227.99808156455083|73237&4&263.5159636321278|73238&4&791.0000447654494|73241&4&411.14339433200934|73243&4&436.57933992667955|73245&4&297.57323651786794|73252&4&297.80484115548455|73253&4&12.800496032878302|73258&4&0.0|73259&4&45.38882886358775|73260&4&493.18630221101125|73267&4&341.05165719672095|73273&4&732.1504875238827|73281&4&174.47601658399694|73288&4&390.3346143185001|73289&4&110.82292234962877|73291&4&13.65348239946967|73292&4&110.64308950370337|73294&4&70.21995388880859|73298&4&35.178314349458276|73300&4&0.5094970040353293|73303&4&49.86075270122669|73304&4&51.09682826967627,2|73191&4&87.79090337268224|73192&4&483.93989355570307|73194&4&0.0|73197&4&137.21317839603483|73207&4&185.51083955618773|73216&4&96.72602086093326|73218&4&227.56328382513905|73232&4&113.48972358584354|73237&4&32.555092605677466|73240&4&307.6764183108795|73244&4&111.78975653591036|73246&4&46.83189406710422|73249&4&569.0438985012624|73256&4&626.6438487406577|73258&4&0.0|73262&4&364.6837938769213|73263&4&957.4269926226234|73264&4&527.916902657344|73266&4&16.354189777660174|73268&4&149.04128324570058|73269&4&129.89026947774718|73274&4&162.61229813316965|73275&4&1259.4846998909525|73280&4&140.99547196564674|73285&4&617.0648412866088|73288&4&134.08812973343026|73289&4&0.5322758408796447|73306&4&0.5470870909046789|73308&4&48.48223971506638,2|73204&4&106.0538970994728|73205&4&211.78276266451144|73214&4&19.66034498941589|73221&4&875.1336588323584|73224&4&683.425082417851|73226&4&325.87218958530724|73231&4&778.0655508907214|73237&4&246.0310578052323|73238&4&158.87809433489284|73239&4&105.17752924115018|73240&4&504.5756017692485|73244&4&607.0643736900022|73250&4&541.9057999052453|73252&4&408.23131936036236|73257&4&200.05581446596625|73265&4&285.5588025055934|73268&4&391.5806397946343|73271&4&231.23897785492352|73276&4&609.2381949085358|73289&4&72.13727587889623|73296&4&64.23613356994905|73300&4&95.25197768102646|73301&4&107.41675701860916|73303&4&36.22172522343738|73304&4&40.74191830109404,2|73190&4&261.75652624277734|73203&4&476.6305809193454|73206&4&106.29241109496607|73209&4&869.5013824581821|73214&4&648.9041747560377|73230&4&22.619685296709555|73235&4&236.91095293104556|73239&4&315.31297747752774|73242&4&70.74122544777072|73244&4&223.43736089249043|73251&4&425.09437718471634|73252&4&45.05655722673095|73253&4&983.5793108248704|73277&4&77.1955094995662|73300&4&29.895221323423804|73301&4&14.922585471869148|73303&4&20.70941158884247|73307&4&22.772750036248706
84|4,130,1,1,1,1,1,1,1,1,1,1,1,1,1,1,1,1,1,1,1,1,1,1,1,1,1,1,1,1,1,1,1,1,1,1,1,1,1,1,1,1,1,1,1,1,1,1,1,1,1,1,1,1,1,1,1,1,1,1,1,1,1,1,1,1,1,1,1,1,1,1,1,1,1,1,1,1,1,1,1,1,1,1,1,1,1,1,1,1,1,1,1,1,1,1,1,1,1,1,1,1,0,0,0,0,0,0,0,0,0,0,0,0,0,0,0,0,0,0,0,0,2|73210&4&228.4304605337874|73211&4&444.8545111447177|73217&4&94.82028865294122|73222&4&188.90853767626936|73228&4&510.702992553518|73230&4&736.6152531723648|73245&4&572.2731639163283|73246&4&917.1171067154382|73248&4&841.7866190787712|73266&4&819.7395735185714|73289&4&28.201003916817864|73296&4&44.76006991953574|73301&4&0.0|73302&4&5.329070518200751E-15,2|73191&4&265.4325860541787|73195&4&855.4443592643004|73201&4&666.1141009565853|73202&4&142.3903248614808|73206&4&540.1598542920124|73207&4&799.8727193482956|73208&4&712.0666076065617|73216&4&454.5133158488976|73219&4&55.799910226887086|73222&4&703.5888990253034|73223&4&62.374566226469|73229&4&1042.0373908101874|73232&4&541.2645522858616|73241&4&46.563841637186485|73242&4&654.6697389029084|73245&4&16.762086572856113|73251&4&419.0789273323003|73255&4&433.69362773327845|73257&4&90.4879484392514|73284&4&233.80574027272615|73286&4&628.5639519090503|73292&4&0.0|73293&4&106.80389461063923|73304&4&40.673610142742696|73307&4&108.91458925349889|73308&4&80.61700985987187,2|73189&4&610.3376315592916|73193&4&216.2143281905577|73200&4&-2.220446049250313E-14|73204&4&793.370239383458|73215&4&852.0376598806904|73217&4&241.5416252767377|73218&4&410.7842500585726|73230&4&2.494996765654993|73233&4&3.0981510605158977|73237&4&346.027412403817|73247&4&162.0364427861779|73257&4&98.61182518680658|73260&4&241.24350580531777|73271&4&468.09810519299003|73278&4&1715.0291111028455|73279&4&586.7818310691524|73294&4&-6.661338147750939E-16|73296&4&35.05672708891752|73302&4&55.086841962762044,2|73189&4&160.3707340314971|73190&4&79.56530352795583|73191&4&14.207882065890438|73193&4&212.61945312009942|73198&4&479.1514422789847|73199&4&2.4919697238618914|73200&4&364.1610523694025|73203&4&77.86050333528941|73204&4&203.60467250148633|73206&4&-2.9976021664879227E-15|73211&4&422.6261193829246|73219&4&126.56327479775477|73226&4&46.20701796650336|73232&4&114.91317260160241|73235&4&315.74391420821365|73236&4&619.7364085847701|73241&4&87.1724666835989|73250&4&379.5443840525371|73252&4&277.055367657268|73260&4&99.55592225399886|73261&4&889.0042402624084|73262&4&176.80851366250027|73267&4&99.6575485573789|73270&4&39.931496240463616|73272&4&72.82901447454347|73276&4&593.2477600706297|73280&4&1.2213796231749663|73284&4&93.3408667706054|73286&4&108.75231256884219|73288&4&385.1888267022955|73292&4&39.81523219252691|73293&4&49.629811148145954|73297&4&183.6293043148836|73301&4&123.59580953457495|73302&4&35.989748076829386|73304&4&-2.4424906541753444E-15|73305&4&112.54862359703789|73308&4&32.9561144572812,2|73192&4&365.2138067882867|73196&4&43.31692132255099|73199&4&521.2630688996262|73208&4&193.6408363848898|73209&4&183.78100420560548|73210&4&507.4983337922169|73225&4&173.70546480950645|73233&4&997.5623987994197|73234&4&149.73329671617262|73239&4&518.4824877932488|73243&4&532.7970285167421|73249&4&278.7265491213822|73250&4&270.858031291895|73252&4&-1.509903313490213E-14|73255&4&242.75431439519463|73257&4&565.240480478328|73262&4&347.40833278708055|73267&4&121.76011702009608|73270&4&370.96602976816405|73272&4&383.43608962275096|73280&4&521.6754780848249|73282&4&526.630325394484|73296&4&2.324137564736157|73303&4&5.551115123125783E-16|73304&4&73.06814117107524,2|73196&4&635.0683786951577|73200&4&470.91843375795696|73204&4&103.37759049655688|73212&4&254.54616376137346|73217&4&723.2234832013156|73220&4&202.27130621154882|73224&4&204.80430986562223|73254&4&848.2619216014562|73268&4&585.2357142099976|73270&4&923.3209765808738|73271&4&156.4246653158396|73283&4&174.52042358332386|73285&4&182.21599670511108|73294&4&75.61356209889493|73296&4&54.46338725792545|73304&4&23.869123269375418,2|73190&4&407.3552036713973|73197&4&250.0237395930108|73200&4&49.79737887143459|73205&4&249.70499386981461|73208&4&476.03896093089617|73212&4&192.39802996632483|73213&4&420.58624185357786|73216&4&189.84001075678347|73219&4&645.5931073398791|73221&4&51.6649139047384|73223&4&543.3008512465465|73224&4&0.0|73227&4&153.9185690374212|73228&4&252.69310591467732|73237&4&308.10276037587636|73238&4&725.4870254038503|73241&4&378.5298686560195|73243&4&388.4348811567419|73245&4&352.8139390976686|73252&4&268.35867666753467|73253&4&4.233292544579285|73259&4&107.33171884378326|73260&4&461.0693029865179|73267&4&307.8450234379905|73273&4&754.7821295337524|73281&4&239.9167779090501|73288&4&345.975762303232|73289&4&127.18521049812335|73291&4&12.234333568608767|73292&4&125.824736249012|73294&4&63.688705524141696|73298&4&41.05168884985237|73300&4&-8.881784197001252E-16|73303&4&46.70699736881587|73304&4&94.0537950569494,2|73191&4&230.7827206932074|73192&4&428.78477058738036|73197&4&110.38846003031584|73204&4&101.5049609710793|73207&4&283.89925093736235|73216&4&134.1552833492751|73218&4&186.29777184182248|73232&4&105.92374201345396|73237&4&26.82441852150528|73240&4&327.3069456180138|73244&4&88.33552618690987|73246&4&32.82761087444203|73249&4&662.497646831685|73256&4&554.050721018938|73262&4&340.60118146611853|73263&4&923.0345772939078|73264&4&498.4903531997037|73266&4&8.717047848459766|73268&4&169.1866710893212|73269&4&250.7991954336795|73274&4&180.675285657695|73275&4&1269.8757980629375|73280&4&200.8655872269713|73285&4&543.1563995351762|73288&4&125.2829980378426|73289&4&-3.774758283725532E-15|73297&4&45.71474125336431|73305&4&45.552313571242344|73306&4&-2.886579864025407E-15|73308&4&45.44587145630146,2|73204&4&97.2160723411834|73205&4&192.21045071386513|73214&4&18.568103601115006|73221&4&893.8553162305213|73224&4&690.6337471029267|73226&4&301.62053878986984|73231&4&702.2006625977735|73237&4&221.76424247803436|73238&4&144.30956484509846|73239&4&80.62913402466127|73240&4&449.5786884438303|73244&4&570.0033425088039|73250&4&506.0203548663022|73252&4&379.59666163378705|73257&4&184.37161314275752|73265&4&365.77713559326514|73268&4&339.78260973934266|73271&4&212.6112170824144|73276&4&534.3564808570638|73289&4&66.83802474562627|73296&4&60.667459482729654|73300&4&106.18201347004512|73301&4&100.18259894619892|73303&4&32.99952147897184|73304&4&37.34675844266954,2|73190&4&236.4273094942133|73203&4&434.36150923808265|73206&4&89.53872136593151|73209&4&777.9956128975408|73214&4&581.5977884361562|73218&4&194.13952816787196|73230&4&16.49062486139084|73235&4&214.46651488048735|73239&4&285.0091016874107|73242&4&229.28525842689447|73244&4&198.77332858624317|73251&4&463.6230862572138|73252&4&32.95296206048977|73253&4&1022.9115016150321|73271&4&36.28157635508859|73277&4&72.79479314185411|73300&4&26.305987360841595|73301&4&10.935438802530607|73303&4&18.44094836472051|73307&4&21.63411253443627
85|4,130,1,1,1,1,1,1,1,1,1,1,1,1,1,1,1,1,1,1,1,1,1,1,1,1,1,1,1,1,1,1,1,1,1,1,1,1,1,1,1,1,1,1,1,1,1,1,1,1,1,1,1,1,1,1,1,1,1,1,1,1,1,1,1,1,1,1,1,1,1,1,1,1,1,1,1,1,1,1,1,1,1,1,1,1,1,1,1,1,1,1,1,1,1,1,1,1,1,1,1,1,0,0,0,0,0,0,0,0,0,0,0,0,0,0,0,0,0,0,0,0,2|73210&4&192.56070964196988|73211&4&387.86662082270226|73217&4&81.27453313109248|73222&4&158.77339528191163|73228&4&563.6176790883021|73230&4&672.9536569270304|73245&4&516.3783714882532|73246&4&924.8734632027152|73248&4&829.1189182758997|73266&4&836.9715502391286|73289&4&23.74485474493294|73296&4&45.63344387488628,2|73191&4&234.76795420586467|73195&4&856.7906506848235|73201&4&795.5192650145156|73202&4&134.4797512580652|73206&4&567.0100354947313|73207&4&713.2879650028899|73208&4&656.9186191440639|73216&4&418.0878542791083|73219&4&51.81420235353801|73222&4&719.2270078460076|73223&4&48.10396382357648|73229&4&1007.931748299067|73232&4&531.964666875172|73241&4&43.97696154623168|73242&4&583.0291442048751|73245&4&10.637163898558143|73251&4&370.8479512720866|73255&4&373.193057619034|73257&4&65.04545916844242|73284&4&217.1640440774935|73286&4&551.5766056680941|73293&4&97.27209399893385|73304&4&32.98043876435109|73307&4&97.11808340286237|73308&4&68.32428812676855,2|73189&4&542.5232309796746|73193&4&180.63284595382885|73202&4&2.1103109426652367|73204&4&746.2770831633503|73215&4&887.245133886539|73217&4&206.80737606652207|73218&4&380.6499648841652|73230&4&-1.4210854715202004E-14|73233&4&1.3322676295501878E-14|73237&4&322.47632946895726|73247&4&227.07876618752755|73257&4&88.64469675488432|73260&4&203.68338999275613|73271&4&440.3987378131033|73278&4&1707.8803521963305|73279&4&541.3584069866318|73282&4&136.42479717644653|73296&4&30.758922119477205|73302&4&50.41299915074695,2|73189&4&152.25149196873576|73190&4&60.66599748865438|73191&4&6.278829138626123|73193&4&200.10875461189383|73198&4&501.8006299006714|73199&4&7.993605777301127E-15|73200&4&344.6632293578678|73203&4&73.0176919801929|73204&4&175.16871182875258|73211&4&407.92480259146424|73219&4&112.4381678543335|73226&4&43.89666706817819|73232&4&91.46185589676556|73235&4&315.13121345169395|73236&4&684.4352803816242|73241&4&220.38564681467312|73250&4&359.46944847414886|73252&4&316.3313819741712|73260&4&94.57812614129891|73261&4&851.0294554189256|73262&4&141.68474823506634|73267&4&207.39589202615974|73270&4&23.051382808380268|73272&4&48.58794378785301|73276&4&604.9204352312365|73280&4&8.43769498715119E-15|73284&4&88.15526306112733|73286&4&108.58321732362623|73288&4&468.1130092391279|73292&4&34.779892617037554|73293&4&47.017715824559325|73297&4&172.49074684176597|73301&4&112.82319669827159|73302&4&33.98431315903805|73305&4&103.06448823484499|73308&4&31.125219209654468,2|73192&4&345.1006074185528|73196&4&41.03344443829975|73199&4&534.3545525416821|73208&4&153.02091049914017|73209&4&260.5116241879609|73210&4&545.7883356473734|73225&4&164.05516120897832|73233&4&903.6742988192294|73234&4&141.18372595554047|73239&4&540.6248169409212|73243&4&524.4097013850756|73249&4&227.4709584140898|73250&4&225.35104134239248|73255&4&375.36268069031905|73257&4&576.219126594216|73262&4&391.288341931956|73267&4&115.13727342065629|73270&4&327.5237563044427|73272&4&362.66715490556095|73280&4&465.0049126670388|73282&4&468.48856526356957|73296&4&1.549425043157438|73304&4&68.27397191540774,2|73196&4&562.319029975402|73200&4&408.71674804511906|73204&4&94.76279128851047|73212&4&209.4145740558539|73217&4&693.5670450650576|73220&4&190.82186045651596|73224&4&171.6900409325287|73254&4&748.9435633821347|73260&4&130.7418557172279|73268&4&546.2793103537097|73270&4&985.2952303949767|73271&4&119.04165628509887|73283&4&161.71977866035806|73285&4&171.27232096221388|73287&4&136.66966882332767|73294&4&71.36741252153955|73296&4&50.49634511475467|73302&4&30.578027963048726|73304&4&21.961874067759346,2|73190&4&398.9521898763184|73197&4&243.31254184553273|73200&4&46.86812129076196|73205&4&236.9220227532656|73208&4&449.5110548682885|73212&4&229.90943136666465|73213&4&559.9174749653905|73216&4&162.84393283328103|73219&4&643.7550435100666|73221&4&36.653437423910255|73223&4&574.2079773975768|73227&4&142.78288303458498|73228&4&239.0401369370559|73237&4&335.2509274207844|73238&4&665.0916307062809|73241&4&345.9163429800297|73243&4&342.22534555537476|73245&4&399.28952120426743|73252&4&238.91251217958478|73253&4&3.552713678800501E-14|73259&4&268.4181659309862|73260&4&428.95230376202454|73267&4&276.07573076813816|73273&4&732.344206212244|73281&4&227.4847489721376|73288&4&302.63921372128914|73289&4&120.07193902448526|73291&4&11.330570743617585|73292&4&118.10961440748531|73294&4&57.157457159474816|73298&4&38.363135972772675|73303&4&43.55324203640504|73304&4&89.08217462899836,2|73191&4&219.02410740011535|73192&4&374.6578968176919|73194&4&58.964544974317924|73197&4&83.79388175096653|73204&4&114.85507360558287|73207&4&322.58166757111854|73216&4&180.83988407124966|73218&4&148.85932101999876|73232&4&98.35776044106439|73237&4&21.093744437333108|73240&4&392.01430214783056|73244&4&68.29251280811954|73246&4&19.91641510360929|73249&4&740.624173320402|73256&4&588.9896901445483|73262&4&316.51856905531577|73263&4&980.4614105952766|73264&4&467.2116573642601|73266&4&3.0458398168835976|73268&4&262.7285584760575|73269&4&237.87226293225388|73274&4&168.83567773512465|73275&4&1246.2294702001623|73280&4&284.18599347631357|73285&4&473.0809594652554|73288&4&116.47786634225494|73297&4&43.42900419069609|73305&4&43.27469789268023|73308&4&42.40950319753655,2|73196&4&120.84443511027644|73204&4&88.378247582894|73205&4&172.63813876321885|73214&4&17.47586221281412|73221&4&887.9611797041587|73224&4&717.98015460398|73226&4&277.36888799443244|73231&4&626.3357743048258|73237&4&197.49742715083642|73238&4&129.74103535530412|73239&4&58.044979367333305|73240&4&396.65624461274217|73244&4&532.9423113276057|73250&4&470.1349098273592|73252&4&350.96200390721174|73257&4&168.6874118195488|73265&4&483.2736030450986|73268&4&287.9845796840509|73271&4&193.9834563099053|73276&4&463.8436669945568|73289&4&61.5387736123563|73296&4&57.09878539551026|73300&4&99.43650327195004|73301&4&92.94844087378867|73303&4&29.777317734506305|73304&4&33.95159858424504,2|73190&4&211.09809274564918|73203&4&392.09243755681985|73206&4&72.78503163689696|73209&4&689.5673640945504|73214&4&516.5475624481949|73218&4&415.3059868575202|73230&4&10.361564426072128|73235&4&192.02207682992912|73239&4&254.70522589729353|73242&4&328.84497913245684|73244&4&174.10929627999593|73251&4&466.8211303908024|73252&4&20.849366894248583|73253&4&1061.0879060674065|73271&4&103.32794671295449|73277&4&68.39407678414202|73300&4&22.716753398259385|73301&4&6.948292133192067|73303&4&44.16801602514046|73307&4&20.495475032623833
86|4,130,1,1,1,1,1,1,1,1,1,1,1,1,1,1,1,1,1,1,1,1,1,1,1,1,1,1,1,1,1,1,1,1,1,1,1,1,1,1,1,1,1,1,1,1,1,1,1,1,1,1,1,1,1,1,1,1,1,1,1,1,1,1,1,1,1,1,1,1,1,1,1,1,1,1,1,1,1,1,1,1,1,1,1,1,1,1,1,1,1,1,1,1,1,1,1,1,1,1,1,1,0,0,0,0,0,0,0,0,0,0,0,0,0,0,0,0,0,0,0,0,2|73210&4&160.39946151044205|73211&4&332.62627822875726|73217&4&67.72877760924375|73222&4&129.45009408585315|73228&4&502.2571193089858|73230&4&609.2920606816962|73238&4&28.421877551541115|73245&4&460.4835790601781|73246&4&982.4835359719873|73248&4&777.7395458029509|73266&4&812.826481846776|73285&4&110.29266473296354|73289&4&19.28870557304802|73296&4&43.16093749214395,2|73191&4&204.10332235755064|73195&4&785.1431479067714|73201&4&722.8578038722691|73202&4&126.5691776546496|73206&4&564.259560730474|73207&4&629.6272006386602|73208&4&601.7706306815662|73216&4&382.51673360149516|73219&4&47.82849448018893|73222&4&731.4614684298878|73223&4&35.454729331874326|73229&4&994.2341116230682|73232&4&552.6537606857157|73241&4&41.39008145527687|73242&4&513.672900689424|73245&4&5.424733483964571|73251&4&326.55895808274533|73255&4&318.40072718483515|73257&4&43.93369745560085|73284&4&200.52234788226076|73286&4&478.9643429212273|73293&4&87.7402933872285|73304&4&25.28726738595947|73307&4&86.59952394816804|73308&4&56.03156639366523,2|73189&4&477.20519567278035|73193&4&145.05136371709997|73202&4&105.0630116612106|73204&4&699.1839269432428|73215&4&825.2778931241321|73217&4&177.7029573132715|73218&4&350.51567970975765|73230&4&58.29989581845223|73237&4&298.92524653409754|73247&4&214.7066480817941|73257&4&78.67756832296206|73260&4&166.9870411035895|73271&4&412.6993704332166|73278&4&1838.8628736838418|73279&4&566.0492750685457|73282&4&204.74176569098782|73296&4&26.461117150036895|73302&4&45.73915633873187,2|73189&4&144.13224990597442|73190&4&42.69185051507924|73191&4&5.1514348342607263E-14|73193&4&187.59805610368818|73198&4&469.08556098114985|73200&4&325.16540634633304|73203&4&68.17488062509636|73204&4&148.37252962936998|73211&4&382.94419293763735|73219&4&100.45906910500503|73226&4&41.58631616985302|73232&4&69.09372940356991|73235&4&296.0917639034141|73236&4&730.9199713626142|73241&4&277.8104965845488|73250&4&339.3945128957607|73252&4&299.1558155061386|73258&4&58.90126302854022|73260&4&89.60033002859896|73261&4&781.2436368384391|73262&4&109.95942986106353|73267&4&196.7769535534583|73270&4&8.905214398350646|73272&4&30.128228443819104|73276&4&565.7531435292117|73284&4&82.96965935164926|73286&4&224.7127414928736|73288&4&495.7914606482747|73292&4&29.744553041548194|73293&4&44.405620500972695|73297&4&161.3521893686484|73301&4&102.05058386196822|73302&4&31.978878241246722|73305&4&93.58035287265207|73308&4&78.71055087499892,2|73192&4&324.9874080488189|73196&4&38.749967554048524|73199&4&486.0551953934102|73208&4&115.57973901145856|73209&4&452.2584481087813|73210&4&533.9125017979314|73225&4&154.4048576084502|73233&4&826.9665064818005|73234&4&132.63415519490832|73239&4&509.7507825770099|73243&4&492.1160722377706|73249&4&179.60584046115497|73250&4&184.09004335605619|73255&4&385.47941641504605|73257&4&756.9905768391118|73262&4&370.040823607269|73267&4&108.5144298212165|73270&4&284.0814828407214|73272&4&341.89822018837094|73280&4&408.33434724925274|73282&4&413.697542107087|73296&4&0.774712521578719|73304&4&63.47980265974024,2|73196&4&492.2882745420237|73200&4&350.8682137181541|73204&4&86.14799208046406|73212&4&167.60207617719098|73217&4&651.5205035260166|73220&4&305.46059172322884|73224&4&139.14381585682807|73254&4&702.6969254442477|73260&4&227.06860354438408|73267&4&46.12121364175596|73268&4&507.32290649742174|73270&4&1172.1034719647066|73271&4&84.1442320737022|73272&4&154.42425041949224|73283&4&159.11196930789515|73285&4&160.32864521931666|73287&4&129.8361853821613|73294&4&67.12126294418417|73296&4&46.52930297158389|73302&4&29.04912656489629|73304&4&20.05462486614328,2|73190&4&376.30177884060765|73197&4&255.5460145497363|73200&4&43.938863710089336|73205&4&224.13905163671654|73208&4&457.8936632778123|73212&4&354.31587200784475|73213&4&492.7019656780387|73216&4&135.84785490977862|73219&4&605.169594057053|73221&4&23.1278932845078|73223&4&562.3264471975376|73227&4&131.64719703174882|73228&4&225.38716795943446|73237&4&380.2649714657597|73238&4&606.947089614003|73241&4&313.30281730403993|73243&4&297.17000905302115|73245&4&440.9908995527054|73252&4&209.4663476916349|73259&4&372.6460284829143|73260&4&396.83530453753116|73267&4&245.60423685164747|73273&4&691.6351994213683|73281&4&215.0527200352251|73288&4&262.4819693800763|73289&4&112.95866755084712|73291&4&10.426807918626404|73292&4&110.39449256595861|73294&4&50.626208794807916|73298&4&35.67458309569298|73303&4&40.39948670399421|73304&4&84.11055420104734,2|73191&4&207.2654941070233|73192&4&321.79299630817206|73194&4&56.01631772560203|73197&4&57.19930347161725|73204&4&108.85855752287604|73207&4&305.01360235349614|73216&4&239.85229894983684|73218&4&115.4787794600235|73232&4&90.79177886867481|73237&4&15.363070353160934|73240&4&474.02671208760734|73244&4&50.82259026326177|73246&4&8.234377321593811|73249&4&941.5046069843679|73256&4&684.0008246178861|73262&4&292.43595664451306|73263&4&959.8278328711519|73264&4&490.694723649324|73266&4&-1.865174681370263E-14|73268&4&339.7602440826886|73269&4&224.94533043082828|73274&4&258.01815284078555|73275&4&1139.326239004709|73280&4&269.1044167205206|73285&4&407.52187071874715|73288&4&107.6727346466673|73297&4&41.14326712802787|73305&4&40.997082214118116|73308&4&39.373134938771635,2|73196&4&375.6726123701553|73204&4&79.5404228246046|73205&4&153.06582681257254|73214&4&16.383620824513237|73221&4&933.0919234876076|73224&4&805.7768392601628|73226&4&253.11723719899499|73231&4&553.6719534088603|73237&4&173.23061182363853|73238&4&115.17250586550975|73239&4&37.44137650186336|73240&4&345.94730723579823|73244&4&495.88128014640756|73250&4&434.2494647884163|73252&4&322.32734618063637|73257&4&153.0032104963401|73265&4&455.3261337614424|73268&4&242.46962436569987|73271&4&175.3556955373962|73276&4&396.53027384988764|73289&4&56.23952247908633|73296&4&53.53011130829087|73300&4&92.69099307385497|73301&4&85.71428280137842|73303&4&26.555113990040773|73304&4&30.556438725820538,2|73190&4&185.7688759970851|73195&4&60.18519315395349|73203&4&349.8233658755571|73206&4&56.03134190786241|73209&4&605.5721680625945|73214&4&455.3001790479846|73218&4&439.76990621650015|73230&4&4.232503990753413|73231&4&253.01836261935227|73235&4&169.57763877937091|73239&4&224.40135010717643|73242&4&311.6438213129664|73244&4&149.4452639737487|73251&4&439.3536768210113|73252&4&11.867581334952426|73253&4&1026.357883337335|73271&4&195.1952567157609|73277&4&63.99336042642992|73300&4&91.11003002857015|73301&4&2.9611454638535255|73303&4&40.49977625679141|73307&4&19.356837530811397
87|4,130,1,1,1,1,1,1,1,1,1,1,1,1,1,1,1,1,1,1,1,1,1,1,1,1,1,1,1,1,1,1,1,1,1,1,1,1,1,1,1,1,1,1,1,1,1,1,1,1,1,1,1,1,1,1,1,1,1,1,1,1,1,1,1,1,1,1,1,1,1,1,1,1,1,1,1,1,1,1,1,1,1,1,1,1,1,1,1,1,1,1,1,1,1,1,1,1,1,1,1,1,0,0,0,0,0,0,0,0,0,0,0,0,0,0,0,0,0,0,0,0,2|73210&4&132.63501302219413|73211&4&279.9742543860398|73217&4&54.18302208739502|73222&4&100.88933972428146|73228&4&443.41597372679615|73230&4&545.6304644363618|73238&4&129.54011492729973|73245&4&404.58878663210294|73246&4&892.7434955647132|73248&4&842.9309172170722|73266&4&875.5256333590955|73285&4&240.620872529805|73289&4&14.8325564011631|73296&4&40.68843110940163,2|73191&4&173.4386905092366|73195&4&713.9611586680911|73201&4&651.469653445471|73202&4&118.658604051234|73206&4&615.9233101598589|73207&4&553.1755171147945|73208&4&546.6226422190686|73216&4&347.6951281920654|73219&4&43.84278660683985|73222&4&807.0692192124122|73223&4&23.41812279483615|73229&4&1024.9440803342893|73232&4&513.8897925371101|73241&4&38.803201364322064|73242&4&445.9577223886671|73245&4&1.826618226907899|73251&4&285.0240198924037|73255&4&264.69468735738053|73257&4&27.74755011446569|73284&4&183.88065168702803|73286&4&411.63326641567517|73293&4&78.20849277552315|73304&4&17.594096007567856|73307&4&76.08096449347372|73308&4&45.3118622439093,2|73189&4&415.89498233686095|73193&4&110.08779846161738|73202&4&99.8045853007934|73204&4&652.090770723135|73215&4&758.6984782283125|73217&4&152.64452195154536|73218&4&320.38139453535024|73230&4&194.19132411483923|73237&4&275.3741635992378|73239&4&37.34729991914173|73247&4&195.2084831746485|73257&4&68.71043989103978|73260&4&130.3442945466398|73271&4&385.0000030533298|73278&4&1869.8280364286206|73279&4&573.5903711478625|73282&4&227.87650688133613|73296&4&22.163312180596588|73302&4&41.06531352671678,2|73189&4&152.98112566484681|73190&4&26.193403021498753|73193&4&175.0873575954826|73198&4&436.3704920616285|73200&4&305.66758333479834|73203&4&63.332069269999835|73204&4&123.1750143159112|73211&4&357.96358328381064|73219&4&88.47997035567653|73226&4&39.27596527152785|73232&4&48.01133385955703|73235&4&277.05231435513434|73236&4&766.5609935997586|73241&4&298.90231384796346|73250&4&319.3195773173725|73252&4&316.832362441813|73258&4&209.9999891803492|73260&4&84.62253391589901|73261&4&711.8159258377316|73262&4&79.75900525272709|73267&4&186.15801508075685|73270&4&3.093391671108091|73272&4&18.138461605282767|73276&4&526.5858518271866|73284&4&77.78405564217118|73286&4&411.6354254920549|73288&4&601.123799679799|73292&4&24.709213466058838|73293&4&41.793525177386066|73297&4&150.21363189553082|73301&4&91.27797102566487|73302&4&29.973443323455385|73305&4&84.09621751045918|73308&4&74.40884428172362,2|73192&4&315.4672302037308|73196&4&36.46649066979729|73199&4&508.91113129660096|73208&4&85.01265931161542|73209&4&618.2472560979018|73210&4&569.9111924454105|73225&4&144.75455400792205|73233&4&736.2820235378408|73234&4&124.08458443427615|73239&4&478.87674821309855|73243&4&459.82244309046575|73249&4&136.09534875537605|73250&4&148.03703297299944|73255&4&498.12928717717034|73257&4&761.865777601967|73262&4&348.7933052825821|73267&4&101.89158622177672|73270&4&240.63920937700007|73272&4&321.12928547118094|73280&4&357.28698672682845|73282&4&360.4863577654672|73296&4&0.0|73304&4&58.68563340407274,2|73196&4&428.3150330305853|73200&4&297.8563817410227|73204&4&77.53319287241766|73212&4&130.21236206490994|73217&4&739.8070331521347|73220&4&304.69192037757364|73224&4&108.98993699599879|73254&4&660.6408082850721|73260&4&243.550082481416|73267&4&105.07141047900078|73268&4&468.3665026411338|73270&4&1228.860141403883|73271&4&51.78459680999651|73272&4&146.70303789851764|73280&4&12.263184220928338|73283&4&198.00859668245243|73285&4&149.38496947641943|73287&4&123.00270194099491|73294&4&62.8751133668288|73296&4&42.5622608284131|73302&4&39.53620906501796|73303&4&29.71137287894345|73304&4&18.14737566452721,2|73190&4&352.60835121464214|73197&4&329.98733974095205|73200&4&41.00960612941671|73205&4&211.35608052016752|73208&4&514.7363364158306|73212&4&461.83084622820934|73213&4&431.9134438073362|73216&4&108.85177698627616|73219&4&566.5841446040397|73221&4&13.219530489804278|73223&4&606.7839216386121|73227&4&120.51151102891261|73228&4&211.73419898181305|73237&4&419.994893639477|73238&4&551.1010882231132|73241&4&280.68929162805017|73243&4&256.4362206114018|73245&4&508.6920568609649|73252&4&180.020183203685|73259&4&375.7653382843288|73260&4&364.7183053130377|73267&4&216.59847372177026|73273&4&746.6194736251817|73281&4&0.0|73288&4&223.14115931307128|73289&4&105.845396077209|73291&4&9.523045093635222|73292&4&102.67937072443192|73294&4&44.09496043014103|73298&4&32.98603021861328|73303&4&37.24573137158338|73304&4&79.13893377309631,2|73191&4&195.50688081393122|73192&4&269.29806224732795|73194&4&53.068090476886134|73197&4&36.40815551315977|73204&4&170.13277368090877|73207&4&287.4455371358738|73213&4&146.4889371895582|73216&4&354.78728201692513|73218&4&83.81235860429089|73232&4&83.22579729628524|73237&4&9.63239626898876|73240&4&447.0288965688321|73244&4&34.44366181258488|73246&4&2.5861243469688686|73249&4&988.6378213824682|73256&4&679.6622590654653|73261&4&49.70426666654902|73262&4&268.35334423371023|73263&4&1017.7859352701421|73264&4&604.4233691656805|73268&4&545.8640012631018|73269&4&212.01839792940265|73274&4&295.30800295898393|73275&4&1033.8540263940731|73280&4&254.02283996472767|73285&4&346.45882471189117|73288&4&98.86760295107963|73297&4&38.857530065359654|73305&4&79.71063456787513|73308&4&36.336766680006725,2|73196&4&523.3919945067635|73204&4&70.7025980663152|73205&4&133.49351486192623|73214&4&15.291379436212354|73221&4&960.3891909088464|73224&4&844.2026649224687|73226&4&228.86558640355753|73231&4&486.2364501006933|73237&4&148.96379649644058|73238&4&100.60397637571538|73239&4&19.845407194098705|73240&4&299.5418691432127|73244&4&458.82024896520943|73250&4&398.3640197494732|73252&4&293.69268845406106|73257&4&137.3190091731314|73265&4&427.37866447778623|73268&4&202.21015488984895|73271&4&156.7279347648871|73276&4&334.87958479600576|73287&4&21.627043502683648|73289&4&50.940271345816384|73296&4&49.96143722107148|73300&4&85.94548287575986|73301&4&78.48012472896816|73303&4&23.332910245575235|73304&4&27.161278867396035,2|73190&4&160.43965924852102|73195&4&91.04621987309736|73203&4&307.5542941942944|73206&4&39.76506519427288|73209&4&526.51294918726|73214&4&395.71287674631316|73218&4&416.2335296770907|73230&4&7.105427357601002E-15|73231&4&415.3236368756644|73235&4&147.13320072881268|73239&4&194.09747431705932|73242&4&377.2180491191209|73244&4&124.78123166750143|73251&4&411.88622325122014|73252&4&3.8208713857895855|73253&4&1084.4947914686131|73262&4&42.97919881717678|73271&4&275.13781094032754|73277&4&68.09598123736923|73296&4&26.06821832088383|73300&4&106.00349205846231|73301&4&6.217248937900877E-15|73303&4&36.83153648844235|73307&4&18.21820002899896
88|4,130,1,1,1,1,1,1,1,1,1,1,1,1,1,1,1,1,1,1,1,1,1,1,1,1,1,1,1,1,1,1,1,1,1,1,1,1,1,1,1,1,1,1,1,1,1,1,1,1,1,1,1,1,1,1,1,1,1,1,1,1,1,1,1,1,1,1,1,1,1,1,1,1,1,1,1,1,1,1,1,1,1,1,1,1,1,1,1,1,1,1,1,1,1,1,1,1,1,1,1,1,0,0,0,0,0,0,0,0,0,0,0,0,0,0,0,0,0,0,0,0,2|73210&4&108.86776419648177|73211&4&231.53181903071388|73217&4&40.637266565546284|73222&4&74.86470073110809|73228&4&387.91045536604213|73230&4&481.96886819102747|73238&4&258.16694319915973|73245&4&348.6939942040278|73246&4&803.0034551574388|73248&4&888.5610018840356|73266&4&856.1755354047965|73272&4&70.14920489088928|73285&4&332.239193214852|73289&4&10.700071515031922|73296&4&38.215924726659296,2|73191&4&142.7740586609226|73195&4&644.7467576311609|73201&4&580.0815030186728|73202&4&110.7480304478184|73206&4&610.9069094258517|73207&4&480.35716658100114|73208&4&491.4746537565708|73216&4&315.58110779906355|73219&4&39.85707873349077|73222&4&825.8647275823597|73223&4&13.32215665813224|73229&4&1041.051291113955|73232&4&475.12582438850444|73241&4&36.21632127336726|73242&4&382.83110756144765|73245&4&0.0|73251&4&243.4890817020621|73255&4&215.15971741844365|73257&4&17.798498861492394|73284&4&167.23895549179534|73286&4&350.1758986615072|73293&4&68.67669216381778|73304&4&12.924721528724422|73307&4&66.9449660874609|73308&4&36.70189553986424,2|73189&4&358.75171228308665|73193&4&123.00712887325358|73202&4&94.5461589403762|73204&4&604.9976145030273|73215&4&692.6634484634164|73217&4&128.34793704295265|73218&4&290.2471093609427|73230&4&395.51346158167763|73237&4&251.8230806643781|73239&4&251.24235870203165|73240&4&76.96267595307057|73247&4&178.47328303242583|73257&4&58.743311459117514|73260&4&97.23729416815182|73271&4&357.300635673443|73278&4&1976.7296547198423|73279&4&527.7909097696606|73282&4&243.04054457420995|73288&4&70.85370393398892|73296&4&17.865507211156277|73301&4&7.646545942685293|73302&4&36.3914707147017,2|73189&4&144.01347771100376|73190&4&12.476675333691041|73193&4&162.57665908727697|73198&4&471.9887432415454|73200&4&334.4321887861538|73203&4&58.489257914903305|73204&4&100.00142878799855|73211&4&332.9829736299838|73219&4&76.50087160634806|73226&4&36.96561437320268|73232&4&29.51609629179648|73235&4&258.01286480685457|73236&4&704.0299785503539|73241&4&321.92956159579535|73250&4&299.2446417389843|73252&4&391.84050325619387|73258&4&281.93052637850485|73260&4&79.64473780319906|73261&4&645.3443227198444|73262&4&54.329752819031214|73267&4&175.53907660805544|73270&4&-1.865174681370263E-14|73272&4&12.278932599804545|73276&4&697.5969147147902|73284&4&72.59845193269311|73286&4&440.85869550742035|73288&4&564.9059022229794|73292&4&19.673873890569478|73293&4&39.181429853799436|73297&4&139.07507442241322|73301&4&80.5053581893615|73302&4&27.968008405664047|73305&4&74.61208214826628|73308&4&108.59674755604304,2|73192&4&313.4737136619016|73196&4&34.18301378554605|73199&4&455.9353898358096|73208&4&60.65888453769752|73209&4&750.2412276150632|73210&4&534.4102332321087|73225&4&135.10425040739392|73233&4&650.2144533674617|73234&4&115.535013673644|73239&4&448.0027138491873|73243&4&427.5288139431609|73249&4&97.3236165158932|73250&4&117.13790056538295|73255&4&643.1563816968771|73257&4&787.4738477832232|73262&4&327.54578695789513|73267&4&95.26874262233693|73270&4&197.19693591327874|73272&4&300.360350753991|73280&4&310.9722681431612|73282&4&312.90990289453197|73304&4&53.891464148405234,2|73196&4&369.1333864062387|73200&4&250.83382413759745|73204&4&68.91839366437125|73212&4&97.54630233010695|73217&4&806.5366706070198|73220&4&394.09542036717585|73224&4&81.77765657046533|73254&4&818.6132849062951|73260&4&230.46170947722652|73267&4&235.47693557711813|73268&4&429.41009878484596|73270&4&1226.0536122146607|73271&4&25.594790908515407|73272&4&138.98182537754303|73280&4&203.63778603326944|73283&4&269.10564713707726|73285&4&138.44129373352223|73287&4&116.16921849982853|73294&4&58.62896378947341|73296&4&38.59521868524232|73302&4&50.23482079644939|73303&4&48.23720692475827|73304&4&16.24012646291114,2|73190&4&441.8841940205667|73197&4&502.6387027711169|73200&4&38.080348548744084|73205&4&198.5731094036185|73208&4&555.9136335818141|73212&4&562.685157090348|73213&4&377.83706905883577|73216&4&81.85569906277371|73219&4&527.998695151026|73221&4&5.7447122205955115|73223&4&610.5647075291448|73227&4&109.37582502607641|73228&4&198.08123000419164|73237&4&394.2800753793136|73238&4&498.8668547230552|73241&4&248.0757659520604|73243&4&216.04023804981696|73245&4&571.8340421712394|73252&4&150.57401871573512|73259&4&450.89484212602724|73260&4&502.121374611171|73261&4&16.677540004080242|73267&4&191.93514603915457|73273&4&731.9695600146126|73281&4&81.19131224862332|73288&4&187.72181669301733|73289&4&98.7321246035709|73291&4&8.61928226864404|73292&4&94.96424888290522|73294&4&37.56371206547413|73298&4&30.29747734153359|73303&4&34.09197603917256|73304&4&74.16731334514527,2|73191&4&183.74826752083914|73192&4&220.13609862716433|73194&4&50.11986322817024|73197&4&22.457566686187217|73204&4&237.15228439200547|73207&4&269.87747191825133|73213&4&396.59022226473235|73216&4&440.10148238467593|73218&4&57.45478873989504|73232&4&75.65981572389566|73237&4&4.511572869761456|73240&4&420.03108105005697|73244&4&19.774251060139306|73246&4&0.0|73249&4&942.4459833542026|73256&4&643.2704828295143|73261&4&47.21905333322157|73262&4&244.27073182290752|73263&4&961.7922116508196|73264&4&563.0193137513199|73268&4&585.0352327737473|73269&4&199.09146542797703|73274&4&294.64277430400136|73275&4&983.2802251695089|73280&4&238.94126320893474|73285&4&290.4718106736235|73288&4&90.06247125549197|73297&4&58.25280426818739|73305&4&75.38346048769708|73308&4&33.30039842124181,2|73196&4&501.7463279206863|73204&4&61.8647733080258|73205&4&113.92120291127993|73214&4&0.0|73221&4&958.2818491063557|73224&4&782.5790021269016|73226&4&204.61393560812007|73231&4&425.12682124963084|73237&4&124.69698116924263|73238&4&86.03544688592102|73239&4&6.27154758609422|73240&4&255.91159580345803|73244&4&527.6493212281929|73250&4&362.4785747105302|73252&4&265.05803072748574|73257&4&121.63480784992267|73265&4&399.43119519413|73268&4&170.14340202883838|73271&4&138.100173992378|73276&4&276.3908966551626|73287&4&41.02576313149791|73289&4&45.641020212546415|73296&4&46.392763133852085|73300&4&79.19997267766479|73301&4&71.2459666565579|73303&4&20.110706501109696|73304&4&23.766119008971533,2|73190&4&135.11044249995695|73195&4&86.3434458965576|73203&4&265.2852225130317|73206&4&25.184528920690422|73207&4&68.36482529726324|73209&4&453.0282761781583|73214&4&0.0|73218&4&392.69715313768125|73231&4&423.7131431381632|73235&4&124.68876267825448|73239&4&163.79359852694225|73242&4&415.66711443369127|73244&4&100.11719936125418|73251&4&384.41876968142896|73252&4&0.0|73253&4&1125.17031309382|73262&4&40.83023887631794|73271&4&260.5216952965716|73277&4&63.27009802122457|73296&4&45.61846287254268|73300&4&97.71104149012952|73303&4&33.2814155771172|73307&4&18.532523928109484
89|4,130,1,1,1,1,1,1,1,1,1,1,1,1,1,1,1,1,1,1,1,1,1,1,1,1,1,1,1,1,1,1,1,1,1,1,1,1,1,1,1,1,1,1,1,1,1,1,1,1,1,1,1,1,1,1,1,1,1,1,1,1,1,1,1,1,1,1,1,1,1,1,1,1,1,1,1,1,1,1,1,1,1,1,1,1,1,1,1,1,1,1,1,1,1,1,1,1,1,1,1,1,0,0,0,0,0,0,0,0,0,0,0,0,0,0,0,0,0,0,0,0,2|73210&4&86.46047489309939|73211&4&187.70809449097624|73217&4&27.091511043697555|73222&4&52.438042484922626|73228&4&479.92586810094855|73230&4&426.59278394525586|73238&4&369.32194847174884|73245&4&292.7992017759527|73246&4&713.2634147501645|73248&4&957.2416773963282|73266&4&835.051719647755|73272&4&66.64174464634482|73285&4&433.6419185920421|73289&4&7.175352510519437|73296&4&35.74341834391697,2|73191&4&113.0831214029|73195&4&580.2653967536348|73201&4&514.2517445183073|73202&4&102.8374568444028|73206&4&661.9325129052883|73207&4&415.3552003369003|73208&4&436.3266652940731|73216&4&283.46708740606175|73219&4&35.871370860141695|73220&4&13.197198818211668|73222&4&760.7923950646405|73223&4&4.5045424719961025|73229&4&1113.7353384052926|73231&4&79.49403095019983|73232&4&505.4133745805869|73241&4&33.62944118241245|73242&4&322.44934135854936|73251&4&201.95414351172053|73255&4&245.1982077179695|73257&4&9.868109885147987|73267&4&66.12012908853856|73284&4&150.59725929656264|73286&4&294.9642271669356|73293&4&89.27031979296892|73304&4&8.974719915950974|73307&4&58.33914523008008|73308&4&29.066952896243272,2|73189&4&303.870532667072|73193&4&207.6875601253318|73195&4&28.527383640158632|73202&4&89.287732579959|73204&4&557.9044582829197|73210&4&40.38207842367001|73215&4&643.5194935574518|73217&4&104.05135213435992|73218&4&260.11282418653525|73230&4&569.2541925413345|73237&4&228.2719977295184|73239&4&238.5868725171322|73240&4&73.11454215541704|73247&4&158.83696988703406|73257&4&48.776183027195245|73260&4&68.6848685018579|73271&4&530.2598598348911|73278&4&1988.5400164286905|73279&4&481.99144839145896|73282&4&413.2451773032444|73288&4&144.64423349731646|73296&4&13.567702241715967|73300&4&13.628704442656385|73301&4&30.43293760963782|73302&4&31.71762790268661,2|73189&4&135.04582975716073|73190&4&3.067590038942523|73193&4&150.06596057907134|73198&4&475.7902792305978|73200&4&312.5212443514746|73203&4&53.646446559806776|73204&4&77.88063036254384|73211&4&342.90565643356354|73219&4&64.52177285701957|73226&4&173.29443123858277|73232&4&12.990605975780246|73235&4&238.9734152585748|73236&4&679.4843985823816|73241&4&303.58131847037976|73250&4&279.1697061605961|73252&4&469.73803227800437|73258&4&267.15438427117886|73260&4&74.66694169049912|73261&4&579.5566803195723|73262&4&30.877295190016646|73267&4&164.92013813535402|73272&4&7.866883506831348|73276&4&746.0041239025929|73284&4&67.41284822321504|73286&4&644.9007480406659|73288&4&528.6880047661598|73292&4&14.973290154130545|73293&4&36.56933453021281|73297&4&127.93651694929564|73301&4&69.73274535305814|73302&4&25.962573487872714|73305&4&65.48405310299533|73308&4&128.23304118355134,2|73191&4&34.55203309883609|73192&4&463.4878961249141|73196&4&31.89953690129482|73199&4&403.67132249529334|73208&4&40.11408991678354|73209&4&799.2862362153193|73210&4&498.90927401880685|73225&4&125.45394680686579|73233&4&566.6618965709151|73234&4&106.98544291301185|73239&4&417.12867948527594|73243&4&401.09801878364095|73249&4&65.57527402277427|73250&4&89.68940193830167|73255&4&606.3609995971267|73257&4&735.7735162762318|73262&4&306.29826863320824|73267&4&88.64589902289714|73270&4&153.7546624495574|73272&4&279.591416036801|73280&4&267.5918979668235|73282&4&268.0534999370712|73304&4&49.097294892737736,2|73196&4&316.5514125513684|73200&4&210.71695348781017|73204&4&60.303594456324845|73212&4&70.48134337272626|73217&4&749.8046825320255|73220&4&370.0919759100952|73224&4&58.678729169673886|73254&4&803.456323697869|73260&4&217.37333647303706|73267&4&223.31934208625512|73268&4&390.45369492855804|73270&4&1141.3123715128004|73271&4&8.527881103760828|73272&4&131.26061285656843|73280&4&287.6849631324508|73283&4&248.83413058878799|73285&4&127.49761799062502|73287&4&109.33573505866215|73294&4&54.38281421211804|73296&4&34.628176542071536|73302&4&67.5213618233481|73303&4&45.751068146323|73304&4&14.33287726129507,2|73189&4&96.79266037143083|73190&4&608.0575608547595|73197&4&500.9783082447124|73200&4&100.79252683505297|73205&4&185.79013828706945|73208&4&655.5103726421615|73212&4&621.1018597620753|73213&4&330.8393293556623|73216&4&57.80371816386743|73219&4&489.4132456980124|73221&4&2.3092638912203256E-14|73223&4&689.1038853061226|73227&4&98.24013902324022|73228&4&184.4282610265702|73237&4&368.56525711915003|73238&4&456.6513932924365|73241&4&218.4917754646777|73243&4&176.65951281179565|73245&4&680.0052646352456|73251&4&70.44720039484497|73252&4&121.12785422778524|73259&4&536.3487240498603|73260&4&683.8075747426193|73261&4&15.84366300387623|73267&4&172.6247046011089|73273&4&906.6363747258058|73281&4&77.13174663619215|73288&4&154.2118014035396|73289&4&91.61885312993279|73291&4&7.715519443652858|73292&4&87.24912704137853|73294&4&31.03246370080724|73298&4&27.608924464453892|73303&4&30.93822070676173|73304&4&69.19569291719424,2|73191&4&171.98965422774705|73192&4&175.39806956653086|73194&4&47.171635979454344|73197&4&15.245455017638324|73204&4&311.2098370562662|73207&4&252.30940670062898|73213&4&458.80385344428396|73216&4&415.308415586553|73218&4&36.27256619440274|73232&4&68.09383415150609|73237&4&1.1351825086159588|73240&4&393.0332655312818|73244&4&6.823445869398194|73249&4&980.6802111378264|73256&4&705.5505643507689|73261&4&44.733839999894116|73262&4&220.18811941210475|73263&4&875.8250605898512|73264&4&521.6152583369595|73268&4&551.8602565733532|73269&4&186.16453292655143|73274&4&274.09630854398006|73275&4&882.7243317909662|73280&4&223.85968645314182|73285&4&239.6104066925253|73288&4&81.25733955990432|73297&4&79.01851356128398|73305&4&71.056286407519|73308&4&30.264030162476896,2|73196&4&586.1717540153556|73204&4&53.0269485497364|73205&4&94.34889096063363|73221&4&930.4888484320525|73224&4&720.9553393313347|73226&4&180.36228481268267|73231&4&367.46909324325986|73237&4&100.43016584204473|73238&4&71.46691739612666|73239&4&4.085620730620576E-14|73240&4&214.12799010526334|73244&4&659.3672799640742|73250&4&326.5931296715871|73252&4&236.42337300091043|73257&4&345.06996175180234|73265&4&371.4837259104738|73268&4&140.61274466437013|73271&4&119.4724132198689|73276&4&225.70799482058152|73287&4&38.92040736616631|73289&4&40.341769079276446|73296&4&42.82408904663269|73300&4&72.45446247956971|73301&4&64.01180858414764|73303&4&16.888502756644158|73304&4&20.37095915054703,2|73190&4&109.78122575139285|73195&4&81.64067192001784|73203&4&223.70635884265337|73206&4&13.252515523974868|73207&4&146.6596847705008|73209&4&385.9677217969694|73218&4&404.49215393067664|73231&4&400.8250036871901|73235&4&102.24432462769627|73239&4&133.48972273682512|73242&4&594.526143953625|73244&4&75.45316705500693|73251&4&356.95131611163777|73253&4&1108.5981292036402|73262&4&96.08016538712873|73271&4&245.90557965281556|73277&4&58.44421480507991|73296&4&43.27236918311333|73300&4&89.67519938692467|73303&4&30.00727012959725|73307&4&17.3212383562509
90|4,130,1,1,1,1,1,1,1,1,1,1,1,1,1,1,1,1,1,1,1,1,1,1,1,1,1,1,1,1,1,1,1,1,1,1,1,1,1,1,1,1,1,1,1,1,1,1,1,1,1,1,1,1,1,1,1,1,1,1,1,1,1,1,1,1,1,1,1,1,1,1,1,1,1,1,1,1,1,1,1,1,1,1,1,1,1,1,1,1,1,1,1,1,1,1,1,1,1,1,1,1,0,0,0,0,0,0,0,0,0,0,0,0,0,0,0,0,0,0,0,0,2|73210&4&64.70896027973004|73211&4&150.14252948530049|73216&4&5.220084846436009|73217&4&13.545755521848825|73222&4&34.257067374280666|73228&4&524.7764895996993|73230&4&379.73102136411944|73238&4&418.9186913590443|73245&4&241.87821678089438|73246&4&626.0449749494296|73248&4&871.4951868239084|73266&4&821.9172218710461|73272&4&63.13428440180036|73285&4&410.1936007318418|73289&4&4.324362994488162|73296&4&54.33418651661088,2|73191&4&83.45079626592282|73195&4&519.2987231275807|73199&4&167.50288472819204|73201&4&477.73825804946557|73202&4&94.9268832409872|73206&4&790.5374615767332|73207&4&357.5493146200039|73208&4&381.1786768315754|73216&4&251.3530670130599|73217&4&123.31347135120876|73219&4&31.885662986792617|73220&4&37.53685082642883|73222&4&695.7200625469216|73223&4&1.2434497875801753E-14|73229&4&1041.69577673566|73231&4&75.51932940268983|73232&4&734.6654809627662|73241&4&31.042561091457646|73242&4&269.2351249777747|73251&4&160.41920532137894|73255&4&363.640141728952|73257&4&4.934054942573988|73267&4&62.814122634111634|73284&4&133.95556310132991|73286&4&247.24545615501603|73293&4&100.78251831916079|73304&4&5.074173055259752|73307&4&50.561647122618766|73308&4&22.308408004295742,2|73189&4&254.91309035900412|73193&4&220.2320289983002|73195&4&86.85721354240769|73202&4&84.0293062195418|73204&4&510.811302062812|73210&4&132.91251799421724|73215&4&638.6751996318885|73217&4&79.75476722576721|73218&4&229.97853901212778|73230&4&595.527224567933|73237&4&204.72091479465865|73239&4&225.9313863322328|73240&4&69.26640835776351|73247&4&139.20065674164232|73257&4&38.809054595272976|73260&4&44.9605580819554|73271&4&785.0414362622371|73278&4&1815.5495669241036|73279&4&436.1919870132571|73282&4&417.5050398725433|73288&4&195.02871880414796|73296&4&9.969105460920604|73300&4&29.819248889896127|73301&4&28.892174364299215|73302&4&27.043785090671527,2|73189&4&126.07818180331769|73190&4&-2.042810365310288E-14|73193&4&137.55526207086575|73198&4&459.2161313367729|73200&4&290.6102999167954|73203&4&48.80363520471025|73204&4&57.828952580465774|73211&4&362.14657044278886|73219&4&52.54267410769108|73226&4&259.07385715444934|73232&4&2.828792407941974|73235&4&381.7287339600242|73236&4&699.2931132325705|73241&4&285.2330753449642|73250&4&259.09477058220784|73252&4&516.6843299899913|73258&4&283.306556597662|73260&4&69.68914557779917|73261&4&514.5050387417388|73262&4&13.578854706204629|73267&4&154.30119966265258|73272&4&4.18404082244372|73276&4&751.6889965036751|73284&4&62.227244513736956|73286&4&625.5646557364996|73288&4&492.47010730934016|73292&4&10.800509475349887|73293&4&33.95723920662618|73297&4&116.79795947617806|73301&4&63.166729076639655|73302&4&23.957138570081376|73305&4&56.81189859210366|73308&4&120.71373006118816,2|73191&4&129.41765331883897|73192&4&506.70230400930984|73196&4&29.61606001704358|73199&4&353.08711044782524|73208&4&26.007923937610183|73209&4&870.3654874443065|73210&4&463.4083148055049|73225&4&115.80364320633765|73233&4&543.7780507065387|73234&4&198.9163406453565|73239&4&386.25464512136466|73243&4&523.562053182495|73249&4&41.83006214760418|73250&4&62.96017069770852|73255&4&569.5656174973763|73257&4&684.0731847692402|73262&4&285.0507503085213|73267&4&82.02305542345736|73270&4&113.04269491946683|73272&4&258.82248131961103|73273&4&156.64639343704346|73280&4&226.19762950845495|73282&4&228.6530738728986|73304&4&44.30312563707024,2|73196&4&270.3873398308279|73200&4&178.0732505028786|73204&4&51.68879524827844|73212&4&49.33016402465083|73217&4&693.0726944570312|73220&4&346.08853145301447|73224&4&40.04738456511969|73254&4&905.7270110789941|73260&4&204.2849634688476|73267&4&211.1617485953921|73268&4&351.4972910722701|73270&4&1056.5711308109408|73271&4&6.039613253960852E-14|73272&4&123.53940033559381|73280&4&272.7594296521651|73283&4&228.56261404049874|73285&4&116.5539422477278|73287&4&102.50225161749577|73294&4&50.13666463476266|73296&4&30.66113439890075|73302&4&76.92767892548252|73303&4&43.26492936788773|73304&4&12.425628059679001,2|73189&4&291.4320206270443|73190&4&671.6227175021602|73197&4&468.4559522741007|73200&4&205.4993566083293|73205&4&173.0071671705204|73208&4&765.93774813305|73212&4&685.7418222380068|73213&4&286.1657873713473|73216&4&34.88635753989114|73219&4&450.82779624499886|73223&4&635.6530815802723|73227&4&87.10445302040402|73228&4&170.77529204894876|73237&4&342.85043885898654|73238&4&416.62534067945995|73241&4&188.9077849772949|73243&4&139.81542693835894|73245&4&731.9854934995483|73251&4&178.7323808070297|73252&4&97.28929989387835|73259&4&505.14276391346027|73260&4&696.5467071280905|73261&4&15.009786003672218|73267&4&153.31426316306323|73273&4&832.6358580865532|73281&4&73.07218102376098|73288&4&122.62376074392843|73289&4&102.03857559900743|73291&4&6.811756618661676|73292&4&79.53400519985185|73294&4&25.071464243971853|73298&4&24.9203715873742|73303&4&27.7844653743509|73304&4&64.22407248924321,2|73191&4&160.23104093465497|73192&4&135.46890010194613|73194&4&44.22340873073845|73197&4&12.196364014110632|73204&4&436.85597591828605|73207&4&234.74134148300658|73213&4&483.9365193891352|73216&4&390.5153487884301|73218&4&18.23985590840468|73232&4&60.52785257911652|73237&4&7.549516567451064E-15|73240&4&366.03545001250666|73244&4&-4.796163466380676E-14|73249&4&1051.0514878660306|73256&4&776.6409856720967|73261&4&42.248626666566665|73262&4&196.10550700130202|73263&4&851.2074473348225|73264&4&480.21120292259917|73268&4&518.6852803729589|73269&4&173.2376004251258|73274&4&253.54984278395864|73275&4&904.4073072607148|73280&4&208.77810969734887|73285&4&194.33545330454476|73288&4&72.45220786431666|73297&4&74.441951089389|73305&4&66.72911232734093|73308&4&27.227661903711983,2|73196&4&599.1460339956793|73204&4&44.189123791447|73205&4&74.77657900998732|73214&4&83.57825074066065|73221&4&1027.6515267486195|73224&4&659.3316765357678|73226&4&156.11063401724522|73231&4&315.78256568973444|73237&4&76.1633505148468|73238&4&56.8983879063323|73239&4&145.57898049501082|73240&4&175.01171990165113|73244&4&722.1363135631334|73250&4&290.7076846326441|73252&4&207.7887152743351|73257&4&392.4844662370207|73265&4&343.5362566268176|73268&4&111.08208729990189|73271&4&100.8446524473598|73276&4&180.8797417562332|73287&4&36.81505160083471|73289&4&35.042517946006484|73292&4&7.55098606580782|73296&4&39.2554149594133|73300&4&65.70895228147461|73301&4&56.77765051173739|73303&4&13.666299012178621|73304&4&16.975799292122527,2|73190&4&84.45200900282876|73195&4&76.93789794347809|73203&4&183.60957385732036|73206&4&4.520865279233599|73207&4&184.5572305435058|73209&4&322.5017619674686|73218&4&553.7589567182952|73231&4&377.936864236217|73235&4&79.79988657713807|73239&4&103.18584694670801|73242&4&700.7884719107974|73244&4&50.78913474875969|73251&4&329.48386254184663|73253&4&1086.276072711535|73262&4&341.16332283613576|73271&4&231.28946400905954|73277&4&53.61833158893524|73296&4&40.92627549368399|73300&4&82.14633871370096|73303&4&27.14609672658149|73307&4&41.652561553957256
91|4,130,1,1,1,1,1,1,1,1,1,1,1,1,1,1,1,1,1,1,1,1,1,1,1,1,1,1,1,1,1,1,1,1,1,1,1,1,1,1,1,1,1,1,1,1,1,1,1,1,1,1,1,1,1,1,1,1,1,1,1,1,1,1,1,1,1,1,1,1,1,1,1,1,1,1,1,1,1,1,1,1,1,1,1,1,1,1,1,1,1,1,1,1,1,1,1,1,1,1,1,1,0,0,0,0,0,0,0,0,0,0,0,0,0,0,0,0,0,0,0,0,2|73210&4&45.362801798686306|73211&4&119.4757402325618|73216&4&109.7553769266064|73217&4&9.592326932761353E-14|73222&4&18.125469375029834|73228&4&512.9616370100457|73230&4&336.5438506332813|73238&4&395.932464062245|73245&4&195.01889924675868|73246&4&545.5035230446359|73248&4&846.0918959004492|73266&4&875.3356009375236|73272&4&111.63787396600569|73279&4&24.191017122353912|73285&4&386.7452828716416|73289&4&2.1741101535952856|73296&4&72.23919459362772,2|73191&4&55.8662547340616|73195&4&460.4521788584741|73199&4&212.26581504084183|73201&4&562.510052471861|73202&4&87.0163096375716|73206&4&723.2491232526445|73207&4&303.02531513276045|73208&4&326.0306883690778|73216&4&219.23904662005805|73217&4&357.50571973476224|73219&4&27.89995511344354|73220&4&35.62701528806186|73222&4&630.6477300292021|73229&4&934.8775960894079|73231&4&109.64329870025307|73232&4&776.8864098615484|73235&4&90.66209107293514|73240&4&47.92258805412007|73241&4&28.455681000502842|73242&4&219.1271124701674|73251&4&119.79176351184478|73255&4&375.4675254638528|73257&4&-2.8421709430404007E-14|73267&4&59.508116179684706|73284&4&117.3138669060972|73286&4&206.59654057380862|73293&4&112.57981009281097|73304&4&2.567775441794577|73307&4&43.66346963728421|73308&4&16.100785405028475,2|73189&4&211.7713538938709|73193&4&332.1135074618091|73195&4&104.61444068884208|73202&4&78.77087985912459|73204&4&463.71814584270436|73210&4&202.77646579070526|73215&4&722.6648384720697|73217&4&55.45818231717449|73218&4&199.8442538377203|73230&4&672.6874256287069|73237&4&181.16983185979896|73239&4&213.27590014733335|73240&4&65.41827456010998|73247&4&119.56434359625054|73257&4&28.841926163350703|73260&4&26.699256903981826|73271&4&848.9439592725543|73278&4&1644.2348917789063|73279&4&390.97882197101063|73282&4&444.56919960285785|73288&4&371.69264452441826|73296&4&6.840339035788624|73300&4&47.05988434332886|73301&4&27.35141111896061|73302&4&22.36994227865644,2|73189&4&117.11053384947465|73193&4&125.04456356266012|73198&4&420.01002033778497|73200&4&268.6993554821162|73203&4&43.96082384961372|73204&4&38.87033428871368|73211&4&574.610692932788|73219&4&40.5635753583626|73226&4&245.08046110782004|73232&4&1.865174681370263E-14|73235&4&354.599545999258|73236&4&646.5088211351356|73241&4&266.8848322195487|73250&4&239.01983500381968|73252&4&580.3133953599598|73258&4&266.9839987686455|73260&4&64.71134946509922|73261&4&450.62811774817123|73262&4&2.6843626345665386|73267&4&143.68226118995113|73272&4&1.3923357679769786|73276&4&896.5732982064781|73284&4&57.041640804258876|73286&4&634.602834075559|73288&4&456.25220985252054|73292&4&7.280039198231819|73293&4&31.345143883039547|73297&4&105.65940200306048|73301&4&56.60071280022119|73302&4&21.951703652290043|73305&4&48.64367082482627|73308&4&142.53767103084164,2|73191&4&163.89116232212243|73192&4&631.4233549016179|73196&4&27.332583132792344|73199&4&307.849893462649|73208&4&11.901757958436775|73209&4&823.6943003291533|73210&4&427.90735559220315|73225&4&172.83093777147113|73233&4&597.3134360183201|73234&4&227.8738599039854|73239&4&355.3806107574533|73243&4&667.3447965533665|73249&4&25.116835270805364|73250&4&38.314156136627176|73255&4&532.7702353976256|73257&4&632.3728532622488|73262&4&263.80323198383434|73267&4&75.40021182401759|73270&4&79.98100606001731|73272&4&238.05354660242102|73273&4&219.70758710399159|73280&4&186.84425873645017|73282&4&190.521991358182|73301&4&14.925540596923724|73304&4&39.50895638140274,2|73196&4&226.68207567602823|73200&4&151.74700422652109|73204&4&43.07399604023203|73212&4&33.524951292538105|73217&4&636.3407063820368|73220&4&322.08508699593375|73222&4&34.297046022169695|73224&4&24.391374820635626|73254&4&850.2809215916233|73260&4&191.19659046465807|73267&4&199.0041551045291|73268&4&312.54088721598225|73270&4&971.8298901090807|73272&4&115.8181878146192|73280&4&310.3102830241459|73283&4&208.2910974922095|73285&4&105.61026650483059|73287&4&95.6687681763294|73294&4&45.890515057407285|73296&4&26.69409225572997|73302&4&93.37056003423149|73303&4&40.778790589452456|73304&4&10.518378858062931,2|73189&4&441.72295638483433|73190&4&749.1931393160464|73197&4&512.4287412112712|73200&4&193.74211927694267|73205&4&160.22419605397138|73208&4&900.0374825712821|73212&4&736.8788638698466|73213&4&244.1605389122539|73216&4&17.065916790721708|73219&4&412.2423467919853|73223&4&582.2022778544218|73227&4&187.4399637101654|73228&4&157.12232307132734|73237&4&317.13562059882304|73238&4&376.5992880664834|73241&4&159.3237944899122|73243&4&106.14315108944166|73245&4&762.1019483083969|73251&4&318.356012140083|73252&4&79.2440090825937|73259&4&573.6283293334296|73260&4&676.471528421833|73261&4&78.38857513581456|73267&4&134.00382172501753|73273&4&765.2524615427388|73281&4&69.0126154113298|73288&4&91.65794522272252|73289&4&94.04865442823368|73291&4&5.907993793670494|73292&4&71.81888335832515|73294&4&19.686338848967246|73298&4&22.231818710294505|73303&4&24.630710041940073|73304&4&87.67113551247397,2|73191&4&148.4724276415629|73192&4&101.01360772243989|73194&4&41.27518148202255|73197&4&9.14727301058297|73204&4&484.3921099755541|73207&4&217.17327626538417|73213&4&566.2857081398706|73216&4&365.7222819903071|73218&4&7.8963236981357285|73232&4&52.96187100672695|73240&4&339.0376344937315|73249&4&1046.5652717385358|73256&4&853.7922820572912|73261&4&39.763413333239214|73262&4&172.02289459049925|73263&4&836.0026304334249|73264&4&438.8071475082387|73268&4&676.4722942654804|73269&4&219.37544367660558|73274&4&284.0342818535436|73275&4&925.2416068433073|73280&4&193.69653294155592|73285&4&155.21012034399678|73288&4&63.647076168729|73297&4&69.865388617494|73305&4&62.40193824716286|73308&4&24.19129364494707,2|73196&4&563.5091816800827|73204&4&35.3512990331576|73205&4&55.20426705934101|73214&4&326.97780779240856|73221&4&1044.1345620632944|73224&4&597.7080137402007|73226&4&131.85898322180776|73231&4&266.70996841347|73237&4&51.896535187648865|73238&4&42.329858416537945|73239&4&215.2170036663283|73240&4&138.05545703850777|73244&4&665.3856902199152|73250&4&254.8222395937011|73252&4&179.15405754775975|73257&4&488.11676938886274|73265&4&315.5887873431614|73268&4&81.55142993543365|73271&4&82.2168916748507|73276&4&138.07004246463651|73287&4&34.7096958355031|73289&4&29.743266812736515|73292&4&28.92256474559746|73296&4&35.68674087219391|73300&4&58.96344208337953|73301&4&49.543492439327125|73303&4&10.444095267713084|73304&4&13.580639433698025,2|73190&4&59.12279225426467|73195&4&72.23512396693835|73203&4&147.1814058105257|73206&4&3.552713678800501E-14|73207&4&229.47444077986646|73209&4&267.28981839371835|73218&4&623.5080678439474|73231&4&355.04872478524385|73235&4&57.35544852657985|73239&4&78.77034532489517|73242&4&775.5055894020909|73244&4&26.125102442512446|73251&4&302.0164089720555|73253&4&1026.2784300401504|73262&4&371.2458171219666|73271&4&216.67334836530355|73277&4&61.62168756863688|73296&4&38.580181804254636|73300&4&75.14638974364819|73303&4&24.774111378024237|73307&4&58.08241100007389
92|4,130,1,1,1,1,1,1,1,1,1,1,1,1,1,1,1,1,1,1,1,1,1,1,1,1,1,1,1,1,1,1,1,1,1,1,1,1,1,1,1,1,1,1,1,1,1,1,1,1,1,1,1,1,1,1,1,1,1,1,1,1,1,1,1,1,1,1,1,1,1,1,1,1,1,1,1,1,1,1,1,1,1,1,1,1,1,1,1,1,1,1,1,1,1,1,1,1,1,1,1,1,0,0,0,0,0,0,0,0,0,0,0,0,0,0,0,0,0,0,0,0,2|73210&4&30.849991930319995|73211&4&92.84268871164974|73216&4&186.11638924147744|73222&4&6.353106644091605|73228&4&641.6131499236983|73230&4&300.0428961553039|73238&4&391.0812785703931|73245&4&154.277883978595|73246&4&484.6891664522518|73248&4&955.3711028000441|73266&4&955.5710719294843|73272&4&106.75845808200168|73276&4&121.04940447483864|73279&4&95.602502819768|73285&4&363.29696501144144|73289&4&0.730476330142321|73296&4&91.21676013995243,2|73191&4&30.945390548133332|73195&4&402.5132674180631|73199&4&208.5622576390405|73201&4&671.7457804048769|73202&4&79.105736034156|73206&4&785.5912096831651|73207&4&250.77582706215065|73208&4&270.88269990658|73216&4&187.12502622705625|73217&4&436.53733057449045|73219&4&23.91424724009446|73220&4&33.71717974969489|73222&4&565.5753975114828|73224&4&179.7730535481735|73229&4&834.051138572406|73231&4&322.515140174742|73232&4&723.6812039125439|73235&4&86.12898651928839|73240&4&184.86418523822474|73241&4&25.86880090954804|73242&4&177.33207448576616|73251&4&81.85628212484326|73255&4&386.57140061055946|73267&4&56.20210972525778|73284&4&100.67217071086448|73286&4&166.63406476429148|73293&4&124.6438206489693|73304&4&0.8642575185990652|73307&4&37.65288806193135|73308&4&10.831801027521772,2|73189&4&171.3126646537708|73193&4&318.8171431934078|73195&4&222.61765828929543|73202&4&138.28406114113065|73204&4&416.6249896225968|73210&4&230.3047990704388|73215&4&644.9849411437563|73217&4&31.16159740858178|73218&4&169.70996866331285|73230&4&664.7102229347374|73237&4&157.61874892493927|73239&4&200.62041396243393|73240&4&61.57014076245645|73247&4&263.59653332350103|73257&4&18.874797731428433|73260&4&14.412868389674234|73271&4&790.7729429645615|73278&4&1479.8404262592203|73279&4&346.42760148791274|73282&4&417.8253857055898|73288&4&542.4549378229099|73296&4&4.208827208058327|73300&4&64.48294978376023|73301&4&25.810647873622006|73302&4&17.696099466641353|73303&4&17.99137930787856,2|73189&4&108.14288589563161|73193&4&112.5338650544545|73198&4&380.80390933879704|73200&4&246.78841104743694|73203&4&109.55828333712384|73204&4&22.35549642857071|73211&4&632.5842478903178|73219&4&28.58447660903411|73226&4&231.0870650611908|73235&4&327.4703580384917|73236&4&625.1536900690235|73241&4&248.53658909413312|73250&4&306.38780132539654|73252&4&613.4070623299722|73258&4&250.66144093962902|73260&4&59.73355335239928|73261&4&391.33291634838173|73262&4&1.865174681370263E-14|73267&4&133.06332271724972|73272&4&0.0|73276&4&828.8557579601559|73284&4&51.856037094780795|73286&4&672.7862473807477|73288&4&420.03431239570085|73292&4&4.437220075346042|73293&4&28.733048559452918|73297&4&94.52084452994289|73301&4&50.706784132679886|73302&4&19.946268734498705|73305&4&41.02427169453799|73308&4&164.72866815412667,2|73191&4&209.41311966567292|73192&4&752.918718025374|73196&4&25.049106248541108|73199&4&264.7680275409597|73208&4&3.286247976741908|73209&4&823.5649970152948|73210&4&392.40639637890126|73221&4&84.03496148878514|73225&4&335.5717918139442|73233&4&693.2851619624292|73234&4&215.8311976982934|73239&4&324.50657639354205|73243&4&740.0452490028848|73244&4&138.3452592544193|73245&4&142.53962578427746|73249&4&14.609867950075227|73250&4&17.9557322366433|73255&4&495.97485329787514|73257&4&580.6725217552573|73262&4&242.5557136591474|73267&4&68.7773682245778|73270&4&50.9209398569899|73272&4&217.28461188523104|73273&4&290.85358258125484|73280&4&152.5617614525754|73282&4&331.91235898425504|73285&4&185.77833494903751|73301&4&38.70558299567266|73304&4&34.71478712573524,2|73196&4&184.59020481270053|73200&4&127.18082986243769|73204&4&34.459196832185626|73212&4&23.154687895464097|73217&4&579.6087183070425|73220&4&298.0816425388531|73222&4&170.23561197206126|73224&4&10.409208186675002|73254&4&963.4740702074369|73260&4&178.10821746046858|73267&4&186.8465616136661|73268&4&273.58448335969433|73270&4&887.0886494072206|73272&4&108.09697529364458|73280&4&486.66261322545256|73283&4&188.01958094392023|73285&4&94.66659076193338|73287&4&88.83528473516301|73294&4&41.64436548005191|73296&4&22.727050112559184|73302&4&109.84716760674297|73303&4&38.29265181101718|73304&4&8.611129656446863,2|73189&4&418.65414778055003|73190&4&833.937194726693|73197&4&476.0816279952704|73200&4&196.7459516509055|73205&4&147.44122493742236|73208&4&1071.5076807132034|73212&4&693.487259082099|73213&4&207.68091334066781|73216&4&5.303258562695086|73219&4&373.65689733897176|73223&4&528.7514741285713|73227&4&221.988831142875|73228&4&143.46935409370593|73237&4&291.4208023386595|73238&4&336.57323545350675|73241&4&129.73980400252947|73243&4&76.90655532606164|73245&4&710.8788422097209|73251&4&333.3436356885348|73252&4&66.83173559918822|73259&4&537.4377929192112|73260&4&662.2860397556167|73261&4&144.824344519298|73267&4&114.69338028697184|73273&4&697.8690649989244|73281&4&64.95304979889863|73288&4&66.25133907645869|73289&4&86.05873325745993|73291&4&5.0042309686793125|73292&4&64.10376151679846|73294&4&14.936927288211654|73298&4&19.543265833214807|73303&4&21.476954709529245|73304&4&108.50857298192301,2|73191&4&136.7138143484708|73192&4&72.22165220028927|73194&4&38.32695423330666|73197&4&6.098182007055307|73204&4&564.6559225845538|73207&4&199.60521104776177|73213&4&668.7813512770654|73216&4&340.92921519218424|73218&4&0.0|73232&4&45.395889434337384|73240&4&312.03981897495635|73249&4&1013.1166102485396|73256&4&778.3258002285964|73261&4&37.27819999991176|73262&4&147.9402821796965|73263&4&910.8052343454201|73264&4&397.4030920938783|73268&4&739.4952879257867|73269&4&216.39593828890958|73274&4&260.93627085204184|73275&4&1008.3142618704362|73280&4&178.614956185763|73285&4&118.73605617332134|73288&4&54.84194447314134|73297&4&85.34321383362426|73305&4&70.00860786998174|73308&4&21.154925386182153,2|73196&4&593.0468238587482|73204&4&26.5134742748682|73205&4&35.63195510869471|73214&4&325.0508298695641|73221&4&951.3876431553139|73223&4&61.00416681260333|73224&4&536.0843509446337|73226&4&107.60733242637035|73231&4&220.8299414551015|73237&4&31.2527385728118|73238&4&27.761328926743577|73239&4&277.71898900367586|73240&4&101.28349242009827|73244&4&608.635066876697|73250&4&218.9367945547581|73252&4&150.5193998211844|73257&4&450.37260633017615|73265&4&287.64131805950524|73268&4&52.0207725709654|73271&4&63.5891309023416|73276&4&100.99128761216392|73287&4&108.17723879054041|73289&4&24.444015679466553|73292&4&28.087108029868872|73296&4&32.118066784974516|73300&4&52.21793188528445|73301&4&42.30933436691687|73303&4&7.221891523247548|73304&4&10.185479575273522,2|73190&4&38.78731384805404|73195&4&67.53234999039859|73203&4&114.90037088230584|73207&4&449.5486924307748|73209&4&216.63970478726418|73218&4&792.0221869893563|73231&4&332.16058533427076|73235&4&47.718847344842|73239&4&58.09918981484445|73242&4&728.1670625802157|73244&4&8.938785902790325|73251&4&274.5489554022643|73253&4&930.4871476700595|73262&4&491.3055120085511|73271&4&202.05723272154756|73277&4&129.60873734648874|73296&4&36.2340881148253|73300&4&68.70137054255201|73303&4&22.94289818722673|73307&4&73.71540225170921
93|4,130,1,1,1,1,1,1,1,1,1,1,1,1,1,1,1,1,1,1,1,1,1,1,1,1,1,1,1,1,1,1,1,1,1,1,1,1,1,1,1,1,1,1,1,1,1,1,1,1,1,1,1,1,1,1,1,1,1,1,1,1,1,1,1,1,1,1,1,1,1,1,1,1,1,1,1,1,1,1,1,1,1,1,1,1,1,1,1,1,1,1,1,1,1,1,1,1,1,1,1,1,0,0,0,0,0,0,0,0,0,0,0,0,0,0,0,0,0,0,0,0,2|73210&4&18.133410916262754|73211&4&69.41034233152311|73216&4&316.51269185775953|73222&4&-3.730349362740526E-14|73228&4&617.4333013371875|73229&4&54.2010034358555|73230&4&263.5419416773265|73238&4&503.3434194147356|73245&4&119.45514801793603|73246&4&536.1353194142193|73248&4&958.22244322926|73266&4&1032.7112687267877|73272&4&100.58901550447084|73276&4&274.97686980249375|73279&4&141.29032585815244|73285&4&339.84864715124127|73286&4&88.71391857998185|73289&4&-6.439293542825908E-15|73296&4&109.70798721611129,2|73191&4&12.15227462678302|73195&4&553.326828217555|73199&4&256.81156695332936|73201&4&751.2498017395774|73202&4&71.1951624307404|73206&4&840.4440501805196|73207&4&205.96343135333737|73208&4&215.7347114440823|73213&4&28.82547251601909|73216&4&155.01100583405443|73217&4&523.513852276744|73219&4&19.928539366745383|73220&4&31.80734421132792|73222&4&500.5030649937636|73224&4&258.63811759942087|73229&4&739.6845492701191|73231&4&458.85806278155053|73232&4&665.7505890029818|73235&4&81.59588196564164|73240&4&336.314867557348|73241&4&23.281920818593235|73242&4&136.13711708007202|73243&4&124.48224158020201|73251&4&53.66201989711641|73255&4&404.714736011543|73267&4&52.89610327083085|73284&4&84.03047451563177|73286&4&128.28817217269517|73293&4&137.29747239858406|73304&4&-3.774758283725532E-15|73307&4&32.601446882839475|73308&4&6.536413586178125,2|73189&4&133.23483370639178|73193&4&432.4341779254454|73195&4&210.91861048640158|73202&4&215.1428631095006|73204&4&369.5318334024891|73210&4&217.82241948905005|73215&4&715.4599684437236|73217&4&17.36868238510631|73218&4&139.57568348890538|73230&4&742.1194501301788|73237&4&134.06766599007955|73239&4&187.9649277775345|73240&4&57.722006964802915|73247&4&266.6286527560679|73257&4&8.907669299506164|73260&4&6.533845296526417|73271&4&732.6019266565687|73278&4&1382.1535569698476|73279&4&301.8763810048148|73282&4&391.0815718083217|73288&4&600.7762185910353|73296&4&2.158542011652084|73300&4&81.83975548861888|73301&4&24.269884628283403|73302&4&13.44820008249197|73303&4&31.45822713766996,2|73189&4&99.17523794178857|73193&4&100.02316654624887|73198&4&341.5977983398091|73200&4&224.87746661275773|73203&4&160.02321224039594|73204&4&7.824514508678684|73211&4&595.9421663793632|73219&4&16.60537785970562|73226&4&241.8911523180243|73235&4&300.34117007772545|73236&4&741.527596321667|73241&4&339.641412665424|73250&4&338.8501075888048|73252&4&630.2601616075189|73258&4&234.33888311061253|73260&4&54.755757239699335|73261&4&334.2786692344454|73267&4&122.44438424454829|73276&4&761.1382177138337|73284&4&65.17370748920848|73286&4&629.6338331648788|73288&4&383.8164149388812|73292&4&2.2809476971138656|73293&4&26.12095323586629|73297&4&83.3822870568253|73301&4&45.26252068230552|73302&4&17.940833816707368|73305&4&33.9687522104677|73308&4&183.00890411301765,2|73191&4&383.9922411306326|73192&4&828.1984314413078|73196&4&22.76562936428987|73199&4&223.66418942198956|73208&4&2.398081733190338E-14|73209&4&975.8460214973117|73210&4&356.90543716559944|73221&4&79.83321341434589|73225&4&313.80135642756875|73233&4&817.0468290497836|73234&4&214.74615674864117|73239&4&293.6325420296307|73243&4&684.3875418557972|73244&4&200.6308699865662|73245&4&302.29977024923556|73249&4&6.478541626570688|73250&4&5.203521847169873|73255&4&459.1794711981246|73257&4&528.9721902482656|73262&4&221.3081953344605|73267&4&62.154524625138016|73270&4&25.757515109455998|73272&4&196.51567716804107|73273&4&340.95183654623156|73280&4&125.57841514186242|73282&4&473.83051204236216|73285&4&363.5435056965579|73301&4&60.30972015588364|73304&4&29.920617870067737,2|73196&4&144.84812902465612|73200&4&107.68034140302532|73204&4&25.84439762413922|73212&4&14.228205536303918|73217&4&522.8767302320482|73220&4&274.07819808177237|73222&4&338.5542913379979|73224&4&1.9803131532924174|73254&4&930.5660010117581|73260&4&165.01984445627912|73267&4&174.68896812280306|73268&4&234.62807950340644|73270&4&928.9310573744413|73272&4&100.37576277266996|73280&4&459.4181762513433|73283&4&225.67174082532253|73285&4&83.72291501903615|73287&4&82.00180129399664|73294&4&37.39821590269653|73296&4&18.760007969388404|73302&4&118.37484534596955|73303&4&35.80651303258191|73304&4&6.703880454830794,2|73189&4&395.5853391762657|73190&4&797.0217392512832|73197&4&469.9451691479702|73200&4&184.25066083425145|73205&4&284.09179962247197|73208&4&1077.7240827683713|73212&4&685.8483998003044|73213&4&177.11783238502184|73216&4&3.375077994860476E-14|73219&4&456.952878079286|73223&4&475.30067040272075|73227&4&202.71667964190016|73228&4&129.81638511608452|73237&4&347.2176565316603|73238&4&296.54718284053024|73241&4&100.15581351514673|73243&4&52.361972860131715|73245&4&659.6557361110447|73251&4&453.6962584941241|73252&4&56.61987990011901|73259&4&501.2472565049929|73260&4&710.7123917673825|73261&4&226.54449451306638|73267&4&95.38293884892617|73273&4&630.48566845511|73281&4&60.89348418646747|73288&4&47.32539454606474|73289&4&82.97994736260067|73291&4&4.10046814368813|73292&4&56.38863967527176|73294&4&10.834775230588816|73298&4&16.854712956135113|73303&4&18.323199377118414|73304&4&127.89822938216291,2|73191&4&124.95520105537871|73192&4&49.411598858035156|73194&4&35.37872698459076|73197&4&3.049091003527644|73204&4&731.1410823213138|73207&4&182.0371458301394|73213&4&629.7987555215127|73216&4&316.13614839406125|73232&4&37.82990786194782|73240&4&285.0420034561812|73249&4&1035.915856494365|73256&4&704.3109403054467|73261&4&34.79298666658431|73262&4&123.85766976889376|73263&4&1035.7433515903435|73264&4&355.99903667951787|73268&4&978.0862693032336|73269&4&291.54489092615813|73274&4&237.83825985054014|73275&4&1025.5422852837626|73280&4&163.53337942997007|73285&4&88.80343424074107|73288&4&46.036812777553685|73297&4&79.76393197732801|73305&4&80.11367236692203|73308&4&18.11855712741724,2|73196&4&623.4116361335133|73204&4&17.6756495165788|73205&4&16.059643158048413|73214&4&307.7614509484107|73221&4&859.6870016518963|73223&4&92.73704827777486|73224&4&474.46068814906675|73226&4&83.3556816309329|73231&4&180.40731045955982|73237&4&17.38449227852027|73238&4&13.192799436949214|73239&4&454.8992691976528|73240&4&66.22598153137855|73244&4&551.8844435334787|73250&4&183.05134951581508|73252&4&121.8847420946091|73257&4&628.4865015865022|73265&4&259.69384877584906|73268&4&23.48491228151279|73271&4&44.9613701298325|73276&4&66.81373313536218|73287&4&102.29323808919037|73289&4&19.144764546196583|73292&4&60.589892607936285|73296&4&28.549392697755124|73300&4&45.47242168718936|73301&4&35.07517629450661|73303&4&4.2387211246432015|73304&4&6.79031971684902,2|73189&4&85.71039127727732|73190&4&24.971282332651867|73195&4&62.82957601385883|73203&4&87.66687272298864|73207&4&536.7548658581834|73209&4&165.98959118080998|73218&4&838.0835177221842|73231&4&309.2724458832976|73235&4&38.08224616310407|73239&4&38.63495624642833|73242&4&772.0086896793944|73244&4&-7.105427357601002E-14|73251&4&247.08150183247318|73253&4&839.0764747100822|73256&4&98.59431276756692|73262&4&464.40297821187187|73271&4&187.44111707779157|73277&4&162.35574245568426|73296&4&33.887994425395945|73300&4&62.83671872996667|73303&4&21.11168499642923|73307&4&74.14002092256484
94|4,130,1,1,1,1,1,1,1,1,1,1,1,1,1,1,1,1,1,1,1,1,1,1,1,1,1,1,1,1,1,1,1,1,1,1,1,1,1,1,1,1,1,1,1,1,1,1,1,1,1,1,1,1,1,1,1,1,1,1,1,1,1,1,1,1,1,1,1,1,1,1,1,1,1,1,1,1,1,1,1,1,1,1,1,1,1,1,1,1,1,1,1,1,1,1,1,1,1,1,1,1,0,0,0,0,0,0,0,0,0,0,0,0,0,0,0,0,0,0,0,0,2|73210&4&6.959911240232369|73211&4&48.12784144613504|73216&4&496.4774399046169|73228&4&611.0438668553281|73229&4&143.93004041628222|73230&4&227.0409871993491|73238&4&687.8468847509693|73245&4&86.7241049119327|73246&4&614.7694467576631|73248&4&982.849132299418|73266&4&942.5404445297044|73272&4&94.41957292693998|73276&4&435.6066421851658|73279&4&133.92330188824923|73285&4&316.40032929104103|73286&4&109.64106989798582|73296&4&127.44922053169762,2|73191&4&1.52141108247778|73195&4&637.3638445121053|73199&4&397.14007900266097|73201&4&685.904381516955|73202&4&63.2845888273248|73206&4&768.9749853163889|73207&4&168.95091611581967|73208&4&160.58672298158461|73213&4&46.27816781029677|73216&4&122.8969854410526|73217&4&680.0235102779875|73219&4&15.942831493396307|73220&4&29.897508672960946|73222&4&435.43073247604434|73224&4&245.2567790855794|73229&4&652.2276270039504|73231&4&539.3251218187569|73232&4&783.1535204499668|73235&4&235.93624420443126|73240&4&426.8595311217433|73241&4&20.695040727638432|73242&4&97.9150633394779|73243&4&155.90905674159032|73251&4&35.095107585180024|73255&4&578.27045976559|73267&4&49.59009681640392|73284&4&67.38877832039906|73286&4&93.21463673553576|73293&4&150.269829583939|73307&4&27.5500057037476|73308&4&3.2850144352956376,2|73189&4&101.66506603214708|73193&4&408.0892010754799|73195&4&199.2195626835077|73202&4&225.53486426349042|73204&4&322.43867718238147|73210&4&304.51161466469347|73215&4&824.5393449649025|73217&4&4.717017962649462|73218&4&113.7155144478938|73230&4&787.1642253610825|73237&4&110.51658305521984|73239&4&175.30944159263507|73240&4&53.873873167149384|73247&4&325.71035558314594|73257&4&6.039613253960852E-14|73260&4&-4.085620730620576E-14|73271&4&733.0061254533922|73278&4&1342.128591946933|73279&4&257.97157080201754|73282&4&364.33775791105376|73288&4&659.2299883121007|73296&4&0.7407065025939185|73300&4&98.49658975139039|73301&4&22.729121382944797|73302&4&9.724811157746911|73303&4&50.717569473301396,2|73189&4&90.20758998794554|73193&4&87.51246803804327|73198&4&302.39168734082114|73200&4&202.96652217807855|73203&4&148.71689965314414|73204&4&-1.2434497875801753E-14|73211&4&738.8422138312267|73219&4&5.622728925439875|73226&4&497.8714025590087|73235&4&273.21198211695923|73236&4&860.0775473110061|73241&4&394.3718439251868|73250&4&311.55755756857866|73252&4&688.7909863422691|73258&4&218.016325281596|73260&4&49.777961126999394|73261&4&279.21956696909933|73267&4&111.82544577184686|73276&4&693.4206774675115|73284&4&59.06294007453511|73286&4&586.4814189490096|73288&4&347.5985174820616|73292&4&0.7335170643778768|73293&4&23.50885791227966|73297&4&72.24372958370772|73301&4&40.38564024758382|73302&4&15.935398898916032|73305&4&27.51664525868552|73308&4&198.11025180582627,2|73191&4&557.6604833467713|73192&4&780.1565777481226|73196&4&20.482152480038636|73199&4&183.50089184671953|73209&4&1070.5218551384223|73210&4&321.40447795229767|73221&4&101.78729681156028|73225&4&292.0309210411933|73233&4&833.5317138025048|73234&4&198.12323334405477|73239&4&262.7585076657195|73243&4&628.7298347087093|73244&4&190.2534633391018|73245&4&410.95524009148124|73249&4&-4.085620730620576E-14|73250&4&3.375077994860476E-14|73255&4&422.38408909837415|73257&4&477.2718587412742|73262&4&200.06067700977354|73267&4&55.531681025698234|73270&4&8.747257909521835|73272&4&175.74674245085106|73273&4&340.37106126840405|73280&4&101.92778462363306|73282&4&439.7183652580826|73285&4&465.9985372497771|73294&4&6.530785494208658|73301&4&84.55017063783939|73304&4&25.12644861440024,2|73196&4&107.29573738660034|73200&4&88.17985294361293|73204&4&17.229598416092813|73212&4&6.957222532899525|73217&4&466.144742157054|73220&4&250.07475362469165|73222&4&370.1111847585678|73224&4&4.440892098500626E-16|73250&4&213.52033657463963|73254&4&999.8611129853981|73260&4&151.93147145208965|73267&4&162.53137463194005|73268&4&195.67167564711855|73270&4&913.2283951844231|73272&4&92.65455025169534|73280&4&472.4246177379909|73283&4&202.5040404555487|73285&4&72.77923927613894|73287&4&75.16831785283026|73294&4&33.152066325341146|73296&4&14.792965826217618|73302&4&132.84796081038144|73303&4&33.32037425414664|73304&4&4.796631253214725,2|73189&4&372.5165305719813|73190&4&826.3237877668378|73197&4&432.08752321353427|73200&4&171.7553700175974|73205&4&263.837151215843|73208&4&1197.8049895994259|73212&4&678.8842351148622|73213&4&148.91903344694384|73219&4&412.273357116606|73223&4&421.8498666768703|73227&4&183.44452814092529|73228&4&116.16341613846308|73237&4&505.4896258114631|73238&4&256.5211302275536|73241&4&70.571823027764|73243&4&33.37592798154433|73245&4&608.4326300123685|73251&4&589.0378607656464|73252&4&47.63422529124463|73259&4&465.05672009077455|73260&4&870.2549150739073|73261&4&366.0544011989503|73267&4&76.07249741088049|73273&4&563.1022719112957|73281&4&56.8339185740363|73288&4&31.452327977651496|73289&4&74.7444694280312|73291&4&3.196705318696948|73292&4&48.673517833745066|73294&4&7.40856551824743|73298&4&14.166160079055416|73303&4&15.169444044707586|73304&4&146.2183629922147,2|73191&4&113.19658776228663|73192&4&32.08747501885257|73194&4&32.43049973587487|73197&4&-1.865174681370263E-14|73204&4&919.633630111787|73207&4&164.46908061251702|73213&4&590.81615976596|73216&4&291.3430815959383|73232&4&30.263926289558245|73240&4&258.04418793740604|73249&4&1172.3458209565142|73256&4&638.5155006420026|73261&4&32.30777333325686|73262&4&99.775057358091|73263&4&1016.0583019543999|73264&4&314.59498126515746|73268&4&1057.2955010178075|73269&4&270.4359784809491|73274&4&214.74024884903844|73275&4&1147.63981516579|73280&4&148.45180267417715|73285&4&65.9821021397963|73288&4&37.23168108196602|73297&4&74.18465012103175|73305&4&95.3220893331236|73308&4&15.082188868652324,2|73196&4&619.8889536736692|73204&4&8.8378247582894|73205&4&1.446568087415224|73207&4&224.74912716884336|73214&4&290.47207202725724|73221&4&769.9345838161245|73223&4&234.24040796178593|73224&4&412.83702535349977|73226&4&59.10403083549547|73231&4&148.0993037459295|73237&4&10.909249932274511|73238&4&4.618527782440651E-14|73239&4&482.07434926683266|73240&4&38.96012374640851|73244&4&495.13382019026045|73250&4&147.1659044768721|73252&4&93.25008436803375|73257&4&653.3255955186996|73265&4&231.74637949219286|73266&4&94.63234870778558|73268&4&6.178129422992491|73271&4&26.33360935732341|73276&4&39.23380909306529|73287&4&97.98302074789453|73289&4&13.845513412926618|73292&4&72.80551015517645|73296&4&24.98071861053573|73300&4&38.72691148909428|73301&4&27.84101822209636|73303&4&2.16521588090305|73304&4&3.3951598584245186,2|73189&4&137.9114754866456|73190&4&14.799381579692266|73195&4&58.12680203731908|73203&4&64.1375861609335|73207&4&507.05000758543605|73209&4&117.99792770874637|73218&4&863.0123920688627|73231&4&286.3843064323244|73235&4&28.445644981366133|73239&4&25.458214406817046|73242&4&828.6156630447396|73251&4&219.61404826268205|73253&4&754.2837926841182|73256&4&245.45651550630396|73262&4&440.0634414089219|73271&4&172.82500143403558|73277&4&211.12472505147986|73296&4&31.541900735966603|73300&4&57.54269034511316|73303&4&19.280471805631727|73307&4&94.69521995109626
95|4,130,1,1,1,1,1,1,1,1,1,1,1,1,1,1,1,1,1,1,1,1,1,1,1,1,1,1,1,1,1,1,1,1,1,1,1,1,1,1,1,1,1,1,1,1,1,1,1,1,1,1,1,1,1,1,1,1,1,1,1,1,1,1,1,1,1,1,1,1,1,1,1,1,1,1,1,1,1,1,1,1,1,1,1,1,1,1,1,1,1,1,1,1,1,1,1,1,1,1,1,1,0,0,0,0,0,0,0,0,0,0,0,0,0,0,0,0,0,0,0,0,2|73210&4&8.881784197001252E-15|73211&4&31.932918927446273|73216&4&538.1343714882469|73228&4&619.3784721915156|73229&4&308.6995740672369|73230&4&190.54003272137172|73238&4&646.3859393156107|73245&4&59.98860202732899|73246&4&548.8352260308412|73248&4&970.4187222049087|73266&4&856.9408143132921|73272&4&88.25013034940915|73276&4&544.6386578685325|73279&4&139.64728200451154|73285&4&292.9520114308408|73286&4&255.90705176197199|73296&4&143.71172143550197,2|73191&4&-3.1086244689504383E-15|73195&4&575.2310879643849|73199&4&498.71342462990447|73201&4&625.9293716538212|73202&4&55.3740152239092|73206&4&703.9613696092388|73207&4&141.13613493226376|73208&4&114.47000278677291|73213&4&49.07490751035643|73216&4&92.83321600067674|73217&4&642.2253876074369|73219&4&11.95712362004723|73220&4&27.987673134593976|73222&4&373.544281903056|73224&4&231.8754405717379|73229&4&572.0458906718031|73231&4&629.6638223471381|73232&4&906.5253941112277|73235&4&223.45946631116269|73240&4&533.8213680791814|73241&4&18.10816063668363|73242&4&66.19890565723422|73243&4&147.8023983005603|73251&4&16.528195273243718|73255&4&604.1957488378861|73267&4&46.28409036197699|73284&4&50.747082125166344|73286&4&59.52144019418836|73293&4&163.2771260239765|73307&4&22.498564524655723|73308&4&1.0888978107377127,2|73189&4&77.51950824906461|73193&4&421.2530747488699|73195&4&187.5205148806138|73202&4&222.2338991760819|73204&4&275.3455209622738|73210&4&467.81816452273944|73215&4&839.9537875957947|73217&4&8.881784197001252E-15|73218&4&87.8553454068822|73230&4&855.7782552264172|73237&4&86.96550012036013|73239&4&162.65395540773565|73240&4&50.02573936949585|73247&4&327.81091643593277|73271&4&836.0642175434039|73278&4&1195.751697842612|73279&4&220.58803674704626|73282&4&337.59394401378574|73288&4&648.3931722778088|73296&4&-3.3306690738754696E-15|73300&4&92.94047111713161|73301&4&21.188358137606194|73302&4&6.5267297911047395|73303&4&69.86827432347704,2|73189&4&81.2399420341025|73193&4&75.00176952983765|73198&4&263.18557634183327|73200&4&181.05557774339928|73203&4&137.41058706589234|73211&4&788.5055060825296|73219&4&2.811364462719917|73226&4&483.47585193109006|73235&4&246.08279415619302|73236&4&801.4302326924123|73241&4&418.8885942889357|73250&4&284.2650075483524|73252&4&840.0086294968659|73258&4&201.69376745257952|73260&4&44.80016501429945|73261&4&229.48327864533894|73267&4&101.20650729914543|73276&4&625.7031372211893|73284&4&172.88728643041134|73286&4&543.3290047331404|73288&4&311.38062002524197|73292&4&-2.886579864025407E-15|73293&4&20.89676258869303|73297&4&61.10517211059014|73301&4&36.168797846928825|73302&4&13.929963981124697|73305&4&21.69576605857609|73308&4&217.73146998327587,2|73191&4&657.5648813046319|73192&4&810.9580666214131|73196&4&18.1986755957874|73199&4&150.94986112510531|73209&4&1146.9344065186356|73210&4&285.90351873899584|73221&4&352.5804886856298|73225&4&270.2604856548179|73233&4&904.0597242937197|73234&4&181.50030993946842|73239&4&231.88447330180819|73243&4&573.0721275616214|73244&4&179.87605669163747|73245&4&467.17109900639|73255&4&385.58870699862365|73257&4&425.5715272342826|73262&4&178.8131586850866|73267&4&48.90883742625845|73270&4&0.0|73272&4&154.97780773366108|73273&4&320.6777244693807|73280&4&78.65296563779552|73282&4&428.0918205952094|73285&4&531.945858643351|73294&4&17.314363882410213|73301&4&80.0291471289238|73304&4&20.33227935873274,2|73196&4&76.39292621784006|73197&4&51.074102463586|73200&4&68.67936448420055|73203&4&41.14522100306684|73204&4&8.614799208046406|73212&4&2.1293347520288375|73217&4&409.4127540820597|73220&4&226.07130916761093|73222&4&527.4073968695704|73244&4&123.33447997941346|73250&4&369.567612004577|73254&4&938.9114086584053|73260&4&138.84309844790016|73261&4&96.51183602816792|73267&4&150.37378114107705|73268&4&156.71527179083063|73270&4&1098.4341471892465|73272&4&84.93333773072072|73280&4&507.62598659847225|73283&4&182.09883909104957|73285&4&61.835563533241725|73287&4&68.33483441166388|73294&4&28.905916747985774|73296&4&10.825923683046835|73302&4&146.82987505755304|73303&4&30.834235475711367|73304&4&2.889382051598656,2|73189&4&349.447721967697|73190&4&837.6803638098356|73197&4&394.2298772790984|73200&4&230.23133905555872|73205&4&243.58250280921405|73208&4&1223.5351976853326|73212&4&669.6241023967648|73213&4&122.68393879507225|73219&4&367.5938361539261|73223&4&371.33004529953996|73227&4&200.88345998566388|73228&4&102.51044716084166|73237&4&466.29610537051013|73238&4&216.49507761457707|73241&4&51.21608941186588|73243&4&19.00339772392663|73245&4&557.2095239136924|73251&4&751.447114762144|73252&4&40.82933596392398|73259&4&428.86618367655615|73260&4&794.9124889150703|73261&4&346.44429995878465|73267&4&62.52423653365699|73273&4&495.7188753674813|73281&4&52.77435296160514|73288&4&17.513390530608472|73289&4&66.5089914934617|73291&4&2.292942493705766|73292&4&40.95839599221837|73294&4&4.288399639498135|73298&4&11.477607201975722|73303&4&12.015688712296758|73304&4&164.7239225402862,2|73191&4&101.43797446919454|73192&4&17.01904225443026|73194&4&29.482272487158973|73204&4&1085.6343169734466|73207&4&146.9010153948946|73213&4&551.8335640104074|73216&4&266.55001479781544|73232&4&22.697944717168674|73240&4&231.04637241863094|73249&4&1165.275824485655|73256&4&577.6951080705198|73261&4&29.82255999992941|73262&4&75.69244494728825|73263&4&1067.279890164356|73264&4&273.19092585079704|73268&4&1085.976928668369|73269&4&249.32706603574002|73274&4&191.64223784753673|73275&4&1292.2641045568307|73280&4&133.37022591838422|73285&4&46.02550231149595|73288&4&28.426549386378362|73297&4&68.6053682647355|73305&4&111.0309626341781|73308&4&12.045820609887407,2|73196&4&689.5436038536748|73204&4&0.0|73205&4&1.1572544699321703|73207&4&295.80789698825237|73214&4&273.1826931061038|73217&4&71.07953849641137|73221&4&682.6148203289306|73223&4&222.1364090051191|73224&4&351.2133625579328|73226&4&42.30363710687524|73231&4&121.86266037732608|73237&4&4.434007586028762|73239&4&455.0898647497681|73240&4&19.188484305034606|73244&4&438.38319684704214|73250&4&111.2804594379291|73252&4&64.61542664145843|73253&4&98.77565199768912|73257&4&646.4897078683|73265&4&203.7989102085367|73266&4&244.52904017275245|73268&4&4.085620730620576E-14|73271&4&7.705848584814316|73276&4&19.584369405994156|73278&4&66.05406476251659|73287&4&108.3828786623115|73289&4&9.357793586485286|73292&4&90.49187274396014|73296&4&21.41204452331634|73300&4&53.56990713247151|73301&4&20.606860149686106|73303&4&0.7235717547584766|73304&4&1.687538997430238E-14,2|73189&4&187.60378527531694|73190&4&11.873229252886597|73195&4&53.42402806077933|73203&4&42.13134321027232|73207&4&477.34514931268865|73209&4&81.90411359199291|73218&4&868.3407737218417|73231&4&263.49616698135134|73235&4&18.8090437996282|73239&4&14.647626358185855|73242&4&975.6317307299|73251&4&192.14659469289091|73253&4&669.4911106581541|73256&4&327.90403558434093|73262&4&506.78806925859715|73271&4&158.20888579027957|73277&4&196.8901365751592|73296&4&29.19580704653726|73300&4&52.83947373936256|73303&4&17.449258614834225|73307&4&108.70139603615058
96|4,130,1,1,1,1,1,1,1,1,1,1,1,1,1,1,1,1,1,1,1,1,1,1,1,1,1,1,1,1,1,1,1,1,1,1,1,1,1,1,1,1,1,1,1,1,1,1,1,1,1,1,1,1,1,1,1,1,1,1,1,1,1,1,1,1,1,1,1,1,1,1,1,1,1,1,1,1,1,1,1,1,1,1,1,1,1,1,1,1,1,1,1,1,1,1,1,1,1,1,1,1,0,0,0,0,0,0,0,0,0,0,0,0,0,0,0,0,0,0,0,0,2|73211&4&21.13071772941453|73216&4&550.683678574831|73228&4&688.0694439026959|73229&4&347.9879133012055|73230&4&154.03907824339433|73238&4&604.9249938802521|73245&4&39.23995087317269|73246&4&489.79584900719385|73248&4&1014.1242404117035|73266&4&776.0976429268679|73272&4&82.0806877718783|73276&4&515.2622516653277|73279&4&131.62570783030006|73285&4&269.5036935706406|73286&4&317.5730988171821|73296&4&160.27952060450525,2|73195&4&563.7019619038387|73199&4&544.9359372235882|73201&4&609.4591451624132|73202&4&47.4634416204936|73206&4&638.9477539020886|73207&4&115.48216968047086|73208&4&76.5707457134324|73213&4&152.93631391288835|73216&4&68.57815326816629|73217&4&604.4272649368863|73219&4&7.971415746698154|73220&4&26.077837596227006|73222&4&317.73545031714366|73224&4&218.49410205789644|73229&4&499.33139406477403|73231&4&593.938441638893|73232&4&837.7528206386356|73235&4&210.9826884178941|73240&4&708.3234444611326|73241&4&15.521280545728823|73242&4&45.56592293942328|73243&4&260.4578085252913|73251&4&4.532975429997451|73255&4&689.5396772592146|73267&4&42.978083907550065|73284&4&37.254001975685796|73286&4&33.06330163528307|73288&4&44.57029373599181|73293&4&174.8409270809163|73307&4&17.44712334556385|73308&4&-8.881784197001252E-15,2|73189&4&57.11658038180127|73193&4&395.0326553727366|73195&4&175.82146707771992|73202&4&261.23555899775147|73204&4&228.25236474216615|73210&4&441.33983079463474|73215&4&762.1830872973317|73218&4&61.99517636587062|73230&4&887.5923851492649|73237&4&63.414417185500426|73239&4&149.9984692228362|73240&4&46.17760557184232|73247&4&357.6248576274125|73271&4&766.756547022508|73278&4&1056.0483617171685|73279&4&183.20450269207498|73282&4&310.8501301165177|73288&4&608.8860176160819|73300&4&87.38435248287284|73301&4&19.64759489226759|73302&4&3.945443519162094|73303&4&88.48301010961532,2|73189&4&72.27229408025946|73193&4&62.491071021632024|73198&4&223.97946534284532|73200&4&159.14463330872007|73203&4&126.10427447864052|73211&4&727.2288936644687|73219&4&-1.687538997430238E-14|73226&4&473.62570377632653|73235&4&218.95360619542677|73236&4&821.5820358102126|73241&4&495.9505648600145|73250&4&256.9724575281262|73252&4&864.9672701385837|73258&4&185.37120962356306|73260&4&39.82236890159951|73261&4&182.89836171033133|73267&4&90.587568826444|73276&4&557.9855969748673|73284&4&160.77976332721047|73286&4&500.17659051727145|73288&4&275.1627225684223|73293&4&18.2846672651064|73297&4&49.96661463747255|73301&4&31.951955446273832|73302&4&11.92452906333336|73305&4&16.508784081108445|73308&4&231.43534722554793,2|73191&4&620.7294849968783|73192&4&819.5143621192085|73196&4&15.915198711536162|73199&4&123.97874121675261|73209&4&1242.8042593207124|73210&4&250.402559525694|73221&4&483.9008323442745|73225&4&248.49005026844245|73233&4&893.1329128629666|73234&4&239.34763696763667|73239&4&201.01043893789685|73243&4&517.4144204145335|73244&4&169.4986500441731|73245&4&529.421156510237|73255&4&348.79332489887315|73257&4&373.87119572729114|73262&4&157.56564036039964|73267&4&42.28599382681867|73272&4&134.2088730164711|73273&4&399.828074176916|73280&4&57.077071440289224|73282&4&489.46274896194876|73285&4&502.7172161299022|73294&4&34.53801687137643|73301&4&86.43804390568576|73304&4&15.538110103065243,2|73196&4&48.67232841546554|73197&4&48.5203973404067|73200&4&50.15732864638084|73203&4&138.17745307628024|73204&4&0.0|73212&4&-3.552713678800501E-15|73217&4&352.68076600706536|73220&4&202.06786471053027|73222&4&498.6545743491817|73244&4&302.2900676649667|73250&4&448.9454306683433|73254&4&852.0317392511605|73260&4&125.75472544371067|73261&4&238.3793154462374|73267&4&138.216187650214|73268&4&117.75886793454274|73270&4&1272.1093987603288|73272&4&77.2121252097461|73280&4&475.14608821344376|73283&4&223.2350582685285|73285&4&50.89188779034451|73287&4&61.50135097049749|73294&4&24.659767170630396|73296&4&6.858881539876052|73302&4&159.56584451904047|73303&4&28.348096697276095|73304&4&0.9821328499825868,2|73189&4&326.37891336341266|73190&4&808.433271400733|73197&4&356.37223134466245|73200&4&316.55367450980134|73205&4&223.3278544025851|73208&4&1349.05303345268|73212&4&644.8269400701877|73213&4&98.96251564942484|73219&4&410.8747148352241|73223&4&322.51607910379084|73227&4&275.61326758972143|73228&4&88.85747818322025|73237&4&427.1025849295572|73238&4&176.4690250016005|73241&4&31.904136510243536|73243&4&6.371363064871388|73245&4&505.98641781501624|73251&4&720.3627985822764|73252&4&34.02444663660332|73259&4&392.67564726233775|73260&4&720.5867780241667|73261&4&326.83419871861906|73267&4&48.97597565643352|73273&4&433.1603093642551|73281&4&48.714787349173974|73288&4&5.8116428734748515|73289&4&64.24910603262046|73291&4&1.3891796687145843|73292&4&33.24327415069167|73294&4&2.152922915700905|73298&4&16.83127790000209|73303&4&8.861933379885926|73304&4&179.05495142646484,2|73191&4&89.67936117610246|73192&4&6.4614207519024|73194&4&26.534045238443078|73204&4&1068.9577564018314|73206&4&23.709765326899685|73207&4&129.3329501772722|73213&4&512.8509682548546|73216&4&241.7569479996925|73222&4&13.705597328114322|73225&4&8.720863824113906|73232&4&15.131963144779103|73240&4&204.04855689985575|73249&4&1105.2355761149054|73256&4&522.0689107992669|73261&4&27.33734666660196|73262&4&51.609832536485506|73263&4&1042.0484024618784|73264&4&231.78687043643657|73268&4&1057.6871530631313|73269&4&228.21815359053096|73274&4&168.54422684603503|73275&4&1258.1854004552524|73279&4&110.5319958073951|73280&4&250.90023267515932|73285&4&30.838523537500407|73288&4&19.6214176907907|73297&4&63.02608640843924|73305&4&120.57988986192115|73308&4&9.00945235112249,2|73196&4&812.5352927262093|73205&4&0.8679408524491272|73207&4&280.45562932091764|73214&4&255.8933141849503|73215&4&1.8385007379774834|73217&4&75.93400648893123|73221&4&599.5541331823598|73223&4&210.03241004845228|73224&4&502.3751477823919|73226&4&35.595745842173365|73231&4&103.47092662290702|73237&4&1.4210854715202004E-14|73239&4&449.9700075902535|73240&4&8.234542188778303|73244&4&382.4220482784265|73250&4&83.13063663071576|73252&4&42.94298440745618|73253&4&324.0942163183822|73257&4&766.0570374831121|73265&4&175.85144092488054|73266&4&409.93050438324053|73271&4&-7.815970093361102E-14|73276&4&77.72761652783453|73278&4&217.8322919582995|73287&4&181.269057530615|73289&4&5.697544652114391|73292&4&107.42305096375785|73296&4&17.843370436096947|73300&4&69.24681270242534|73301&4&13.37270207727585|73303&4&-6.217248937900877E-15,2|73189&4&275.3106989118355|73190&4&8.947076926080953|73195&4&48.721254084239575|73203&4&24.969649847627366|73207&4&447.6402910399413|73209&4&53.56419190478712|73218&4&806.7999357471502|73231&4&240.6080275303782|73235&4&10.856706222618861|73237&4&37.555126566604315|73238&4&86.52288044413915|73239&4&6.707451313887878|73242&4&1031.3217274066794|73251&4&164.67914112309978|73253&4&587.2564522567777|73256&4&351.6312274908439|73262&4&654.4612767905935|73271&4&143.59277014652358|73277&4&182.65554809883855|73296&4&26.849713357107916|73300&4&48.13625713361196|73303&4&15.61804542403672|73307&4&122.88440918400931
97|4,130,1,1,1,1,1,1,1,1,1,1,1,1,1,1,1,1,1,1,1,1,1,1,1,1,1,1,1,1,1,1,1,1,1,1,1,1,1,1,1,1,1,1,1,1,1,1,1,1,1,1,1,1,1,1,1,1,1,1,1,1,1,1,1,1,1,1,1,1,1,1,1,1,1,1,1,1,1,1,1,1,1,1,1,1,1,1,1,1,1,1,1,1,1,1,1,1,1,1,1,1,0,0,0,0,0,0,0,0,0,0,0,0,0,0,0,0,0,0,0,0,2|73211&4&11.495939212979096|73216&4&518.7397082562732|73228&4&870.95202185521|73229&4&412.29316026822863|73230&4&117.53812376541697|73238&4&563.4640484448936|73245&4&21.04540138021712|73246&4&581.9456423357753|73248&4&1077.0139203813987|73266&4&700.4349723847342|73272&4&173.39895641341448|73276&4&485.88584546212286|73279&4&123.60413365608855|73285&4&246.0553757104404|73286&4&371.60648846129715|73296&4&149.52837431867724,2|73195&4&618.7884739684436|73199&4&592.3100504654128|73201&4&712.2277271320797|73202&4&39.552868017078|73206&4&575.4365795808499|73207&4&90.72366305441747|73208&4&47.45365801048094|73213&4&265.13835405842633|73216&4&50.044661924271665|73217&4&566.6291422663357|73219&4&3.9857078733490776|73220&4&24.168002057860033|73222&4&266.8936389514088|73224&4&205.11276354405493|73229&4&431.22516988302385|73231&4&558.213060930648|73232&4&769.4912284792779|73235&4&278.17643440110294|73240&4&741.763499992034|73241&4&12.934400454774018|73242&4&31.25923443002884|73243&4&424.3916210314384|73251&4&0.16829184971411673|73255&4&753.5122330364178|73267&4&98.12190669204156|73284&4&27.156219438598068|73286&4&13.743461225597656|73288&4&254.53118443846233|73293&4&185.8796447801354|73307&4&12.757702790702272,2|73189&4&38.88693403202747|73193&4&368.8122359966033|73195&4&164.12241927482603|73202&4&253.9199988726485|73204&4&181.15920852205852|73210&4&414.8614970665301|73215&4&684.4123869988686|73218&4&36.13500732485904|73230&4&826.8517102233226|73237&4&39.86333425064072|73239&4&137.3429830379368|73240&4&42.32947177418879|73247&4&333.53763475121707|73271&4&712.7159252104532|73278&4&924.8850163013476|73279&4&148.70922744076512|73282&4&284.10631621924966|73288&4&569.3788629543549|73300&4&81.82823384861405|73301&4&18.10683164692899|73302&4&1.9958859360295467|73303&4&98.65333343753562,2|73189&4&63.30464612641642|73193&4&49.9803725134264|73198&4&184.7733543438574|73200&4&137.23368887404084|73203&4&114.79796189138871|73211&4&665.9522812464079|73226&4&490.23220078141463|73235&4&191.82441823466053|73236&4&751.5300529858249|73241&4&549.0329745620498|73250&4&229.6799075079|73252&4&939.2475160811307|73258&4&273.2972330863489|73260&4&34.84457278889957|73261&4&142.51883981759136|73267&4&79.96863035374257|73276&4&490.2680567285451|73284&4&263.62329370409543|73286&4&457.0241763014024|73288&4&238.94482511160265|73293&4&15.67257194151977|73297&4&38.82805716435496|73301&4&27.735113045618835|73302&4&9.919094145542022|73305&4&35.28071626335879|73308&4&249.09063370515844,2|73191&4&583.8940886891248|73192&4&807.4725223973527|73196&4&13.631721827284924|73199&4&97.0076213083999|73209&4&1152.7434830959942|73210&4&214.90160031239213|73221&4&547.9653088218192|73225&4&226.71961488206702|73233&4&1014.3597212419835|73234&4&219.00120104141251|73239&4&170.1364045739856|73243&4&461.75671326744583|73244&4&159.12124339670873|73245&4&545.2766015105221|73255&4&311.9979427991227|73257&4&322.1708642202997|73262&4&136.3181220357127|73267&4&35.663150227378885|73272&4&113.43993829928111|73273&4&375.1925530525647|73280&4&38.95266080994097|73282&4&558.1150739561775|73285&4&488.3883715470693|73294&4&32.75068680617929|73301&4&102.81366376234187|73304&4&10.743940847397743,2|73196&4&25.465207190930105|73197&4&45.966692217227404|73200&4&33.480498860607085|73203&4&179.2945922435933|73217&4&295.9487779320711|73220&4&178.06442025344958|73222&4&469.901751828793|73244&4&308.9905940776758|73250&4&425.01374922140633|73254&4&781.0364628961066|73260&4&112.66635243952118|73261&4&283.33361667658056|73267&4&126.058594159351|73268&4&78.80246407825483|73270&4&1250.8298050580702|73272&4&69.49091268877149|73273&4&184.04389929378658|73280&4&442.66618982841527|73283&4&304.1063278321569|73285&4&39.94821204744729|73287&4&54.667867529331104|73294&4&20.413617593275017|73296&4&2.8918393967052687|73300&4&23.10363452393554|73302&4&171.78863974741427|73303&4&25.861957918840822|73304&4&-9.769962616701378E-15,2|73189&4&303.3101047591283|73190&4&740.4187746455268|73197&4&321.8082840772416|73200&4&295.39151123723514|73205&4&203.07320599595613|73208&4&1537.1667695901633|73212&4&670.4570572557333|73213&4&81.50292134434149|73219&4&439.5178113894613|73223&4&274.6423577887962|73227&4&254.75927214675755|73228&4&75.20450920559881|73237&4&387.90906448860426|73238&4&139.51656888057565|73241&4&17.774084488918348|73243&4&3.730349362740526E-14|73245&4&454.76331171634007|73251&4&676.930892476437|73252&4&27.219557309282663|73259&4&356.48511084811935|73260&4&811.6533739628378|73261&4&307.2240974784535|73267&4&35.42771477921005|73273&4&378.4551689691999|73281&4&44.65522173674281|73288&4&3.730349362740526E-14|73289&4&55.714848474364565|73291&4&0.48541684372340244|73292&4&26.25322932503978|73294&4&0.7214114688502933|73298&4&14.570325166995453|73303&4&5.708178047475098|73304&4&192.61151457250028,2|73191&4&77.92074788301039|73192&4&2.1808483599963644|73194&4&23.585817989727182|73204&4&1089.0103702101273|73206&4&132.21744543950444|73207&4&111.76488495964983|73210&4&85.60229548776556|73213&4&473.86837249930204|73216&4&216.96388120156956|73222&4&85.61123751669479|73225&4&8.284820632908211|73232&4&7.565981572389533|73240&4&177.0507413810806|73249&4&1110.7615779347786|73256&4&467.8869076360969|73261&4&24.85213333327451|73262&4&31.916899407019486|73263&4&1152.662403145227|73264&4&212.94073024808796|73268&4&1077.7653428478548|73269&4&330.6989391590655|73274&4&145.4462158445333|73275&4&1145.6316448267723|73279&4&105.00539601702535|73280&4&229.18807674373798|73285&4&16.785538574084207|73288&4&10.816285995203039|73297&4&57.44680455214299|73305&4&111.869479682883|73308&4&5.973084092357576,2|73196&4&786.5769783539607|73198&4&72.07122403206941|73205&4&0.5786272349660841|73207&4&305.76020996137277|73214&4&238.60393526379687|73215&4&155.3458267591676|73217&4&271.0223068401477|73221&4&521.2395215445987|73223&4&197.92841109178548|73224&4&644.8886776665075|73226&4&28.88785457747151|73231&4&85.07919286848792|73239&4&568.8437173468624|73240&4&5.435673927447905|73244&4&332.30260136784915|73250&4&57.69357582118804|73252&4&24.879989093001235|73253&4&508.57070826661516|73257&4&770.7766373417003|73265&4&147.90397164122436|73266&4&480.0876157669373|73276&4&281.11553740985596|73278&4&528.9965763784401|73287&4&193.61577904732994|73289&4&2.9015333822679414|73292&4&101.27428567569743|73296&4&14.274696348877555|73300&4&61.52347473539159|73301&4&9.07009207535222,2|73189&4&425.1648997200715|73190&4&6.7103076945607105|73195&4&44.01848010769982|73203&4&13.863419663366075|73207&4&417.9354327671939|73209&4&33.49267401900404|73218&4&847.3443914586185|73231&4&217.71988807940508|73235&4&2.9043686456095217|73237&4&79.4290360203742|73238&4&82.19673642193219|73239&4&1.453542789091329|73242&4&980.6196997449827|73251&4&137.21168755330862|73253&4&509.5287872174039|73256&4&436.3910111617446|73262&4&653.8848118008773|73271&4&128.9766545027676|73277&4&186.03985078753882|73296&4&24.50361966767857|73300&4&43.433040527861365|73303&4&13.786832233239217|73307&4&143.81770860174458
98|4,130,1,1,1,1,1,1,1,1,1,1,1,1,1,1,1,1,1,1,1,1,1,1,1,1,1,1,1,1,1,1,1,1,1,1,1,1,1,1,1,1,1,1,1,1,1,1,1,1,1,1,1,1,1,1,1,1,1,1,1,1,1,1,1,1,1,1,1,1,1,1,1,1,1,1,1,1,1,1,1,1,1,1,1,1,1,1,1,1,1,1,1,1,1,1,1,1,1,1,1,1,0,0,0,0,0,0,0,0,0,0,0,0,0,0,0,0,0,0,0,0,2|73211&4&2.528028629533895|73216&4&486.79573793771533|73228&4&942.2098560374809|73229&4&621.6145660973955|73230&4&84.0918443937|73238&4&522.0031030095352|73245&4&7.2616926366733585|73246&4&524.1115582073658|73248&4&983.5864135722495|73266&4&629.7748042189925|73272&4&162.35512827493028|73276&4&456.50943925891795|73279&4&115.58255948187707|73285&4&222.60705785024018|73286&4&414.94712346920136|73296&4&138.77722803284925,2|73195&4&591.571555646135|73199&4&556.3130153927517|73201&4&779.2312952509349|73202&4&31.6422944136624|73206&4&515.7157750786446|73207&4&65.96515642836407|73208&4&26.395757012664717|73213&4&251.15929701942753|73216&4&33.762499976377654|73217&4&528.8310195957852|73219&4&8.881784197001252E-16|73220&4&80.71285424749179|73222&4&222.73120250402627|73224&4&191.73142503021347|73229&4&369.61127102586767|73231&4&522.487680222403|73232&4&908.6936226404192|73235&4&385.8534568335149|73238&4&0.34995745190940397|73240&4&734.6800584194015|73241&4&10.347520363819212|73242&4&16.95254592063436|73243&4&504.0943953537407|73251&4&1.1657341758564144E-15|73255&4&707.0736384559362|73267&4&223.60239397974354|73277&4&39.776528922803635|73280&4&67.52064972587607|73284&4&17.32788063214019|73286&4&2.8040727095120506|73288&4&375.63877695414124|73293&4&197.05152450465715|73296&4&60.59107471641971|73307&4&8.471997242352556,2|73189&4&28.07324404014632|73193&4&342.59181662046996|73195&4&152.42337147193217|73202&4&300.1156356171381|73204&4&134.06605230195083|73210&4&388.3831633384254|73215&4&610.1214928306882|73218&4&18.051920506579155|73230&4&865.1489607608754|73237&4&20.62768742429292|73239&4&124.68749685303733|73240&4&38.48133797653526|73247&4&309.4504118750216|73271&4&643.7056095534462|73278&4&802.7836127986817|73279&4&117.08344340017953|73282&4&257.36250232198165|73288&4&529.871708292628|73300&4&76.27211521435527|73301&4&16.566068401590385|73302&4&0.6776873980050341|73303&4&116.11935331872907,2|73189&4&54.33699817257339|73193&4&37.46967400522079|73198&4&145.56724334486944|73200&4&115.32274443936161|73203&4&103.4916493041369|73211&4&604.675668828347|73226&4&479.85513552098166|73235&4&164.6952302738943|73236&4&782.8931630503553|73241&4&571.1176839014191|73250&4&202.38735748767374|73252&4&898.531154749521|73258&4&336.62111352303884|73260&4&29.866776676199628|73261&4&104.70766715312563|73264&4&209.2854621896019|73267&4&69.34969188104114|73276&4&422.550516482223|73284&4&276.9152972604735|73286&4&413.8717620855333|73288&4&202.72692765478303|73293&4&13.06047661793314|73297&4&27.68949969123737|73301&4&23.518270644963838|73302&4&7.913659227750686|73305&4&54.149944697760375|73308&4&230.96289194961446,2|73191&4&547.0586923813712|73192&4&793.69351890793|73196&4&11.348244943033688|73199&4&70.0365014000472|73209&4&1062.6827068712757|73210&4&179.40064109909028|73221&4&640.1425527101806|73225&4&204.9491794956916|73233&4&934.4720106674812|73234&4&280.2631775974188|73239&4&139.2623702100743|73243&4&406.09900612035796|73244&4&148.7438367492444|73245&4&606.3350496873483|73255&4&275.2025606993722|73257&4&270.4705327133081|73262&4&115.07060371102575|73267&4&29.040306627939106|73272&4&92.67100358209113|73273&4&350.5570319282134|73280&4&20.93045321393247|73282&4&543.4266173373887|73285&4&458.5322140614511|73294&4&30.963356740982142|73301&4&96.67398727014962|73304&4&5.9497715917302445,2|73196&4&9.480132620063397|73197&4&43.412987094048106|73200&4&19.670910394774978|73203&4&254.77091536686777|73209&4&103.66409616085059|73217&4&243.82114609515497|73220&4&154.0609757963689|73222&4&441.1489293084043|73233&4&24.9919788399568|73244&4&364.2369341090484|73248&4&91.54591603256208|73250&4&421.78622681655355|73254&4&715.096961692785|73260&4&99.5779794353317|73261&4&421.66987125860686|73267&4&113.901000668488|73268&4&47.74633177823826|73270&4&1144.9636353294186|73272&4&61.76970016779688|73273&4&175.03343623434432|73280&4&410.18629144338684|73283&4&361.5678961229683|73285&4&29.004536304550076|73287&4&47.83438408816472|73294&4&16.16746801591964|73296&4&1.4124440095826487|73300&4&45.972119893313106|73302&4&183.58342560119354|73303&4&23.37581914040555,2|73189&4&280.241296154844|73190&4&721.1170827869938|73197&4&287.24433680982065|73200&4&274.22934796466893|73205&4&182.81855758932716|73208&4&1500.2927481172387|73212&4&612.1038724843999|73213&4&70.63539821364526|73219&4&566.0394679155986|73223&4&231.29159194395447|73227&4&262.84786573539475|73228&4&61.55154022797739|73237&4&348.71554404765135|73238&4&107.15746159797234|73241&4&9.457672148008688|73245&4&403.5402056176638|73251&4&707.5361314355007|73252&4&20.414667981962005|73259&4&320.294574433901|73260&4&840.7455649148849|73261&4&287.6139962382879|73267&4&23.056335429733384|73273&4&328.0414226328726|73279&4&80.30454058569433|73281&4&40.595656124311645|73289&4&47.54358354134975|73291&4&0.0|73292&4&20.04641955242119|73294&4&6.217248937900877E-15|73298&4&12.799225595945803|73303&4&2.5544227150642698|73304&4&212.2007008252781,2|73191&4&66.16213458991831|73192&4&-7.105427357601002E-15|73194&4&72.20140454813856|73204&4&1360.9760026463523|73206&4&210.83150377665305|73207&4&94.19681974202743|73210&4&150.27159453131645|73213&4&434.88577674374926|73216&4&192.17081440344663|73222&4&207.54994280962958|73225&4&27.8199300773232|73232&4&-3.730349362740526E-14|73240&4&150.05292586230547|73249&4&1080.988763213636|73256&4&421.6310641397074|73261&4&22.366919999947058|73262&4&15.384260112075236|73263&4&1066.728661374957|73264&4&170.40877907242694|73268&4&1229.9424379269722|73269&4&303.4105418131693|73274&4&200.61246270568654|73275&4&1090.4189013871967|73279&4&99.47879622665559|73280&4&207.47592081231664|73285&4&7.345471309537855|73288&4&2.0111542996153764|73297&4&51.86752269584674|73305&4&103.15906950384485|73308&4&2.936715833592661,2|73196&4&877.6120752834502|73198&4&294.12354734349697|73205&4&0.289313617483041|73207&4&370.3038129890168|73214&4&221.3145563426434|73215&4&309.2481899519455|73217&4&366.4086692906647|73221&4&449.1983439288119|73223&4&185.82441213511868|73224&4&750.1624722772336|73226&4&22.179963312769658|73231&4&66.68745911406884|73239&4&588.7196091357296|73240&4&3.6237826182986077|73244&4&283.9427640346781|73250&4&33.91150536270766|73252&4&14.90041427786036|73253&4&493.7362889137576|73257&4&767.6538959264542|73265&4&119.95650235756817|73266&4&521.6169682968305|73276&4&405.21982458795753|73278&4&826.7933065103202|73287&4&181.69606755336653|73289&4&0.9756618543942107|73292&4&95.12552038763701|73296&4&10.706022261658163|73300&4&54.426588422290564|73301&4&4.767482073428608,2|73189&4&402.0977483168747|73190&4&4.473538463040471|73195&4&39.31570613116007|73203&4&5.381160073923139|73207&4&388.23057449444656|73209&4&17.50607180919389|73218&4&898.5353239776446|73231&4&194.83174862843194|73235&4&1.865174681370263E-14|73237&4&308.2692112561102|73238&4&77.87059239972523|73239&4&-3.1086244689504383E-15|73242&4&905.7685556281573|73251&4&109.74423398351747|73253&4&436.87219955155524|73256&4&538.5648775525927|73262&4&719.3208069887435|73271&4&114.36053885901157|73277&4&170.9243177529671|73296&4&22.15752597824923|73300&4&38.72982392211077|73303&4&11.955619042441715|73307&4&134.4388434118297
99|4,130,1,1,1,1,1,1,1,1,1,1,1,1,1,1,1,1,1,1,1,1,1,1,1,1,1,1,1,1,1,1,1,1,1,1,1,1,1,1,1,1,1,1,1,1,1,1,1,1,1,1,1,1,1,1,1,1,1,1,1,1,1,1,1,1,1,1,1,1,1,1,1,1,1,1,1,1,1,1,1,1,1,1,1,1,1,1,1,1,1,1,1,1,1,1,1,1,1,1,1,1,0,0,0,0,0,0,0,0,0,0,0,0,0,0,0,0,0,0,0,0,2|73201&4&132.75927631131006|73211&4&1.4210854715202004E-14|73216&4&454.85176761915744|73228&4&963.2184755959743|73229&4&625.0643843190911|73230&4&59.365114994129854|73238&4&480.5421575741765|73245&4&4.085620730620576E-14|73246&4&473.09942325154987|73248&4&898.9895211659357|73266&4&560.6102895276928|73272&4&229.03772206991647|73276&4&427.1330330557131|73279&4&107.56098530766558|73285&4&199.15873999003998|73286&4&391.1448889636825|73296&4&128.02608174702127,2|73195&4&532.6975261942182|73199&4&520.3159803200907|73201&4&712.1513459483305|73202&4&23.7317208102468|73206&4&460.4779829389846|73207&4&41.20664980231067|73208&4&8.926747518692634|73213&4&237.1802399804288|73216&4&18.282732509479654|73217&4&491.0328969252346|73220&4&90.13172318129475|73222&4&183.00272120542968|73224&4&178.35008651637196|73229&4&314.79200924114105|73231&4&504.6577166005188|73232&4&830.0588311650364|73235&4&446.47035740893267|73238&4&114.16805063049156|73240&4&718.5682673378944|73241&4&7.760640272864407|73242&4&4.1522700582228165|73243&4&487.619732147108|73255&4&660.6350438754549|73267&4&260.4274531760449|73277&4&37.787702476663455|73280&4&221.89625046680578|73284&4&11.551920421426829|73286&4&1.687538997430238E-14|73288&4&356.103513124281|73293&4&208.87485372415085|73296&4&82.92854282383567|73307&4&5.557706550251402,2|73189&4&17.25955404826516|73193&4&385.0472146997485|73195&4&140.72432366903826|73202&4&330.82274501250424|73204&4&90.57583738810796|73210&4&361.9048296103207|73215&4&540.4479942230819|73218&4&6.7698184681797455|73230&4&917.6453815990133|73237&4&7.037677713403783|73239&4&112.0320106681379|73240&4&34.633204178881726|73247&4&285.3631889988261|73265&4&146.64634284803677|73271&4&777.8095225740678|73278&4&689.9961701600113|73279&4&88.7235468052597|73282&4&230.61868842471358|73288&4&490.364553630901|73300&4&70.7159965800965|73301&4&15.025305156251779|73302&4&1.5543122344752192E-15|73303&4&130.37530807359008,2|73189&4&45.36935021873035|73193&4&24.958975497015167|73198&4&116.42858094507704|73199&4&25.076114290318287|73200&4&93.41180000468236|73203&4&92.1853367168851|73207&4&9.95453099360384|73211&4&545.7282445232269|73219&4&111.66727362197895|73226&4&518.2399333054292|73235&4&137.5660423131281|73236&4&817.9252993321031|73241&4&644.242021309499|73242&4&50.67652070543676|73245&4&222.67220843865783|73250&4&175.09480746744754|73252&4&938.682322775146|73258&4&310.8431832629174|73260&4&24.888980563499686|73261&4&73.52933410984576|73264&4&348.14691315356924|73267&4&58.7307534083397|73276&4&362.00763467176654|73284&4&320.14582532680123|73286&4&370.7193478696642|73288&4&166.50903019796343|73293&4&10.448381294346511|73297&4&16.550942218119783|73301&4&19.30142824430884|73302&4&5.908224309959349|73305&4&48.63953996324847|73308&4&212.83515019407045,2|73191&4&510.2232960736176|73192&4&738.8685678305671|73196&4&9.06476805878245|73199&4&53.99065302386704|73209&4&972.6219306465575|73210&4&143.89968188578845|73221&4&863.4684997562324|73225&4&183.17874410931617|73233&4&856.6135308695326|73234&4&303.72084205881123|73239&4&108.38833584616299|73243&4&353.8948681724571|73244&4&138.36643010178003|73245&4&569.4149847811375|73255&4&238.40717859962172|73257&4&218.77020120631659|73262&4&93.8230853863388|73267&4&22.417463028499327|73272&4&71.90206886490115|73273&4&325.92151080386213|73280&4&9.010077616194474|73282&4&533.7808019370698|73285&4&570.454006994679|73294&4&29.176026675784996|73301&4&90.53431077795737|73304&4&1.1556023360627454,2|73189&4&83.79240202572754|73196&4&1.9943739462759593|73197&4&66.70743646292263|73200&4&7.157992571695413|73203&4&257.58784590456236|73209&4&276.3776610055474|73217&4&192.99911916887692|73220&4&130.0575313392882|73222&4&412.39610678801563|73233&4&23.742379897958962|73244&4&429.2055968332281|73248&4&195.06256354984865|73250&4&424.79871040961837|73254&4&789.8118307341291|73260&4&86.4896064311422|73261&4&398.9862872028861|73267&4&101.74340717762497|73268&4&28.032779763579853|73270&4&1205.7617193705157|73272&4&54.04848764682227|73273&4&293.5847005810252|73280&4&377.70639305835823|73283&4&338.237111127946|73285&4&18.06086056165286|73287&4&41.00090064699833|73294&4&11.92131843856426|73296&4&4.884981308350689E-15|73300&4&68.96895964128979|73301&4&42.44109187183858|73302&4&194.5304178812764|73303&4&20.889680361970278,2|73189&4&257.17248755055965|73190&4&693.6649691477339|73197&4&252.68038954239972|73200&4&329.6216475464036|73205&4&212.76593125209814|73208&4&1493.8862684967849|73212&4&647.68183360977|73213&4&60.54462704026736|73219&4&504.10163362846527|73223&4&193.16557119759676|73227&4&358.23435687760406|73228&4&47.89857125035597|73237&4&309.52202360669844|73238&4&77.32360180720413|73241&4&4.308260520883786|73245&4&352.31709951898773|73251&4&660.4023680764161|73252&4&13.609778654641348|73259&4&284.10403801968255|73260&4&888.5279707999767|73261&4&268.0038949981223|73267&4&13.02844537259556|73273&4&277.7594526618018|73279&4&207.48817690977702|73281&4&36.53609051188048|73289&4&51.44541199511056|73292&4&14.620725275624267|73298&4&14.316530845260903|73303&4&1.5840456681345605|73304&4&223.6612725091798,2|73191&4&54.40352129682623|73194&4&117.45667739429018|73204&4&1372.746217539409|73206&4&199.89714684023852|73207&4&76.62875452440504|73210&4&142.5440090660312|73213&4&395.9031809881966|73216&4&167.3777476053237|73222&4&263.887819532722|73225&4&26.38532925433647|73240&4&123.0551103435303|73249&4&998.0646834643483|73256&4&380.3034694487266|73261&4&19.881706666619607|73262&4&3.8871249001288395|73263&4&1016.3603590865634|73264&4&134.65267693409334|73268&4&1380.4207032851757|73269&4&331.4668666774551|73274&4&237.1628822716313|73275&4&1118.3536873333182|73279&4&93.95219643628583|73280&4&185.76376488089534|73285&4&-4.085620730620576E-14|73288&4&-3.552713678800501E-15|73297&4&46.28824083955048|73305&4&94.4486593248067|73308&4&0.9921352427302017,2|73196&4&845.4977358296503|73198&4&323.6738625661384|73205&4&-2.1094237467877974E-15|73207&4&348.8222672507742|73214&4&253.373979481672|73215&4&515.60346806558|73217&4&544.5389253272696|73221&4&384.3632127709843|73223&4&332.0470145844015|73224&4&729.8724513161862|73226&4&15.472072048067805|73231&4&48.295725359649765|73239&4&551.0808702528188|73240&4&1.8118913091493107|73244&4&239.25935012608366|73250&4&17.012015107915108|73252&4&6.207484912369236|73253&4&537.9352742646092|73257&4&844.514559385248|73265&4&92.00903307391198|73266&4&549.8083800171516|73276&4&550.2335961055101|73278&4&847.5710060421549|73287&4&169.77635605940316|73289&4&-6.661338147750939E-16|73292&4&93.40464201424695|73296&4&7.137348174438771|73300&4&47.946613798931|73301&4&2.399674233961383,2|73189&4&379.0305969136778|73190&4&2.236769231520232|73195&4&34.61293215462032|73203&4&-3.730349362740526E-14|73207&4&358.5257162216992|73209&4&4.758507346240016|73218&4&958.6879938771425|73231&4&171.94360917745882|73237&4&356.4108264536337|73238&4&73.54444837751826|73242&4&830.9174115113317|73251&4&82.27678041372633|73253&4&368.22045977324075|73256&4&509.8207483858696|73262&4&785.8813754627613|73271&4&99.74442321525558|73277&4&155.8087847183954|73296&4&19.811432288819887|73300&4&34.02660731636016|73303&4&10.12440585164421|73307&4&125.05997822191485
100|4,130,1,1,1,1,1,1,1,1,1,1,1,1,1,1,1,1,1,1,1,1,1,1,1,1,1,1,1,1,1,1,1,1,1,1,1,1,1,1,1,1,1,1,1,1,1,1,1,1,1,1,1,1,1,1,1,1,1,1,1,1,1,1,1,1,1,1,1,1,1,1,1,1,1,1,1,1,1,1,1,1,1,1,1,1,1,1,1,1,1,1,1,1,1,1,1,1,1,1,1,1,0,0,0,0,0,0,0,0,0,0,0,0,0,0,0,0,0,0,0,0,2|73201&4&181.61601757804925|73216&4&422.90779730059955|73228&4&896.5957606177961|73229&4&622.0286399836313|73230&4&37.161194681199675|73238&4&439.08121213881805|73246&4&422.087288295734|73248&4&820.524347302999|73266&4&492.61252758496624|73272&4&269.95123646518556|73276&4&397.75662685250825|73279&4&99.53941113345408|73285&4&175.7104221298398|73286&4&499.0623602442379|73296&4&117.27493546119325,2|73195&4&476.12764870374514|73199&4&484.3189452474297|73201&4&652.0196006838704|73202&4&15.8211472068312|73206&4&408.3664346672306|73207&4&16.448143176257272|73208&4&6.039613253960852E-14|73213&4&288.41736580123086|73216&4&71.8644615244133|73217&4&453.234774254684|73220&4&84.58658131359934|73222&4&150.21141584515385|73224&4&164.9687480025305|73229&4&267.30048769045675|73231&4&470.31767842922375|73232&4&751.4240396896537|73235&4&480.21071392162787|73238&4&351.9291881703181|73240&4&738.9642141670522|73241&4&5.173760181909602|73242&4&-7.105427357601002E-15|73243&4&507.00403811268313|73255&4&614.1964492949735|73267&4&389.1552685950085|73269&4&29.814236399815627|73277&4&35.798876030523274|73280&4&291.6961667471878|73284&4&5.775960210713433|73288&4&336.5682492944208|73293&4&219.8150021074044|73296&4&101.34573494827418|73305&4&19.406590369307196|73307&4&2.643415858150241,2|73189&4&6.445864056383996|73193&4&365.0143151834105|73195&4&129.0252758661444|73202&4&307.43933620240415|73204&4&50.83238498374135|73210&4&335.42649588221605|73215&4&476.6794164566657|73218&4&3.585309503546834|73230&4&916.2122103508253|73232&4&91.18406484747572|73237&4&-3.375077994860476E-14|73239&4&99.37652448323846|73240&4&30.7850703812282|73247&4&261.2759661226306|73261&4&158.58191449460958|73265&4&223.59448216702637|73271&4&867.3262224890199|73278&4&586.1766667316684|73279&4&65.99479333440657|73282&4&203.87487452744557|73288&4&536.7675385355622|73300&4&65.1598779458377|73301&4&13.484541910913176|73303&4&146.26792928122507,2|73189&4&36.401702264887305|73193&4&12.44827698880955|73198&4&0.0|73199&4&168.60523327399466|73200&4&71.50085557000315|73203&4&80.87902412963328|73207&4&224.4743406501538|73211&4&588.2822663803959|73219&4&271.96976481328704|73226&4&517.373984244682|73235&4&112.90445222862854|73236&4&890.0047149116742|73237&4&116.6768623508817|73241&4&595.1348814966077|73242&4&143.24990436330026|73245&4&364.0252733003614|73250&4&147.80225744722134|73252&4&1024.1369002870128|73258&4&285.065253002796|73260&4&19.911184450799745|73261&4&48.29578707256218|73264&4&456.9164630456684|73267&4&48.111814935638265|73276&4&310.15124316930934|73284&4&318.7512333343625|73286&4&327.56693365379516|73288&4&130.2911327411438|73293&4&7.8362859707598815|73297&4&5.4123847450021945|73301&4&15.084585843653846|73302&4&3.902789392168014|73305&4&43.864870240332706|73308&4&213.27017370357459,2|73191&4&544.7899628098967|73192&4&670.0210665852042|73196&4&6.781291174531215|73199&4&44.4645009475267|73209&4&882.5611544218391|73210&4&108.39872267248661|73221&4&980.3568464635391|73225&4&161.40830872294075|73233&4&781.3196042498483|73234&4&354.59132186999943|73239&4&77.51430148225168|73243&4&303.76608567179545|73244&4&127.98902345431566|73245&4&532.4949198749267|73255&4&201.61179649987122|73257&4&168.90509279964024|73262&4&72.57556706165185|73267&4&15.794619429059544|73272&4&51.13313414771117|73273&4&301.2859896795108|73280&4&2.566160753103753|73282&4&588.0888365624401|73285&4&672.3019487897989|73294&4&27.388696610587854|73301&4&84.39463428576511|73304&4&2.220446049250313E-15,2|73189&4&224.7242146766829|73196&4&-5.773159728050814E-15|73197&4&62.86132361514064|73200&4&-5.5067062021407764E-14|73203&4&289.45316204197275|73209&4&338.9529352766603|73217&4&153.65561324228676|73220&4&106.05408688220751|73222&4&383.6432842676269|73233&4&158.79176888329948|73244&4&539.662185263242|73248&4&207.1394108632482|73250&4&398.4328523609718|73251&4&91.51458362806318|73254&4&820.5112961188258|73260&4&73.40123342695273|73261&4&376.3027031471653|73267&4&89.58581368676195|73268&4&15.143174651174562|73270&4&1210.819258344185|73272&4&46.327275125847656|73273&4&284.3161426971444|73280&4&345.22649467332985|73283&4&314.9063261329235|73285&4&7.1171848187556455|73287&4&34.167417205831946|73294&4&7.675168861208883|73300&4&88.18035160448379|73301&4&66.55559518047826|73302&4&202.98770072476984|73303&4&18.403541583535006,2|73189&4&234.10367894627532|73190&4&771.6447302877145|73197&4&219.84504050421754|73200&4&421.4233342843333|73205&4&245.54774057460617|73208&4&1543.76843914441|73212&4&622.6740871305916|73213&4&50.453855866889455|73219&4&442.1637993413321|73223&4&160.15039711982683|73227&4&334.11891463353027|73228&4&34.24560227273455|73237&4&270.32850316574553|73238&4&48.63279313036543|73241&4&-5.329070518200751E-15|73245&4&301.0939934203115|73251&4&613.2686047173315|73252&4&6.804889327320691|73259&4&247.9135016054642|73260&4&914.4389780020274|73261&4&248.3937937579567|73267&4&3.9152270762307837|73273&4&233.95009398579427|73279&4&278.15934522302564|73281&4&32.476524899449316|73289&4&63.23219888599943|73292&4&9.978924560873699|73298&4&19.881618697475957|73303&4&0.6136686212048663|73304&4&205.97931198707875,2|73191&4&42.64490800373415|73194&4&162.14859408018143|73204&4&1421.768017661804|73206&4&188.962789903824|73207&4&59.06068930678265|73210&4&276.3668415266324|73213&4&356.92058523264393|73216&4&142.58468080720078|73222&4&331.17245615164575|73225&4&24.95072843134974|73240&4&96.05729482475516|73249&4&1012.2606984707102|73256&4&338.97587475774577|73261&4&17.396493333292156|73262&4&-8.881784197001252E-16|73263&4&1152.3132414273123|73264&4&111.05389234245546|73268&4&1359.1044559660145|73269&4&301.41123322104977|73274&4&217.59117594818503|73275&4&1013.8007930622525|73279&4&88.42559664591607|73280&4&164.051608949474|73297&4&40.70895898325422|73305&4&85.73824914576855|73308&4&1.5543122344752192E-15,2|73196&4&811.1209603920333|73198&4&0.0|73207&4&327.34072151253156|73214&4&350.2536171626957|73215&4&619.1104883056759|73217&4&544.0360305701297|73221&4&327.4421478666718|73223&4&343.05670211405857|73224&4&713.7123383624267|73226&4&8.764180783365951|73231&4&29.90399160523069|73239&4&515.6102396005656|73240&4&1.3766765505351941E-14|73244&4&200.42211014409085|73250&4&7.2684440824246614|73252&4&3.730349362740526E-14|73253&4&507.2900241258074|73257&4&846.6103014690735|73265&4&65.93045149135548|73266&4&644.489997150552|73276&4&716.500780739732|73278&4&867.7688370794837|73287&4&157.85664456543972|73292&4&87.03448238045301|73296&4&3.56867408721938|73300&4&42.09946819740824|73301&4&0.8131026294253589,2|73189&4&355.963445510481|73190&4&-7.105427357601002E-15|73195&4&29.910158178080565|73207&4&328.8208579489518|73209&4&2.1316282072803006E-14|73218&4&885.0002185422568|73231&4&149.0554697264857|73237&4&337.507599565659|73238&4&69.2183043553113|73242&4&756.0662673945062|73251&4&54.80932684393517|73253&4&306.82492708012546|73256&4&506.6965052847807|73262&4&772.5096999804261|73271&4&85.12830757149959|73277&4&140.69325168382366|73296&4&17.46533859939054|73300&4&29.323390710609562|73303&4&8.293192660846708|73307&4&119.03481598824544
101|4,130,1,1,1,1,1,1,1,1,1,1,1,1,1,1,1,1,1,1,1,1,1,1,1,1,1,1,1,1,1,1,1,1,1,1,1,1,1,1,1,1,1,1,1,1,1,1,1,1,1,1,1,1,1,1,1,1,1,1,1,1,1,1,1,1,1,1,1,1,1,1,1,1,1,1,1,1,1,1,1,1,1,1,1,1,1,1,1,1,1,1,1,1,1,1,1,1,1,1,1,1,0,0,0,0,0,0,0,0,0,0,0,0,0,0,0,0,0,0,0,0,2|73201&4&191.41479526157804|73216&4&390.96382698204167|73228&4&829.973045639618|73229&4&671.8617170955695|73230&4&19.10045259060425|73238&4&397.6202667034594|73246&4&378.14906535860933|73248&4&742.0591734400623|73266&4&429.98163086395664|73272&4&399.8691665613714|73276&4&368.38022064930334|73279&4&91.5178369592426|73285&4&152.26210426963956|73286&4&613.4591017239608|73296&4&106.52378917536527,2|73195&4&655.0616726949148|73199&4&448.32191017476873|73201&4&594.9100715704002|73202&4&7.9105736034156|73206&4&356.7387737795093|73207&4&-1.1368683772161603E-13|73213&4&271.17749961924204|73216&4&207.3946646324099|73217&4&415.4366515841334|73220&4&0.0|73222&4&121.29501162724299|73224&4&151.587409488689|73229&4&222.50002285282036|73231&4&517.1730653243442|73232&4&674.740098891304|73235&4&450.35075343537653|73238&4&394.438516356473|73240&4&689.2584391508985|73241&4&2.586880090954797|73243&4&541.9972165911875|73255&4&662.5404375791146|73257&4&237.56603187159317|73267&4&519.2809685289565|73269&4&70.07227530977595|73277&4&33.810049584383094|73280&4&374.96973002112924|73284&4&3.730349362740526E-14|73288&4&317.0329854645606|73293&4&203.86375709112704|73296&4&122.18789311439318|73305&4&18.436260850841837|73307&4&1.3217079290751117,2|73189&4&0.0|73193&4&569.9977573796061|73195&4&117.32622806325051|73202&4&315.1921254765656|73204&4&23.458831166754564|73210&4&308.94816215411134|73215&4&424.057532479659|73218&4&0.40080053891398265|73230&4&934.4800419676103|73232&4&224.83283899261113|73239&4&86.72103829833901|73240&4&26.93693658357467|73247&4&237.18874324643514|73253&4&112.65977141337902|73261&4&327.7705916314866|73265&4&356.18681396209666|73271&4&981.4309909286346|73278&4&487.3288087958831|73279&4&48.9098090237087|73282&4&177.1310606301775|73283&4&30.230288086210066|73288&4&673.0175018156406|73300&4&59.603759311578926|73301&4&11.943778665574573|73303&4&160.39077682442223,2|73189&4&27.434054311044267|73193&4&5.105785883681006|73199&4&281.3169038711857|73200&4&49.589911135323916|73203&4&74.04000124373303|73207&4&444.99891077034897|73211&4&648.471324990875|73219&4&258.09210838856774|73226&4&520.5112899098002|73235&4&91.49076750704212|73236&4&946.4366475248924|73237&4&243.67838275323976|73241&4&567.4401328199664|73242&4&145.14102321403942|73245&4&345.2673291142467|73250&4&120.50970742699513|73252&4&1003.850644074719|73258&4&300.7111319641996|73260&4&14.933388338099801|73261&4&29.939865586343736|73264&4&505.0223244688945|73267&4&37.492876462936835|73276&4&266.2830439009344|73284&4&329.16541888576245|73286&4&284.41451943792606|73288&4&97.63112130688494|73293&4&5.224190647173252|73297&4&0.9973015847730106|73301&4&10.86774344299885|73302&4&1.897354474376678|73305&4&39.85880385355906|73308&4&226.03479172677766,2|73191&4&584.3377948914358|73192&4&623.4785443641238|73196&4&4.497814290279979|73199&4&35.82455115265219|73209&4&792.5003781971207|73210&4&78.01561535426794|73221&4&939.6334463185277|73225&4&139.6378733365653|73233&4&712.5214644854694|73234&4&323.88566114847185|73239&4&46.6402671183404|73243&4&260.19210557100354|73244&4&117.61161680685129|73245&4&495.57485496871595|73255&4&164.81641440012075|73257&4&133.85188641196817|73262&4&51.3280487369649|73267&4&9.171775829619762|73272&4&30.364199430521186|73273&4&276.6504685551596|73280&4&1.865174681370263E-14|73282&4&612.4887872152312|73285&4&628.2812520338405|73294&4&25.60136654539071|73301&4&78.25495779357286,2|73189&4&239.98491887763572|73197&4&84.71504229334336|73203&4&272.6486550838925|73209&4&321.0422261078912|73217&4&122.90871888883267|73220&4&0.0|73222&4&354.8904617472382|73233&4&150.72722054493474|73244&4&656.9084422238416|73248&4&196.0544758816257|73250&4&429.8350143350625|73251&4&296.66357650376597|73254&4&752.2955662072186|73260&4&60.31286042276324|73261&4&353.61911909144453|73267&4&77.42822019589893|73268&4&6.437741647268999|73270&4&1094.525962066978|73272&4&38.606062604873046|73273&4&409.74723521736104|73280&4&312.74659628830125|73283&4&291.57554113790104|73285&4&0.0|73287&4&27.333933764665563|73294&4&4.7634261471516455|73300&4&108.15617467909945|73301&4&90.64404479034967|73302&4&212.1165203762165|73303&4&15.917402805099734,2|73189&4&211.03487034199097|73190&4&752.3904565743785|73197&4&187.00969146603532|73200&4&469.2111247586913|73205&4&262.8904895964759|73208&4&1662.629003987974|73212&4&682.2416654572258|73213&4&40.36308469351155|73219&4&392.4300815914295|73223&4&128.7032746911206|73227&4&313.38479206156444|73228&4&20.592633295113128|73237&4&231.13498272479256|73238&4&27.68774136888594|73245&4&255.2535671353585|73251&4&566.1348413582471|73252&4&3.375077994860476E-14|73259&4&211.72296519124578|73260&4&854.0316440730087|73261&4&228.7836925177911|73267&4&2.6645352591003757E-15|73273&4&193.8048425817596|73279&4&263.52185810056244|73281&4&28.41695928701815|73289&4&53.008984621189|73292&4&6.134018470678101|73298&4&32.18816990869993|73303&4&4.218847493575595E-15|73304&4&188.29735146497762,2|73191&4&30.886294710642076|73194&4&223.31713444433876|73204&4&1491.5726187613545|73206&4&264.74886648152506|73207&4&41.49262408916025|73210&4&261.5617351650528|73213&4&317.93798947709126|73216&4&117.79161400907785|73222&4&313.1336643666836|73225&4&96.75772138668037|73240&4&69.05947930598|73249&4&919.6069637336581|73256&4&297.6482800667649|73261&4&14.911279999964705|73263&4&1203.7410470782677|73264&4&88.17996626628165|73268&4&1353.6966488425717|73269&4&271.3555997646444|73274&4&198.01946962473878|73275&4&1091.4234771116508|73279&4&82.89899685554632|73280&4&142.33945301805267|73297&4&45.74540481835294|73305&4&77.0278389667304,2|73196&4&778.4669615585138|73198&4&110.36795800507419|73207&4&305.85917577428893|73214&4&324.6649753032739|73215&4&643.3855909463268|73217&4&513.3283019193108|73221&4&275.9528350584692|73223&4&487.4306274299261|73224&4&767.5690465123589|73226&4&5.842787188910659|73231&4&14.663124987339643|73239&4&588.2712701536715|73244&4&167.9664845213714|73250&4&-5.5067062021407764E-14|73253&4&476.6447739870056|73257&4&784.8802988575711|73265&4&48.60795118032751|73266&4&605.9671155636324|73276&4&698.0255243854718|73278&4&1036.1379395425884|73287&4&145.93693307147635|73292&4&89.6511056794917|73296&4&-1.1546319456101628E-14|73300&4&36.92804124686216|73301&4&-5.995204332975845E-15,2|73189&4&332.8962941072842|73195&4&25.207384201540812|73207&4&299.1159996762044|73218&4&938.5693903781364|73231&4&126.1673302755126|73235&4&23.592196147531354|73237&4&318.6043726776844|73238&4&64.89216033310434|73242&4&681.2151232776807|73251&4&28.91333860749154|73253&4&251.9842996550521|73256&4&493.63541003322337|73262&4&810.6452593851897|73271&4&70.51219192774357|73277&4&127.59510358850342|73293&4&23.132263649372742|73296&4&15.119244909961198|73300&4&24.62017410485896|73303&4&6.461979470049204|73305&4&23.086970682703544|73307&4&109.4882656505183
102|4,130,1,1,1,1,1,1,1,1,1,1,1,1,1,1,1,1,1,1,1,1,1,1,1,1,1,1,1,1,1,1,1,1,1,1,1,1,1,1,1,1,1,1,1,1,1,1,1,1,1,1,1,1,1,1,1,1,1,1,1,1,1,1,1,1,1,1,1,1,1,1,1,1,1,1,1,1,1,1,1,1,1,1,1,1,1,1,1,1,1,1,1,1,1,1,1,1,1,1,1,1,0,0,0,0,0,0,0,0,0,0,0,0,0,0,0,0,0,0,0,0,2|73201&4&181.0415223542368|73216&4&359.01985666348384|73228&4&851.8442982507993|73229&4&784.276975230589|73230&4&6.45773222765502|73238&4&356.1593212681008|73246&4&414.77576679479967|73248&4&663.5939995771256|73266&4&369.0821399972304|73272&4&533.6884569344477|73276&4&339.0038144460985|73279&4&83.4962627850311|73285&4&128.8137864094394|73286&4&631.2831569243681|73296&4&95.77264288953728,2|73195&4&666.5154066577982|73199&4&412.3248751021076|73201&4&539.7473829357049|73202&4&0.0|73206&4&307.42510654755296|73213&4&253.93763343725325|73216&4&254.28890996543996|73217&4&377.63852891358283|73222&4&93.69500828424515|73224&4&138.20607097484753|73229&4&179.9271186313017|73231&4&549.9535582786691|73232&4&604.0473489265927|73235&4&420.4907929491252|73238&4&482.34364178091505|73240&4&868.0784063065475|73241&4&-7.993605777301127E-15|73243&4&507.50892373656984|73255&4&611.362713855402|73257&4&385.28539479847586|73267&4&533.9544797326538|73269&4&66.49412595328761|73277&4&31.821223138242914|73280&4&413.7525923176078|73288&4&297.4977216347004|73293&4&188.84591330399417|73296&4&143.9215184065183|73305&4&17.465931332376478|73307&4&-8.43769498715119E-15,2|73193&4&528.1065456949875|73195&4&105.62718026035662|73202&4&290.6925788159705|73204&4&7.882836336118927|73210&4&282.46982842600664|73215&4&373.27972718562415|73218&4&-1.887379141862766E-15|73230&4&942.0065235417358|73232&4&311.99513207084317|73239&4&74.06555211343957|73240&4&23.088802785921143|73247&4&247.32429162691014|73253&4&358.7379146838295|73261&4&465.9004193824803|73265&4&402.7344197059326|73271&4&902.5839343685784|73278&4&397.4792070045442|73279&4&32.60769259914278|73282&4&150.3872467329095|73283&4&83.58045439772971|73288&4&621.824009659241|73300&4&54.047640677320146|73301&4&10.403015420235969|73303&4&173.12627576082824,2|73189&4&18.466406357201226|73193&4&3.552713678800501E-14|73199&4&266.76372079442933|73200&4&27.678966700644693|73203&4&67.57650001157775|73207&4&426.9050458493272|73211&4&788.5861099197105|73219&4&244.21445196384843|73226&4&478.95247237746673|73235&4&73.02415590328413|73236&4&976.5270740454857|73237&4&337.6921475963893|73241&4&537.8570282292777|73242&4&187.82905087688272|73245&4&326.509384928132|73250&4&93.21715740676892|73252&4&915.7353258581413|73258&4&312.7324423180651|73260&4&9.955592225399858|73261&4&16.78932707800965|73264&4&580.2694459131711|73267&4&26.8739379902354|73276&4&224.7968483209001|73284&4&348.95779783110424|73286&4&241.26210522205696|73288&4&71.2213545855017|73293&4&2.612095323586623|73297&4&-6.661338147750939E-16|73301&4&6.650901042343854|73302&4&0.6361148749883013|73305&4&36.641899763466725|73308&4&240.7969468854337,2|73191&4&561.3820403903568|73192&4&658.3840083410206|73196&4&2.214337406028743|73199&4&28.781395915924705|73203&4&27.512372613931745|73209&4&702.4396019724024|73210&4&51.59286276046579|73220&4&151.80655219055376|73221&4&999.0410549476625|73225&4&117.86743795018988|73233&4&645.9055079766263|73234&4&338.46520199108545|73239&4&20.112474678726777|73243&4&223.39865080185774|73244&4&107.23421015938693|73245&4&458.6547900625052|73255&4&128.3108625347047|73257&4&98.79868002429612|73262&4&30.080530412277955|73267&4&2.54893223017998|73272&4&12.288321181019318|73273&4&252.0149474308083|73282&4&658.7136890676609|73285&4&584.2605552778823|73294&4&23.814036480193565|73301&4&72.11528130138062,2|73189&4&273.74916969827245|73197&4&161.38933363542884|73203&4&255.8441481258123|73209&4&443.53496954161807|73217&4&93.0527659849281|73219&4&119.03170284589652|73222&4&326.1376392268495|73233&4&237.1791035398947|73244&4&618.3769213435485|73248&4&265.171611597072|73250&4&440.29567184741217|73251&4&335.3624579473315|73254&4&796.4605484613796|73260&4&47.22448741857375|73261&4&330.9355350357237|73267&4&65.27062670503591|73268&4&-4.085620730620576E-14|73270&4&1191.9541681357655|73272&4&30.884850083898435|73273&4&549.9540748840654|73280&4&280.26669790327276|73283&4&268.2447561428786|73287&4&20.50045032349918|73294&4&2.4767525582205234|73300&4&129.25704070659654|73301&4&85.83404569671742|73302&4&220.38733939541595|73303&4&13.431264026664461,2|73189&4&187.96606173770664|73190&4&827.346214525711|73197&4&155.46010663979908|73200&4&586.9186762958907|73205&4&257.0717865481277|73208&4&1675.9044487749247|73212&4&692.1434165113641|73213&4&30.272313520133654|73219&4&351.0734939401157|73223&4&103.06376616521631|73227&4&291.2213223285819|73228&4&6.939664317491706|73237&4&199.66355422609618|73238&4&9.024065213665587|73245&4&211.0894908174377|73251&4&519.0010779991625|73255&4&44.08367152269648|73259&4&178.44585900983694|73260&4&831.9883983465645|73261&4&209.17359127762552|73269&4&112.47841937485089|73273&4&157.92039344564282|73275&4&86.15668647330709|73279&4&313.18371811505494|73281&4&63.78269089978735|73289&4&46.82837022669482|73292&4&3.164331122577561|73298&4&36.07889363348448|73304&4&170.6153909428766,2|73191&4&19.12768141755|73194&4&224.49588638226655|73204&4&1563.3894479601463|73206&4&425.97256304664984|73207&4&23.92455887153786|73210&4&246.7566288034733|73213&4&278.9553937215386|73216&4&92.99854721095494|73222&4&367.49411117582366|73225&4&144.67559947053388|73240&4&42.06166378720486|73249&4&895.3356832399529|73256&4&256.320685375784|73261&4&12.426066666637254|73263&4&1170.942525655803|73264&4&68.5952368953529|73268&4&1274.3901611331253|73269&4&241.2999663082391|73274&4&178.44776330129253|73275&4&989.3330514950064|73279&4&77.37239706517656|73280&4&120.62729708663136|73297&4&39.635336577486925|73305&4&68.31742878769226,2|73196&4&705.1322481413991|73198&4&124.24359806239586|73207&4&284.3776300360463|73214&4&299.0763334438519|73215&4&688.1840572949637|73217&4&631.7948821521268|73221&4&225.6820111444925|73223&4&505.57218633281315|73224&4&702.0185227074419|73226&4&2.9213935944553455|73231&4&5.266476643663923|73239&4&736.4194334600495|73244&4&141.78586572433343|73253&4&445.99952384820375|73257&4&723.1502962460686|73265&4&32.912833678063905|73266&4&588.4826644909158|73276&4&717.871604313494|73278&4&1061.176918970959|73287&4&134.01722157751294|73292&4&82.83160689905614|73300&4&32.46194674834574,2|73189&4&309.82914270408736|73195&4&20.504610225001063|73207&4&269.41114140345707|73210&4&90.34105522008753|73218&4&856.5832784929885|73231&4&103.27919082453947|73235&4&40.787122888074734|73237&4&299.7011457897098|73238&4&60.56601631089738|73242&4&606.3639791608554|73251&4&15.210627694078585|73253&4&199.7335163477173|73256&4&494.91885542866015|73262&4&757.826906553244|73271&4&55.89607628398758|73277&4&116.8802869116438|73293&4&55.892208262087955|73296&4&12.773151220531854|73300&4&19.91695749910836|73303&4&4.630766279251701|73305&4&46.487751757831205|73307&4&99.94171531279117
103|4,130,1,1,1,1,1,1,1,1,1,1,1,1,1,1,1,1,1,1,1,1,1,1,1,1,1,1,1,1,1,1,1,1,1,1,1,1,1,1,1,1,1,1,1,1,1,1,1,1,1,1,1,1,1,1,1,1,1,1,1,1,1,1,1,1,1,1,1,1,1,1,1,1,1,1,1,1,1,1,1,1,1,1,1,1,1,1,1,1,1,1,1,1,1,1,1,1,1,1,1,1,0,0,0,0,0,0,0,0,0,0,0,0,0,0,0,0,0,0,0,0,2|73201&4&229.85884594128694|73216&4&327.075886344926|73228&4&829.7733970389154|73229&4&734.1249068503489|73230&4&-2.3092638912203256E-14|73238&4&314.6983758327423|73246&4&477.51763643249683|73248&4&585.1288257141889|73266&4&314.0976520631345|73272&4&500.63792959635543|73276&4&309.6274082428936|73279&4&75.4746886108196|73285&4&105.36546854923918|73286&4&603.7545334248875|73296&4&85.02149660370928,2|73195&4&737.1394773882914|73199&4&376.3278400294466|73201&4&487.1374424346419|73206&4&263.03960458838884|73213&4&236.69776725526447|73216&4&299.04756879318904|73217&4&339.84040624303225|73222&4&66.84839240134926|73224&4&124.82473246100604|73229&4&144.22422483775233|73231&4&584.4637212964933|73232&4&540.8633701367054|73235&4&390.63083246287397|73238&4&525.9958788089607|73240&4&942.3461207532177|73243&4&509.86806952312554|73255&4&560.1849901316895|73257&4&568.9451018603221|73267&4&662.4357734317156|73269&4&62.91597659679927|73277&4&29.832396692102733|73280&4&498.0127646779231|73288&4&277.9624578048402|73293&4&173.82806951686135|73296&4&143.00393592384572|73305&4&16.49560181391112,2|73193&4&486.21533401036885|73195&4&93.92813245746274|73202&4&336.45893321566155|73204&4&-1.7763568394002505E-15|73210&4&255.99149469790194|73215&4&327.46364267683566|73229&4&17.04896827393651|73230&4&857.8618525384702|73232&4&446.80147305812926|73239&4&61.410065928540135|73240&4&19.240668988267615|73247&4&221.52593018788113|73253&4&425.0956452225112|73261&4&549.1990077284792|73265&4&382.163160743205|73271&4&879.75591801676|73278&4&316.8029058489501|73279&4&23.046407854738888|73282&4&123.64343283564146|73283&4&86.72633843810746|73288&4&626.7238099090398|73300&4&48.491522043061366|73301&4&8.862252174897366|73303&4&185.8396304901376,2|73189&4&9.498758403358186|73199&4&289.39412462417624|73200&4&14.37017102947442|73203&4&61.11299877942247|73207&4&421.7903876622274|73211&4&728.9124263021312|73219&4&230.33679553912913|73226&4&437.3936548451334|73235&4&58.40655865314909|73236&4&929.6646428144777|73237&4&319.89206749601567|73241&4&557.6529746835381|73242&4&311.5172924989483|73245&4&360.2892529160264|73250&4&73.08691193833633|73252&4&1015.7657074865319|73258&4&322.9791846379842|73260&4&4.977796112699915|73261&4&8.86949224326861|73264&4&673.6115872774916|73267&4&16.254999517533967|73276&4&189.5335574238599|73284&4&326.5857480514334|73286&4&200.72260128974642|73288&4&47.94932481646687|73293&4&-6.217248937900877E-15|73301&4&2.434058641688858|73302&4&1.9984014443252818E-15|73305&4&34.278847241871986|73308&4&257.2029730395611,2|73191&4&606.3918154994421|73192&4&736.7405518527544|73196&4&0.0|73199&4&21.738240679197226|73203&4&26.13675398323516|73209&4&613.2843454441843|73210&4&30.404795288179635|73220&4&158.7987184747887|73221&4&1067.914100992341|73225&4&105.74730616434255|73233&4&587.3766338635994|73234&4&314.2528008007433|73239&4&8.252324754698954|73243&4&189.41569704600118|73244&4&96.85680351192258|73245&4&421.7347251562944|73255&4&94.63317074388674|73257&4&66.80002082171545|73262&4&16.431013083477154|73267&4&-1.687538997430238E-14|73272&4&125.16536354323102|73273&4&227.37942630645696|73276&4&15.726817628236347|73282&4&833.5311634720349|73285&4&540.2398585219239|73294&4&22.02670641499642|73301&4&65.97560480918837,2|73189&4&293.57054832841203|73197&4&268.1980153118207|73203&4&239.0396411677321|73209&4&617.5339454128894|73217&4&63.19681308102351|73219&4&299.4469269612383|73222&4&297.3848167064608|73233&4&351.88676005378835|73244&4&637.793387634861|73248&4&420.1101065366141|73250&4&521.6564348892257|73251&4&422.83703676191885|73254&4&844.4550646283307|73260&4&34.13611441438427|73261&4&308.2519509800029|73267&4&53.113033214172894|73270&4&1279.1957377923864|73272&4&23.163637562923824|73273&4&667.6433626943522|73280&4&247.7867995182442|73283&4&244.91397114785622|73287&4&13.666966882332797|73294&4&0.8788555463450266|73300&4&150.48944410364712|73301&4&81.02404660308517|73302&4&202.62104861868963|73303&4&10.94512524822919,2|73189&4&164.8972531334223|73190&4&895.7684194051376|73197&4&127.3818736266822|73200&4&617.8688209428725|73205&4&401.7229774606442|73208&4&1675.4293246155894|73212&4&773.8979003608497|73213&4&20.181542346755755|73219&4&315.4474964884886|73223&4&78.71772320487172|73227&4&269.05785259559934|73228&4&1.8260949203689243|73237&4&173.68633789408884|73238&4&8.526512829121202E-14|73245&4&169.24387392330476|73251&4&471.867314640078|73255&4&170.81929189836399|73259&4&208.33877471159772|73260&4&785.39452602661|73261&4&189.56349003745993|73269&4&109.84390925983939|73273&4&126.52802258397404|73275&4&198.65712317470923|73279&4&338.8915813634201|73281&4&234.70400320866372|73289&4&41.64738738409915|73292&4&1.0903223136588414|73298&4&39.86749236760725|73304&4&155.62273717181108,2|73191&4&7.369068124457923|73194&4&271.00187198059746|73204&4&1610.960987609267|73206&4&401.8774806756673|73207&4&10.751373615603763|73210&4&231.95152244189376|73213&4&239.97279796598593|73216&4&69.62821939686967|73222&4&535.0871958221071|73225&4&159.8796800731464|73240&4&25.589369033937718|73249&4&799.2628257907332|73256&4&214.99309068480318|73261&4&9.940853333309803|73263&4&1069.2079913887712|73264&4&53.64208831441156|73268&4&1157.8904692795013|73269&4&212.4299910622581|73274&4&158.87605697784625|73275&4&894.4363983808844|73279&4&71.8457972748068|73280&4&98.91514115521002|73297&4&37.836470218876244|73305&4&59.607018608654116,2|73196&4&754.0164470917962|73198&4&204.3629070620488|73207&4&262.8960842978037|73214&4&273.48769158443|73215&4&647.7471841026295|73217&4&821.3700546694017|73221&4&181.58657191331062|73223&4&580.369861584903|73224&4&710.2106157988815|73226&4&3.197442310920451E-14|73231&4&0.0|73239&4&722.4749737660311|73244&4&118.53446003525781|73253&4&415.35427370940187|73257&4&661.4202936345662|73265&4&18.672751147285567|73266&4&623.213534653722|73276&4&674.5859289115085|73278&4&1173.7499381851105|73287&4&122.09751008354951|73292&4&76.01210811862057|73300&4&28.67467425278125,2|73189&4&286.7619913008905|73195&4&15.801836248461312|73207&4&239.7062831307097|73210&4&172.71647232815434|73218&4&840.9287557376117|73226&4&75.95740739697762|73231&4&80.39105137356636|73235&4&89.78089779216475|73237&4&280.79791890173516|73238&4&56.23987228869042|73242&4&531.5128350440297|73251&4&5.993661726364278|73253&4&154.5885460106573|73256&4&469.24338492671495|73262&4&916.2696321706522|73271&4&41.279960640231586|73277&4&106.16547023478415|73293&4&84.33363999745151|73296&4&10.42705753110251|73300&4&15.213740893357759|73303&4&2.7995530884541986|73305&4&71.02397612397338|73307&4&90.39516497506403
104|4,130,1,1,1,1,1,1,1,1,1,1,1,1,1,1,1,1,1,1,1,1,1,1,1,1,1,1,1,1,1,1,1,1,1,1,1,1,1,1,1,1,1,1,1,1,1,1,1,1,1,1,1,1,1,1,1,1,1,1,1,1,1,1,1,1,1,1,1,1,1,1,1,1,1,1,1,1,1,1,1,1,1,1,1,1,1,1,1,1,1,1,1,1,1,1,1,1,1,1,1,1,0,0,0,0,0,0,0,0,0,0,0,0,0,0,0,0,0,0,0,0,2|73201&4&278.5385243663663|73216&4&295.1319160263681|73228&4&921.2301314394189|73229&4&683.9728384701089|73238&4&273.2374303973837|73246&4&430.8683376417406|73248&4&514.0451799326102|73266&4&263.7855243116842|73272&4&467.5874022582632|73276&4&280.25100203968873|73279&4&67.4531144366081|73285&4&81.91715068903898|73286&4&578.6804256825766|73296&4&75.77385535024649,2|73195&4&806.6786591573102|73199&4&340.3308049567856|73201&4&434.52750193357895|73206&4&220.31076427024777|73213&4&219.45790107327565|73216&4&374.225289391944|73217&4&302.04228357248167|73222&4&45.05550583772477|73224&4&111.44339394716455|73229&4&110.4660411382087|73231&4&569.0107914882003|73232&4&483.60458574660754|73235&4&360.7708719766227|73238&4&520.1382358552478|73240&4&912.4527058209826|73243&4&589.145592714101|73255&4&509.0072664079769|73257&4&604.676898277717|73267&4&668.0132056312904|73269&4&59.337827240310936|73277&4&27.843570245962553|73280&4&469.44210081559925|73288&4&258.42719397498|73293&4&158.81022572972853|73296&4&189.44001313478583|73305&4&15.52527229544576,2|73193&4&444.32412232575024|73195&4&82.22908465456885|73202&4&324.15947393495753|73210&4&229.51316096979724|73215&4&287.60749924388864|73229&4&16.196519860239682|73230&4&773.7171815352046|73232&4&463.13420671384443|73239&4&48.7545797436407|73240&4&15.392535190614087|73247&4&248.19866977570467|73253&4&515.6080415176264|73261&4&604.4451083652158|73265&4&373.8584045571323|73271&4&808.3901519193689|73278&4&247.05416148785133|73279&4&14.992925598085964|73282&4&96.89961893837344|73283&4&82.10171587398146|73288&4&570.9486428278879|73300&4&42.935403408802586|73301&4&7.321488929558761|73303&4&198.26460452958312,2|73189&4&2.545217673245104|73199&4&272.98176220209467|73200&4&9.652485692578017|73203&4&54.64949754726719|73207&4&542.490996528722|73211&4&721.691386397335|73219&4&216.45913911440982|73226&4&395.83483731279995|73235&4&49.41589470309782|73236&4&886.9698140456915|73237&4&302.09198739564204|73241&4&613.6425416287931|73242&4&510.985217927821|73245&4&405.3955731276131|73250&4&60.586384881543665|73252&4&983.0865454337472|73258&4&298.69131071741384|73260&4&-2.8421709430404007E-14|73261&4&1.6795479782269422|73264&4&672.6540863078812|73267&4&5.636061044832535|73276&4&157.92433291451|73284&4&304.2136982717627|73286&4&161.95455757151956|73288&4&30.887729388035687|73301&4&1.509903313490213E-14|73305&4&31.915794720277255|73308&4&234.7668859207451,2|73191&4&583.9010287308311|73192&4&799.6049720827426|73199&4&14.695085442469747|73203&4&24.761135352538574|73209&4&529.9874715654171|73210&4&15.445859544748862|73220&4&150.47926617057286|73221&4&1136.6693584895863|73225&4&93.62717437849525|73233&4&532.0442987884373|73234&4&290.0403996104011|73239&4&2.52458873864688|73243&4&162.46041098562648|73244&4&86.47939686445822|73245&4&384.81466025008365|73255&4&65.01378887202415|73257&4&46.00778464874009|73262&4&3.1013108318840015|73272&4&155.69054145571755|73273&4&202.74390518210572|73276&4&41.80463110598693|73282&4&831.8581932553834|73285&4&496.2191617659656|73294&4&20.239376349799272|73301&4&59.83592831699612|73302&4&45.95513807404393,2|73189&4&319.6298946087632|73197&4&256.79630255720554|73203&4&222.23513420965193|73209&4&690.0146866045794|73217&4&44.2901358175767|73219&4&336.4860293557291|73222&4&268.63199418607206|73233&4&332.72148882781113|73244&4&683.8231583842567|73248&4&572.1717106855153|73250&4&579.0059732907621|73251&4&417.8731133482447|73254&4&765.7965744424863|73260&4&21.04774141019479|73261&4&285.5683669242821|73267&4&40.95543972330988|73270&4&1237.2011360439294|73272&4&15.442425041949212|73273&4&711.7030962398834|73280&4&215.3069011332157|73283&4&221.58318615283375|73287&4&6.833483441166414|73294&4&1.9984014443252818E-15|73300&4&171.94951638016448|73301&4&76.21404750945291|73302&4&184.85475784196333|73303&4&8.458986469793917,2|73189&4&141.82844452913798|73190&4&820.9630505066291|73197&4&103.3802021077307|73200&4&635.2965341432684|73205&4&385.6742415133345|73208&4&1540.5902227439224|73212&4&699.0581320408602|73213&4&10.090771173377856|73219&4&285.5308337958568|73223&4&59.9325840849087|73227&4&246.89438286261677|73228&4&-3.1086244689504383E-15|73237&4&148.71553543730238|73245&4&133.9903895904731|73251&4&424.73355128099337|73255&4&274.0810301921939|73259&4&248.28956914257927|73260&4&867.8313585440401|73261&4&169.9533887972943|73269&4&133.8349870348706|73273&4&96.75711790461823|73275&4&259.0529943317753|73279&4&402.71308728922475|73281&4&236.51931010096243|73289&4&57.905395843747115|73292&4&8.881784197001252E-15|73298&4&37.15073047043456|73304&4&140.6300834007456,2|73191&4&-1.2434497875801753E-14|73194&4&252.85227976188546|73204&4&1566.2273107501483|73206&4&377.78239830468476|73207&4&2.6785943738751374|73210&4&217.1464160803142|73213&4&200.99020221043327|73216&4&49.74259059099526|73222&4&591.6907329399278|73225&4&158.75709790649367|73240&4&14.501650468981975|73249&4&777.8524379125785|73256&4&173.66549599382233|73261&4&7.455639999982353|73263&4&1025.8323229169114|73264&4&42.30063552763224|73268&4&1129.1856900354287|73269&4&188.92815399026136|73274&4&139.30435065439997|73275&4&808.7684682351988|73279&4&66.31919748443704|73280&4&84.25275882207109|73297&4&48.161498686620135|73305&4&50.896608429615966,2|73196&4&743.26810012117|73198&4&195.57394518143005|73207&4&241.4145385595611|73214&4&247.89904972500818|73215&4&635.6115015898974|73217&4&867.428420845505|73221&4&144.6491270213299|73223&4&571.6174145715552|73224&4&778.4368379243637|73239&4&676.5327038871274|73244&4&98.84486787323777|73253&4&384.70902357060004|73257&4&599.6902910230638|73265&4&6.925901749308983|73266&4&668.9483915175227|73276&4&631.3002535095228|73278&4&1121.0731797305937|73287&4&110.1777985895861|73292&4&69.19260933818501|73300&4&25.60895028835884,2|73189&4&263.69483989769367|73195&4&11.09906227192156|73207&4&210.0014248579623|73210&4&224.9029276860536|73218&4&882.0634055107053|73226&4&72.15953702712874|73231&4&57.50291192259323|73235&4&155.63122704570864|73237&4&261.8946920137605|73238&4&51.91372826648346|73242&4&460.1987521995928|73251&4&1.4602617953990686|73253&4&116.25680366663447|73256&4&433.72658183117557|73262&4&947.6240206868044|73271&4&26.66384499647559|73277&4&95.45065355792454|73293&4&111.0732768942746|73296&4&8.080963841673167|73300&4&10.51052428760716|73303&4&1.3997765442271008|73305&4&71.98815104774991|73307&4&98.90712440398482
105|4,130,1,1,1,1,1,1,1,1,1,1,1,1,1,1,1,1,1,1,1,1,1,1,1,1,1,1,1,1,1,1,1,1,1,1,1,1,1,1,1,1,1,1,1,1,1,1,1,1,1,1,1,1,1,1,1,1,1,1,1,1,1,1,1,1,1,1,1,1,1,1,1,1,1,1,1,1,1,1,1,1,1,1,1,1,1,1,1,1,1,1,1,1,1,1,1,1,1,1,1,1,0,0,0,0,0,0,0,0,0,0,0,0,0,0,0,0,0,0,0,0,2|73200&4&82.55321568664374|73201&4&366.8783546929348|73216&4&263.1879457078102|73228&4&933.7945689027435|73229&4&633.8207700898687|73238&4&231.77648496202517|73246&4&512.3045440750459|73248&4&446.5400735754155|73266&4&217.38290020237065|73272&4&434.53687492017093|73276&4&250.8745958364839|73278&4&0.7213105050461195|73279&4&59.43154026239661|73285&4&58.46883282883877|73286&4&629.8366265111199|73296&4&67.33588781201357,2|73195&4&783.0453321633283|73199&4&304.3337698841245|73201&4&382.8545965521601|73206&4&180.61935776872662|73213&4&211.36138900685307|73216&4&376.452617889027|73217&4&264.2441609019311|73222&4&28.18002319821437|73224&4&98.06205543332308|73229&4&80.195836223946|73231&4&518.8019836792164|73232&4&428.2228148056297|73235&4&330.91091149037135|73238&4&510.18673355297955|73240&4&915.5190063068951|73243&4&686.4155328053071|73255&4&457.8295426842644|73257&4&695.6325299174504|73267&4&625.3030054631356|73269&4&55.759677883822604|73277&4&25.854743799822373|73280&4&442.90644839309437|73288&4&238.8919301451198|73293&4&143.79238194259568|73296&4&178.15729879692856|73305&4&14.5549427769804,2|73191&4&102.75854178635967|73193&4&402.43291064113157|73195&4&70.53003685167496|73202&4&307.2891256297397|73207&4&49.226177715475615|73210&4&203.03482724169254|73215&4&249.43246243967687|73229&4&15.344071446542857|73230&4&689.5725105319393|73232&4&437.1579175786749|73239&4&36.09909355874127|73240&4&11.544401392960559|73247&4&327.91130061138387|73253&4&693.558511681448|73261&4&570.2645031616535|73265&4&442.1104793013309|73271&4&837.7794636992539|73278&4&184.35386692508547|73279&4&8.850756680887763|73282&4&70.1558050411054|73283&4&123.19569940806463|73288&4&531.2706394180439|73300&4&37.379284774543805|73301&4&5.780725684220158|73303&4&184.49867630879405,2|73189&4&1.69681178216338|73199&4&371.3423080932965|73200&4&7.2393642694335085|73203&4&48.18599631511191|73207&4&511.2849244818809|73211&4&716.2950105878016|73219&4&202.58148268969052|73226&4&356.5863706787918|73235&4&40.448692062432315|73236&4&969.076299003354|73237&4&302.1970595164266|73241&4&670.5957941649484|73242&4&503.8023690966142|73245&4&502.270260072613|73250&4&53.36877043970565|73252&4&1008.7554355244496|73258&4&317.67984211186246|73261&4&-1.021405182655144E-14|73264&4&672.4246766003482|73267&4&1.2434497875801753E-14|73276&4&126.9531335672303|73284&4&281.841648492092|73286&4&124.5896230231526|73288&4&16.202682590039366|73305&4&29.552742198682523|73308&4&212.33079880192912,2|73191&4&532.5257757592899|73192&4&729.4496285975818|73199&4&7.651930205742269|73203&4&23.385516721841988|73209&4&449.49921665310154|73210&4&7.77236570733129|73220&4&142.15981386635704|73221&4&1198.719267975352|73225&4&81.50704259264796|73233&4&476.7119637132754|73234&4&265.827998420059|73239&4&1.7763568394002505E-14|73243&4&137.95793765176558|73244&4&76.10199021699387|73245&4&347.8945953438729|73255&4&40.8852985305911|73257&4&26.85643921453406|73262&4&-1.1546319456101628E-14|73272&4&147.60123648184478|73273&4&178.10838405775445|73276&4&39.67508250661699|73282&4&890.5922565831347|73285&4&452.1984650100073|73294&4&18.45204628460213|73301&4&53.696251824803866|73302&4&43.657381170341736,2|73189&4&340.94200052442|73197&4&241.59236733776623|73203&4&205.43062725157174|73209&4&649.7694061284726|73217&4&30.992585623171486|73219&4&372.91624435989235|73222&4&239.87917166568332|73233&4&313.5562176018339|73244&4&638.3152319212902|73248&4&659.5447857025076|73250&4&537.4249509331163|73251&4&510.79926459385996|73254&4&748.3482774149372|73260&4&7.9593684060053045|73261&4&262.8847828685613|73267&4&28.797846232446858|73270&4&1174.9620515141455|73272&4&7.7212125209746|73273&4&723.2431537669172|73280&4&182.82700274818717|73283&4&198.25240115781133|73287&4&3.019806626980426E-14|73300&4&161.64954568772526|73301&4&71.40404841582065|73302&4&167.08846706523704|73303&4&5.972847691358646,2|73189&4&118.75963592485364|73190&4&757.9607241713223|73197&4&80.5172000648731|73200&4&589.4631943899086|73205&4&365.50137741782663|73208&4&1405.7511208722556|73212&4&626.8115529484194|73213&4&-4.263256414560601E-14|73219&4&260.4285734558704|73223&4&42.276360654712704|73227&4&224.7309131296342|73237&4&126.68520871691172|73245&4&102.29742147492365|73251&4&377.59978792190867|73255&4&465.65725308419434|73259&4&287.45647448884307|73260&4&920.2194323552542|73261&4&150.3432875571287|73269&4&126.57337205911853|73273&4&71.52793236328475|73275&4&378.16826499686977|73279&4&477.1952913315092|73281&4&0.0|73289&4&53.7711613004573|73298&4&34.867106896855034|73304&4&127.91974330659554,2|73194&4&234.70268754317345|73204&4&1437.8514076554459|73206&4&487.5653387626939|73207&4&0.0|73210&4&202.34130971873464|73213&4&162.0076064548806|73216&4&31.973796809150418|73222&4&651.7885382075665|73225&4&149.47349497622548|73240&4&5.190963117073887|73249&4&965.7055377425193|73256&4&132.3379013028415|73261&4&4.970426666654902|73263&4&1136.2056072086525|73264&4&31.04738018741498|73268&4&1169.9846354649546|73269&4&171.7994530352816|73274&4&142.6386357471926|73275&4&728.7475222609091|73279&4&60.79259769406728|73280&4&72.93637093191242|73297&4&43.289074574173455|73305&4&44.463813929139924,2|73196&4&715.7245842649597|73198&4&184.65399952553818|73207&4&219.93299282131844|73214&4&222.31040786558626|73215&4&738.0923098459674|73217&4&912.8205802881847|73221&4&111.49673379542071|73223&4&605.9746054797407|73224&4&757.0826830943979|73239&4&620.5684264816836|73244&4&79.15527571121771|73253&4&354.06377343179815|73257&4&537.9602884115611|73265&4&-2.6645352591003757E-14|73266&4&838.7238107397484|73276&4&588.0145781075373|73278&4&1045.9361771358244|73287&4&110.0122148749451|73292&4&62.37311055774945|73300&4&23.384918989989465,2|73189&4&240.62768849449685|73195&4&6.39628829538181|73207&4&180.29656658521492|73210&4&345.64823651498153|73218&4&964.0980101255454|73226&4&105.73905405918607|73231&4&34.61477247162011|73235&4&218.87897173779982|73237&4&242.99146512578588|73238&4&47.5875842442765|73242&4&396.9887240677315|73251&4&9.325873406851315E-15|73253&4&83.76496674188752|73256&4&479.207509426853|73262&4&870.5487806071857|73271&4&13.861808170474005|73277&4&84.73583688106493|73293&4&105.09830360119567|73296&4&5.734870152243824|73300&4&5.807307681856559|73303&4&4.884981308350689E-15|73305&4&68.02551974374397|73307&4&89.65321795482835
106|4,130,1,1,1,1,1,1,1,1,1,1,1,1,1,1,1,1,1,1,1,1,1,1,1,1,1,1,1,1,1,1,1,1,1,1,1,1,1,1,1,1,1,1,1,1,1,1,1,1,1,1,1,1,1,1,1,1,1,1,1,1,1,1,1,1,1,1,1,1,1,1,1,1,1,1,1,1,1,1,1,1,1,1,1,1,1,1,1,1,1,1,1,1,1,1,1,1,1,1,1,1,0,0,0,0,0,0,0,0,0,0,0,0,0,0,0,0,0,0,0,0,2|73200&4&221.46874034416504|73201&4&345.20626504719274|73216&4&231.24397538925234|73228&4&852.8274916741651|73229&4&583.6687017096286|73238&4&190.31553952666656|73246&4&576.446438661738|73248&4&382.32539771214766|73262&4&53.76904547965586|73264&4&78.47052401826483|73266&4&175.36314170081738|73272&4&401.4863475820788|73276&4&221.49818963327905|73278&4&97.93237637806145|73279&4&51.40996608818511|73281&4&14.042649586093244|73285&4&35.02051496863857|73286&4&722.2441031911314|73296&4&59.0572479089279,2|73195&4&753.1865997528149|73199&4&268.3367348114635|73201&4&340.9263682716914|73206&4&144.2822255017613|73213&4&340.336175426706|73216&4&354.4086640044528|73217&4&226.4460382313805|73222&4&14.49628849364958|73224&4&84.6807169194816|73229&4&52.833984348243156|73231&4&695.5698875017063|73232&4&374.1092812241465|73235&4&301.05095100412007|73238&4&498.02617668360494|73240&4&955.856455732782|73243&4&637.33540790591|73255&4&406.6518189605519|73257&4&880.5271701465764|73267&4&582.5928052949807|73269&4&52.181528527334265|73277&4&23.865917353682192|73280&4&570.2302199985746|73288&4&219.3566663152596|73293&4&128.7745381554628|73296&4&166.87458445907126|73305&4&13.584613258515041,2|73191&4&114.91547071618773|73193&4&360.54169895651296|73195&4&58.83098904878109|73202&4&398.18002330914925|73207&4&142.25014393753352|73210&4&176.55649351358784|73215&4&216.49538956686285|73229&4&14.491623032846032|73230&4&605.4278395286736|73232&4&411.18162844350536|73239&4&23.44360737384183|73240&4&7.69626759530703|73247&4&315.4602551990448|73253&4&675.1922262119978|73261&4&553.847141292542|73265&4&414.77891109701255|73271&4&873.9194732175212|73278&4&128.97686781504007|73279&4&2.708587763689561|73282&4&50.233231002659664|73283&4&118.56226086877376|73288&4&474.69061415332646|73300&4&31.82316614028502|73301&4&4.2399624388815536|73303&4&170.73274808800497,2|73189&4&0.848405891081693|73199&4&349.1913002555508|73200&4&4.826242846289|73203&4&41.72249508295663|73207&4&480.0788524350398|73211&4&656.6627238456488|73219&4&188.70382626497124|73226&4&317.33790404478356|73235&4&32.358953649945846|73236&4&1005.7263582728947|73237&4&380.9456783809213|73241&4&615.3524089178925|73242&4&536.9030362864984|73245&4&614.7044707096946|73250&4&46.15115599786766|73252&4&1009.6602381653965|73258&4&411.3677876458028|73264&4&629.0921912107875|73276&4&98.40288502293312|73284&4&259.4695987124213|73286&4&87.50560769589998|73288&4&6.740487451825843|73305&4&27.189689677087788|73308&4&189.89471168311312,2|73191&4&481.1505227877485|73192&4&659.2942851124209|73199&4&3.7248150697456395|73203&4&22.009898091145402|73209&4&373.32611880552406|73210&4&3.4047452314657924|73220&4&285.34406044714103|73221&4&1211.4113326631582|73225&4&69.38691080680067|73233&4&421.37962863811333|73234&4&344.263337517455|73243&4&114.59385965198264|73244&4&65.72458356952951|73245&4&310.9745304376621|73255&4&24.020571091830202|73257&4&9.881475389761672|73270&4&213.63834592745644|73272&4&260.0511783686647|73273&4&153.47286293340318|73276&4&105.89576163362395|73282&4&902.012399392556|73285&4&612.0061006112658|73294&4&16.664716219404987|73301&4&47.55657533261163|73302&4&41.35962426663954,2|73189&4&443.6541537509755|73197&4&357.4625523493045|73203&4&188.62612029349154|73209&4&842.8791633629806|73217&4&18.383935415982812|73219&4&352.3150877542662|73222&4&211.12634914529463|73233&4&312.8758480427341|73244&4&592.4986807167371|73248&4&634.5117332395041|73250&4&495.8439285754705|73251&4&575.1319769431865|73254&4&764.83765988388|73260&4&1.408088187677168|73261&4&240.20119881284046|73267&4&16.64025274158384|73270&4&1066.9428442276658|73272&4&-1.2434497875801753E-14|73273&4&743.6573766724196|73280&4&150.34710436315868|73283&4&174.9216161627889|73300&4&151.34957499528605|73301&4&66.5940493221884|73302&4&150.8510776866632|73303&4&3.4867089129233735,2|73189&4&95.6908273205693|73190&4&719.0939585252602|73197&4&58.068370329220514|73200&4&543.629854636549|73205&4&339.79730982218587|73208&4&1350.5951820489104|73212&4&653.7076385578592|73219&4&237.07618862175065|73223&4&27.955222546850926|73227&4&202.56744339665164|73237&4&106.87045003479454|73245&4&73.90473936386053|73251&4&330.46602456282415|73255&4&500.7463783656673|73259&4&415.83609312891616|73260&4&950.8496037118839|73261&4&130.7331863169631|73267&4&12.098705120820881|73269&4&119.31175708336642|73273&4&48.700168348542135|73275&4&495.8473271839717|73279&4&448.0369584901119|73289&4&49.63692675716747|73298&4&32.58348332327552|73304&4&115.20940321244548,2|73194&4&219.5013225731774|73204&4&1310.3967725948962|73206&4&456.77635525026176|73210&4&187.53620335715507|73213&4&123.02501069932792|73216&4&16.890446714218207|73222&4&611.5006786854309|73225&4&252.57483846795185|73240&4&-1.4210854715202004E-14|73249&4&1057.203131659888|73256&4&96.31124001285961|73261&4&2.485213333327451|73263&4&1184.7705498492278|73264&4&19.794124847197722|73268&4&1245.177971000012|73269&4&154.6707520803019|73274&4&314.90661388287845|73275&4&652.7907313661999|73279&4&55.265997903697524|73280&4&66.30579175628404|73297&4&38.41665046172677|73305&4&38.031019428663896,2|73196&4&692.0647206229025|73198&4&173.73405386964632|73207&4&198.4514470830758|73214&4&196.72176600616442|73215&4&730.9895830523624|73217&4&925.4074185978961|73221&4&81.08785512266036|73223&4&565.4437505856567|73224&4&861.2207121727263|73239&4&669.4197299513876|73244&4&59.46568354919766|73253&4&323.4185232929964|73257&4&476.2302858000587|73266&4&889.26407669422|73276&4&544.7289027055515|73278&4&970.7991745410554|73287&4&166.68756459304768|73292&4&55.553611777313876|73300&4&21.160887691620097,2|73189&4&217.56053709130003|73195&4&1.693514318842058|73207&4&150.59170831246755|73210&4&428.70180461128297|73218&4&1015.1698407596816|73226&4&104.67030681511912|73231&4&11.726633020646984|73235&4&207.12957342896766|73237&4&224.08823823781123|73238&4&43.26144022206954|73242&4&339.33873777039645|73253&4&57.34724119049096|73256&4&557.3256377902978|73262&4&793.4735405275669|73271&4&4.502793803253452|73277&4&74.0210202042053|73293&4&99.12333030811675|73296&4&3.3887764628144796|73300&4&70.16757946850404|73305&4&64.06288843973803|73307&4&80.39931150567186
107|4,130,1,1,1,1,1,1,1,1,1,1,1,1,1,1,1,1,1,1,1,1,1,1,1,1,1,1,1,1,1,1,1,1,1,1,1,1,1,1,1,1,1,1,1,1,1,1,1,1,1,1,1,1,1,1,1,1,1,1,1,1,1,1,1,1,1,1,1,1,1,1,1,1,1,1,1,1,1,1,1,1,1,1,1,1,1,1,1,1,1,1,1,1,1,1,1,1,1,1,1,1,0,0,0,0,0,0,0,0,0,0,0,0,0,0,0,0,0,0,0,0,2|73200&4&212.23790807255074|73201&4&323.5341754014506|73216&4&199.30000507069445|73228&4&777.2096755092223|73229&4&533.5166333293885|73238&4&150.27568796888505|73246&4&533.6924619442386|73248&4&319.55486839096875|73262&4&179.54988720417114|73264&4&186.63066263514193|73266&4&135.87653983176682|73272&4&368.43582024398654|73276&4&192.12178343007417|73278&4&278.4304164801496|73279&4&43.38839191397361|73281&4&44.62001206656904|73285&4&17.086830345086582|73286&4&668.807124145606|73293&4&11.44976097750282|73296&4&50.77860800584223,2|73195&4&694.6279163162845|73199&4&232.33969973880244|73201&4&298.9981399912227|73206&4&109.98704838273096|73213&4&410.27145823273804|73216&4&332.3647101198786|73217&4&188.64791556082994|73222&4&3.9937067089365144|73224&4&71.29937840564011|73229&4&29.54630345478427|73231&4&797.9635045778796|73232&4&322.82684583119425|73235&4&271.19099051786884|73238&4&464.9330999889973|73240&4&941.2476721678274|73243&4&588.2552830065129|73255&4&355.47409523683933|73257&4&917.3135793785967|73267&4&539.882605126826|73269&4&48.603379170845926|73277&4&21.877090907542012|73280&4&715.157546178958|73288&4&199.8214024853994|73293&4&113.75669436832997|73296&4&155.591870121214|73305&4&12.614283740049682,2|73191&4&108.91280082591244|73193&4&361.884445774389|73195&4&47.131941245887205|73202&4&367.472094035839|73207&4&197.39196081695982|73210&4&150.07815978548314|73215&4&341.2509447711228|73229&4&33.371577641332614|73230&4&543.1680274101586|73232&4&385.2053393083358|73239&4&10.788121188942393|73240&4&3.8481337976535013|73247&4&287.87819019340435|73253&4&745.9662193547473|73261&4&642.5933669032554|73265&4&387.44734289269434|73271&4&890.2674883922693|73278&4&88.03825410542525|73279&4&-2.8421709430404007E-14|73282&4&34.06756738288217|73283&4&197.9777757356847|73288&4&418.11058888860913|73300&4&26.267047506026238|73301&4&2.69919919354295|73303&4&156.96681986721592,2|73189&4&5.995204332975845E-15|73199&4&327.0402924178051|73200&4&2.4131214231444917|73203&4&35.258993850801346|73207&4&448.87278038819875|73211&4&692.896995451142|73219&4&174.82616984025196|73226&4&278.0894374107754|73235&4&24.269215237459385|73236&4&1025.3942174408267|73237&4&397.4382324569168|73241&4&639.7802939908304|73242&4&626.4806950952931|73245&4&576.7547338322164|73250&4&38.93354155602967|73252&4&963.4978109665549|73258&4&498.8769265207835|73264&4&585.7597058212265|73276&4&69.85263647863592|73284&4&237.09754893275058|73286&4&56.531488521540496|73288&4&-4.796163466380676E-14|73305&4&24.826637155493053|73308&4&169.9294359099457,2|73191&4&429.77526981620724|73192&4&603.273225452303|73199&4&2.042810365310288E-14|73203&4&20.634279460448816|73209&4&307.43474607284446|73210&4&3.552713678800501E-14|73220&4&269.44942319867516|73221&4&1122.8870894758415|73225&4&57.26677902095338|73233&4&366.9063089450894|73234&4&336.3883162182722|73243&4&91.22978165219973|73244&4&55.34717692206516|73245&4&274.05446553145134|73255&4&8.658213172355099|73257&4&3.6813524613451145|73270&4&283.5804064341674|73272&4&336.177451448787|73273&4&128.83734180905188|73276&4&311.1811474855047|73282&4&973.9550366426301|73285&4&679.5970367966041|73294&4&14.87738615420784|73301&4&41.41689884041938|73302&4&63.573407139609756,2|73189&4&454.2027924299393|73197&4&485.9865958985081|73203&4&171.82161333541134|73209&4&1037.9845046078235|73217&4&5.879125025232365|73219&4&337.1345856658233|73222&4&182.37352662490588|73233&4&292.786331733413|73244&4&546.6821295121841|73248&4&595.4777560745675|73250&4&482.2036966574533|73251&4&540.6719714980451|73254&4&737.0815205919121|73260&4&-9.325873406851315E-15|73261&4&217.51761475711967|73267&4&6.788719932808603|73270&4&971.3567620182362|73273&4&776.3039507376363|73280&4&117.86720597813016|73283&4&152.10047294629163|73300&4&141.04960430284683|73301&4&61.78405022855613|73302&4&134.61368830808928|73303&4&1.0005701344881015,2|73189&4&72.62201871628497|73190&4&642.7976499136375|73197&4&37.00165503871727|73200&4&497.79651488318916|73205&4&314.09324222654516|73208&4&1413.1611875121353|73212&4&721.3152732308474|73219&4&213.72380378763094|73223&4&14.996491209886635|73227&4&180.4039736636691|73237&4&90.27533164286794|73245&4&48.73864736959991|73248&4&141.54000814264828|73251&4&283.3322612037396|73255&4&580.8110915368711|73259&4&439.2695283959057|73260&4&945.8797821718302|73261&4&111.1230850767975|73267&4&141.33711985739998|73269&4&114.74209720665613|73273&4&27.365007362655827|73275&4&468.63263452096305|73279&4&418.87862564871443|73289&4&50.76765229703693|73298&4&30.299859749695997|73304&4&102.49906311829544,2|73194&4&204.2999576031813|73204&4&1357.5409324305103|73206&4&445.48778847572345|73210&4&172.7310969955755|73213&4&84.04241494377524|73216&4&8.423232646861806|73222&4&673.5322412576882|73225&4&237.67198821658394|73249&4&996.3193530243964|73256&4&68.68297407100937|73261&4&0.0|73263&4&1189.4935394083216|73264&4&11.27895761300587|73268&4&1442.5993296356696|73269&4&137.5420511253222|73274&4&320.38026173555306|73275&4&576.8339404714908|73279&4&49.739398113327766|73280&4&59.67521258065564|73297&4&33.54422634928008|73305&4&31.598224928187864,2|73196&4&850.5029554990258|73198&4&162.81410821375442|73207&4&176.96990134483318|73214&4&171.13312414674252|73215&4&679.8227211278374|73217&4&1049.6879881694713|73221&4&56.11091074619685|73223&4&529.9114277605306|73224&4&888.0631539068223|73239&4&771.9400655802308|73244&4&39.77609138717759|73253&4&292.7732731541945|73257&4&414.50028318855624|73266&4&893.2430348910507|73276&4&501.4432273035659|73278&4&895.6621719462862|73287&4&210.66378921006284|73292&4&48.73411299687832|73300&4&18.93685639325073,2|73189&4&194.4933856881032|73195&4&0.0|73207&4&120.88685003972019|73210&4&405.0747211672781|73218&4&971.6311993632758|73226&4&98.77366745038107|73231&4&1.4894117006415586|73235&4&195.3801751201355|73237&4&205.1850113498366|73238&4&38.93529619986258|73242&4&281.6887514730614|73253&4&33.66201122199001|73256&4&658.5154779133026|73262&4&716.398300447948|73271&4&1.4210854715202004E-14|73277&4&63.30620352734566|73293&4&93.14835701503782|73296&4&1.042682773385136|73300&4&118.63177379468331|73305&4&60.10025713573209|73307&4&71.14540505651539
108|4,130,1,1,1,1,1,1,1,1,1,1,1,1,1,1,1,1,1,1,1,1,1,1,1,1,1,1,1,1,1,1,1,1,1,1,1,1,1,1,1,1,1,1,1,1,1,1,1,1,1,1,1,1,1,1,1,1,1,1,1,1,1,1,1,1,1,1,1,1,1,1,1,1,1,1,1,1,1,1,1,1,1,1,1,1,1,1,1,1,1,1,1,1,1,1,1,1,1,1,1,1,0,0,0,0,0,0,0,0,0,0,0,0,0,0,0,0,0,0,0,0,2|73200&4&316.1158644981805|73201&4&446.4886442258835|73216&4&167.3560347521366|73228&4&695.9751352274621|73229&4&483.3645649491484|73238&4&115.3628029737703|73246&4&490.93848522673943|73248&4&264.0318486694202|73262&4&170.43797023026343|73264&4&177.10295319333918|73266&4&103.3919634220778|73272&4&335.38529290589435|73276&4&162.74537722686932|73278&4&550.307531841361|73279&4&35.36681773976211|73281&4&101.09734046941044|73285&4&5.945287773209088|73286&4&615.3701451000805|73293&4&37.087209640168496|73296&4&42.49996810275657,2|73195&4&738.2771932034|73199&4&196.34266466614145|73201&4&257.0699117107539|73206&4&80.55663537871446|73213&4&597.4152833103228|73216&4&310.3207562353044|73217&4&150.84979289027936|73222&4&0.0|73224&4&57.91803989179864|73229&4&12.756882362042525|73231&4&782.8100004720452|73232&4&271.5444104382419|73235&4&241.3310300316175|73238&4&650.1625630041499|73240&4&960.7208421134064|73243&4&539.1751581071157|73255&4&304.29637151312676|73257&4&862.1785488291234|73267&4&497.1724049586713|73269&4&45.025229814357594|73277&4&19.888264461401832|73280&4&819.4221680550859|73288&4&180.28613865553922|73293&4&98.73885058119714|73296&4&144.3091557833567|73305&4&11.643954221584323,2|73191&4&106.163197003105|73193&4&484.3313008659285|73195&4&35.43289344299332|73202&4&336.7641647625287|73207&4&288.59129240520616|73210&4&123.59982605737846|73215&4&301.06961870565186|73229&4&154.33314917566844|73230&4&594.7683203209768|73232&4&473.4598186915957|73239&4&3.907985046680551E-14|73240&4&-2.7533531010703882E-14|73247&4&262.47857689194575|73253&4&722.6922356469886|73261&4&601.3338498839206|73265&4&360.11577468837595|73271&4&871.2798240076994|73278&4&56.78910622050002|73282&4&19.58754833649658|73283&4&248.18561359172108|73288&4&385.175485448822|73300&4&20.71092887176746|73301&4&1.158435948204346|73303&4&144.07322019260562,2|73199&4&304.88928458005944|73200&4&-1.687538997430238E-14|73203&4&28.795492618646065|73207&4&417.66670834135755|73211&4&651.0031771636083|73219&4&160.94851341553266|73226&4&238.84097077676714|73235&4&16.179476824972923|73236&4&994.9175816547222|73237&4&413.93309208531997|73241&4&625.2825869932342|73242&4&683.8358158713152|73245&4&649.6440704129453|73250&4&31.715927114191675|73252&4&1014.1438171998286|73258&4&463.08830382981887|73264&4&542.4272204316657|73276&4&41.30238793433872|73284&4&214.7254991530799|73286&4&35.5124182992155|73305&4&22.46358463389832|73308&4&149.96416013677825,2|73191&4&378.400016844666|73192&4&655.8101778978383|73203&4&19.25866082975223|73209&4&251.05128391422298|73220&4&321.2921531452801|73221&4&1032.7711023193215|73225&4&45.14664723510609|73233&4&312.4329892520654|73234&4&305.9700396682659|73243&4&67.86570365241681|73244&4&44.969770274600805|73245&4&237.1344006252405|73255&4&-1.0658141036401503E-14|73257&4&-2.7533531010703882E-14|73270&4&396.0625119434233|73272&4&330.2128704713339|73273&4&104.2018206847006|73276&4&346.59770416162775|73282&4&1000.5503194496496|73285&4&642.8221433392009|73286&4&78.37216830969155|73294&4&13.090056089010695|73301&4&35.27722234822713|73302&4&83.08509826253051,2|73189&4&470.5077613705918|73197&4&456.71487042851027|73203&4&155.01710637733115|73209&4&1155.9022855475546|73217&4&-2.6645352591003757E-14|73219&4&316.2623963343379|73222&4&153.6207041045172|73233&4&272.69681542409194|73244&4&554.1418815357592|73248&4&556.4437789096307|73250&4&445.69564514431687|73251&4&506.21196605290356|73254&4&891.4461935233633|73261&4&194.83403070139883|73267&4&0.0|73270&4&882.3228825331805|73273&4&845.155507921601|73280&4&86.00046680414805|73283&4&131.88967543359672|73300&4&130.7496336104076|73301&4&56.974051134923876|73302&4&118.97709812442912|73303&4&-7.549516567451064E-15,2|73189&4&49.55321011200063|73190&4&777.9205670034389|73197&4&20.496552539971454|73200&4&451.9631751298295|73205&4&288.38917463090445|73208&4&1381.1869475766432|73212&4&791.3115696850947|73219&4&190.37141895351124|73223&4&6.285237214420376|73227&4&158.24050393068651|73237&4&76.79662946207849|73245&4&28.260463945973104|73248&4&282.34976490253547|73251&4&236.19849784465504|73255&4&746.9482395283953|73259&4&510.93687837096866|73260&4&1064.2057762169807|73261&4&91.51298383663189|73267&4&216.1677642724489|73269&4&177.0592143488239|73273&4&12.261101229680097|73275&4&543.52443518887|73279&4&389.720292807317|73289&4&46.370169749589145|73298&4&28.01623617611648|73304&4&89.78872302414538,2|73194&4&189.0985926331852|73204&4&1407.2117117560847|73206&4&438.3488239851368|73210&4&157.92599063399598|73213&4&52.384266047700564|73216&4&100.01136547124169|73222&4&847.2916909845087|73225&4&222.76913796521603|73249&4&988.3611870637639|73256&4&44.684515661334416|73263&4&1083.8798552118362|73264&4&10.151061851705318|73268&4&1367.333342017613|73269&4&120.41335017034248|73274&4&324.5898899368042|73275&4&500.8771495767817|73279&4&44.21279832295801|73280&4&53.04463340502724|73297&4&32.1659135825132|73305&4&27.214988829327787,2|73196&4&804.6891971318634|73198&4&232.31008212964124|73207&4&155.48835560659052|73214&4&145.54448228732065|73215&4&628.6558592033125|73217&4&1029.8950944119968|73221&4&35.94582356273454|73223&4&530.7452654709751|73224&4&905.9478322089712|73239&4&887.9969213568043|73244&4&20.086499225157528|73253&4&262.1280230153927|73257&4&352.7702805770537|73266&4&867.6064380085016|73276&4&458.15755190158035|73278&4&820.525169351517|73287&4&212.42277747363397|73292&4&41.91461421644275|73300&4&16.712825094881357,2|73189&4&171.42623428490634|73207&4&91.1819917669728|73210&4&381.44763772327326|73218&4&983.7571107735456|73226&4&92.87702808564302|73231&4&1.021405182655144E-14|73235&4&183.63077681130332|73237&4&186.28178446186195|73238&4&34.609152177655616|73242&4&228.17753445700868|73243&4&30.934368387561165|73253&4&17.363287275463758|73256&4&605.732508850886|73262&4&641.4720203091881|73277&4&53.01655370891861|73293&4&87.1733837219589|73296&4&58.10042467782808|73300&4&141.9713062998961|73305&4&57.886640394315805|73307&4&61.89149860735891
109|4,130,1,1,1,1,1,1,1,1,1,1,1,1,1,1,1,1,1,1,1,1,1,1,1,1,1,1,1,1,1,1,1,1,1,1,1,1,1,1,1,1,1,1,1,1,1,1,1,1,1,1,1,1,1,1,1,1,1,1,1,1,1,1,1,1,1,1,1,1,1,1,1,1,1,1,1,1,1,1,1,1,1,1,1,1,1,1,1,1,1,1,1,1,1,1,1,1,1,1,1,1,0,0,0,0,0,0,0,0,0,0,0,0,0,0,0,0,0,0,0,0,2|73196&4&115.76708692943373|73200&4&386.41958041161104|73201&4&417.5852266566327|73216&4&135.41206443357873|73228&4&733.8533916319305|73229&4&433.2124965689084|73238&4&87.2086624142608|73246&4&448.1845085092401|73248&4&214.93113963547154|73262&4&161.32605325635575|73264&4&167.57524375153642|73266&4&74.00687856340453|73272&4&305.84222581234656|73276&4&133.36897102366444|73278&4&734.907618769387|73279&4&27.34524356555061|73281&4&95.89406146061|73285&4&0.0|73286&4&561.933166054555|73293&4&62.012919412272474|73296&4&34.2213281996709,2|73195&4&674.6081117506874|73199&4&160.3456295934804|73201&4&215.14168343028518|73206&4&53.4002171872928|73213&4&616.955260043188|73216&4&288.27680235073024|73217&4&113.05167021972882|73224&4&44.536701377957165|73229&4&1.9102337824044904|73231&4&779.5128798292716|73232&4&220.26197504528963|73235&4&211.47106954536622|73238&4&811.4918008392808|73240&4&915.7466056586462|73243&4&490.09503320771853|73255&4&253.1186477894142|73257&4&944.2066733268116|73267&4&454.46220479051647|73269&4&41.44708045786926|73277&4&17.89943801526165|73280&4&820.8678834316797|73288&4&160.75087482567903|73293&4&83.7210067940643|73296&4&133.02644144549942|73305&4&10.673624703118964,2|73191&4&194.90648922751137|73193&4&486.1733001393469|73195&4&23.73384564009943|73202&4&306.05623548921847|73207&4&426.66638050399706|73210&4&97.12149232927376|73215&4&266.8899497322065|73229&4&256.3004084584139|73230&4&761.6306406398021|73232&4&496.0219563152206|73247&4&234.9255375393424|73253&4&676.702676505866|73261&4&560.0743328645858|73265&4&332.7842064840578|73271&4&959.5783506778498|73278&4&39.206990855289234|73282&4&6.478920917298807|73283&4&233.7614967028665|73288&4&520.1395813053307|73300&4&15.154810237508679|73301&4&8.881784197001252E-15|73303&4&151.53114959095126,2|73199&4&313.6277083759638|73203&4&22.331991386490785|73207&4&386.46063629451646|73211&4&638.916953904985|73219&4&147.07085699081335|73226&4&199.5925041427589|73235&4&8.089738412486463|73236&4&970.9033717719815|73237&4&386.25928208180886|73241&4&571.9034904153574|73242&4&867.7180995093556|73245&4&728.6159783284348|73250&4&24.498312672353684|73252&4&934.3069791650679|73258&4&430.31321969186286|73264&4&499.09473504210484|73276&4&23.261057119522903|73284&4&192.3534493734092|73286&4&17.06117877733607|73305&4&20.10053211230359|73308&4&131.9233648569906,2|73191&4&327.02476387312475|73192&4&704.9063759269926|73203&4&17.883042199055645|73209&4&202.9513860347643|73212&4&23.862587105818193|73220&4&302.0106475370608|73221&4&942.6551151628014|73225&4&33.026515449258795|73233&4&257.95966955904146|73234&4&302.89515095063337|73243&4&44.501625652633905|73244&4&34.59236362713644|73245&4&200.2143357190297|73270&4&455.85417005498186|73272&4&310.9512854666097|73273&4&79.56629956034934|73276&4&379.2799558662674|73282&4&1053.561020551087|73285&4&716.37734667932|73286&4&329.4349317927007|73294&4&11.30272602381355|73301&4&29.137545856034883|73302&4&99.8418128419458,2|73189&4&464.51806587691647|73197&4&482.045917432598|73203&4&138.21259941925092|73209&4&1098.4756160211812|73219&4&295.3902070028526|73222&4&124.86788158412847|73233&4&275.8810405215499|73244&4&761.6061399843943|73248&4&517.4098017446939|73250&4&402.39408274636514|73251&4&526.349055152667|73254&4&840.5653693623185|73261&4&172.15044664567804|73270&4&797.1906559772985|73273&4&922.1522148718925|73280&4&63.73311568133525|73283&4&116.02976206389776|73300&4&120.44966291796837|73301&4&52.16405204129162|73302&4&103.98192355699383,2|73189&4&26.48440150771629|73190&4&907.011234272094|73197&4&13.691645364518346|73200&4&406.1298353764697|73205&4&262.68510703526374|73208&4&1263.8914836028434|73212&4&722.505686746268|73219&4&167.01903411939156|73223&4&-3.730349362740526E-14|73227&4&136.07703419770394|73237&4&63.317927281289045|73245&4&12.476625921612431|73248&4&471.0902665911473|73251&4&189.06473448557045|73255&4&811.1506242305084|73259&4&539.4112082152482|73260&4&1016.9124940919862|73261&4&72.7367595966703|73267&4&269.1566717726608|73269&4&166.1773351244761|73273&4&4.618527782440651E-14|73275&4&641.8122991194011|73279&4&360.5619599659195|73289&4&41.97268720214136|73298&4&25.732612602536957|73304&4&77.07838292999533,2|73194&4&173.89722766318914|73204&4&1383.5788383385548|73206&4&600.178382230039|73210&4&143.12088427241642|73213&4&33.597403748358396|73216&4&95.0028471240584|73222&4&866.8382485161037|73225&4&255.30155753698466|73249&4&944.8201652696358|73256&4&22.703076955614357|73262&4&28.130924087952735|73263&4&980.1271706575455|73264&4&9.023166090404729|73268&4&1244.6494687790203|73269&4&103.28464921536278|73274&4&301.70409279257916|73275&4&427.55676498725273|73279&4&38.68619853258825|73280&4&46.41405422939884|73297&4&43.68291901381485|73305&4&22.831752730467713,2|73196&4&731.2399784008055|73198&4&217.36934049516043|73207&4&134.00680986834791|73214&4&119.95584042789876|73215&4&577.4889972787873|73217&4&954.9953429897602|73221&4&19.362955970737012|73223&4&666.5663818840054|73224&4&836.8595561581453|73239&4&887.7323261186664|73244&4&5.69141223534655|73253&4&231.48277287659087|73257&4&291.0402779655513|73266&4&925.5015497243701|73276&4&414.87187649959463|73278&4&745.388166756748|73287&4&228.83733598350221|73292&4&35.09511543600718|73300&4&14.488793796511986,2|73189&4&148.35908288170953|73207&4&64.89537475908858|73210&4&357.8205542792684|73218&4&991.3295672701707|73226&4&135.2481487552373|73235&4&210.87917121933094|73237&4&167.3785575738873|73238&4&30.28300815544866|73242&4&177.65576706172305|73243&4&94.97203424290944|73253&4&7.717711417256269|73256&4&678.7659782743976|73262&4&566.5457401704281|73277&4&42.72690389049155|73293&4&81.19841042887997|73296&4&82.40681836621593|73300&4&161.3754705121263|73305&4&53.836558362180384|73307&4&52.71024022824858
110|4,130,1,1,1,1,1,1,1,1,1,1,1,1,1,1,1,1,1,1,1,1,1,1,1,1,1,1,1,1,1,1,1,1,1,1,1,1,1,1,1,1,1,1,1,1,1,1,1,1,1,1,1,1,1,1,1,1,1,1,1,1,1,1,1,1,1,1,1,1,1,1,1,1,1,1,1,1,1,1,1,1,1,1,1,1,1,1,1,1,1,1,1,1,1,1,1,1,1,1,1,1,0,0,0,0,0,0,0,0,0,0,0,0,0,0,0,0,0,0,0,0,2|73196&4&199.61283493253217|73200&4&461.68728515243356|73201&4&390.31318053167365|73216&4&103.46809411502086|73228&4&806.1131756269913|73229&4&383.0604281886683|73238&4&65.27761236217313|73246&4&437.17387885074805|73248&4&173.57324896500256|73262&4&152.21413628244807|73264&4&158.04753430973366|73266&4&47.60558088973583|73272&4&276.29915871879876|73276&4&103.99256482045959|73278&4&754.5171223118839|73279&4&19.323669391339116|73281&4&90.69078245180955|73286&4&508.4961870090296|73293&4&58.78949979499249|73296&4&25.94268829658523,2|73195&4&610.9390302979746|73199&4&124.34859452081935|73201&4&173.2134551498164|73206&4&31.433593759767994|73213&4&585.823512006759|73216&4&266.2328484661561|73217&4&75.25354754917825|73224&4&31.155362864115688|73229&4&3.1086244689504383E-15|73231&4&747.2968648512798|73232&4&172.43211556937172|73235&4&181.6111090591149|73238&4&757.2156750834235|73240&4&826.1695261323024|73243&4&441.01490830832137|73255&4&205.56140669856342|73257&4&992.9539342958553|73267&4&415.0580110767886|73269&4&37.86893110138092|73277&4&15.91061156912147|73280&4&832.4405422879772|73288&4&141.21561099581885|73293&4&70.18597144045066|73296&4&121.74372710764214|73305&4&9.703295184653605,2|73191&4&206.09280874764434|73193&4&499.6446828737994|73195&4&13.461167019213478|73202&4&275.3483062159082|73207&4&403.5588887564671|73210&4&72.66226252235259|73215&4&227.25309455508082|73229&4&375.4554589183183|73230&4&831.1432614231533|73232&4&678.8890163026365|73247&4&243.5104546349114|73253&4&630.7131173647434|73261&4&518.814815845251|73265&4&305.45263827973946|73271&4&1077.7090645830633|73278&4&30.778129680747142|73282&4&2.56228445845632|73283&4&219.33737981401197|73288&4&536.3155454672328|73300&4&10.280126825382716|73303&4&159.94032603444816,2|73199&4&473.19220575603595|73203&4&15.868490154335504|73207&4&355.2545642476754|73211&4&568.4762383312865|73219&4&133.19320056609408|73226&4&167.27599589693597|73235&4&3.552713678800501E-15|73236&4&972.4258784227713|73237&4&358.58547207829776|73241&4&518.5243938374807|73242&4&920.9319673516895|73245&4&852.6394046396197|73250&4&17.28069823051569|73252&4&887.4212641462075|73258&4&462.16085617150543|73264&4&455.76224965254386|73276&4&10.123897235672551|73284&4&175.9487317001645|73286&4&10.047100616818309|73305&4&17.737479590708855|73308&4&115.17569361291105,2|73191&4&277.3771125565253|73192&4&759.1064469112788|73203&4&16.50742356835906|73209&4&159.40178250258145|73212&4&89.7173715960674|73220&4&304.1143055075397|73221&4&966.0563782078348|73225&4&20.906383663411503|73233&4&203.48634986601752|73234&4&328.0786577694071|73243&4&21.43068935224023|73244&4&24.214956979672085|73245&4&163.29427081281892|73270&4&555.1572443610017|73272&4&291.68970046188554|73273&4&54.930778435998064|73276&4&485.57171132695817|73282&4&965.4043170632992|73285&4&653.3301833775209|73286&4&452.9703406744211|73294&4&9.515395958616406|73301&4&22.997869363842636|73302&4&115.53837123187915,2|73189&4&597.4673118302417|73197&4&450.044053338896|73203&4&121.40809246117075|73209&4&1142.1012227872598|73219&4&274.5180176713672|73222&4&96.11505906373975|73233&4&273.60137635835076|73244&4&940.5701351289193|73248&4&478.37582457975725|73250&4&359.0925203484133|73251&4&531.7714791190253|73254&4&799.356153849292|73261&4&149.46686258995726|73270&4&712.0584294214163|73273&4&1033.2548573367299|73280&4&46.17875077659242|73283&4&100.1698486941988|73300&4&110.14969222552915|73301&4&47.35405294765936|73302&4&89.98963185136802,2|73189&4&8.255225922003515|73190&4&887.3911031007092|73197&4&8.356355400694206|73200&4&363.5785674164591|73205&4&236.98103943962306|73208&4&1353.8178156169172|73212&4&658.2395988131293|73219&4&143.6666492852719|73227&4&260.82042369910005|73237&4&49.839225100499604|73245&4&3.87331242416783|73248&4&460.58596466805614|73251&4&145.45333114622815|73255&4&882.158078938673|73259&4&529.6340488637165|73260&4&987.8524487607053|73261&4&53.96053535670871|73267&4&254.7540617777317|73269&4&155.2954559001283|73275&4&751.7554212910773|73279&4&331.40362712452213|73289&4&37.57520465469357|73298&4&23.448989028957435|73304&4&64.36804283584527,2|73194&4&158.69586269319305|73204&4&1249.5333930893466|73206&4&762.0922419393371|73210&4&128.31577791083686|73213&4&18.931009680804365|73216&4&257.2903747651068|73222&4&806.6808262627579|73225&4&238.02694379445992|73249&4&1036.0411199149598|73256&4&7.661985266793042|73262&4&195.4898049144413|73263&4&996.6664034365393|73264&4&7.895270329104139|73268&4&1121.965595540427|73269&4&86.15594826038308|73274&4&278.81829564835425|73275&4&354.2363803977238|73279&4&33.15959874221849|73280&4&39.783475053770445|73297&4&40.152610515923065|73305&4&18.44851663160764,2|73196&4&663.3977816976833|73198&4&202.42859886067959|73207&4&112.52526413010527|73214&4&226.17339636531733|73215&4&526.3221353542624|73217&4&880.0955915675238|73221&4&5.257136006186891|73223&4&612.0882636418633|73224&4&778.9914418662966|73239&4&848.8786453468119|73244&4&-3.730349362740526E-14|73253&4&200.83752273778902|73257&4&241.26624311530318|73266&4&906.2944930184226|73276&4&371.58620109760903|73278&4&670.2511641619786|73287&4&223.09223626371045|73292&4&28.275616655571614|73300&4&12.264762498142616,2|73189&4&125.2919314785127|73207&4&42.69441278810944|73210&4&334.1934708352635|73218&4&1097.594982661041|73226&4&211.0069321786925|73235&4&430.8720895904405|73237&4&148.47533068591267|73238&4&25.9568641332417|73241&4&33.901967603423714|73242&4&137.29341997851105|73243&4&200.62609645028238|73253&4&1.9959677828038735|73256&4&827.0601508452315|73262&4&494.48940435425163|73277&4&32.43725407206449|73293&4&75.22343713580103|73296&4&94.27357633439073|73300&4&178.74074707630757|73305&4&49.78647633004496|73307&4&43.528981849138255
111|4,130,1,1,1,1,1,1,1,1,1,1,1,1,1,1,1,1,1,1,1,1,1,1,1,1,1,1,1,1,1,1,1,1,1,1,1,1,1,1,1,1,1,1,1,1,1,1,1,1,1,1,1,1,1,1,1,1,1,1,1,1,1,1,1,1,1,1,1,1,1,1,1,1,1,1,1,1,1,1,1,1,1,1,1,1,1,1,1,1,1,1,1,1,1,1,1,1,1,1,1,1,0,0,0,0,0,0,0,0,0,0,0,0,0,0,0,0,0,0,0,0,2|73196&4&235.74923022459103|73200&4&435.33028281493614|73201&4&525.1802436969953|73216&4&71.7851280387848|73228&4&723.5716348440334|73229&4&332.9083598084282|73238&4&46.80289422361379|73246&4&468.9815987027188|73248&4&132.29195385516164|73262&4&143.10221930854036|73264&4&148.5198248679309|73266&4&24.560385611477074|73272&4&246.75609162525097|73276&4&74.61615861725473|73278&4&814.2323749384464|73279&4&11.302095217127619|73281&4&85.48750344300912|73286&4&455.05920796350404|73293&4&55.56608017771249|73296&4&18.717212121271377,2|73195&4&604.5738051502514|73199&4&96.72670368456787|73201&4&132.53558596124867|73206&4&18.795222093935177|73213&4&551.1456409793512|73216&4&244.1888945815819|73217&4&43.62109844618807|73224&4&17.77402435027421|73231&4&724.4229729492047|73232&4&138.1756886158447|73235&4&151.75114857286363|73238&4&702.9395493275667|73240&4&786.8947699510724|73243&4&391.9347834089242|73244&4&29.804881259802016|73255&4&166.1011129550294|73257&4&1070.9346195025291|73267&4&375.65381736306074|73269&4&34.290781744892584|73277&4&98.2340293640862|73280&4&881.0609130196042|73288&4&121.68034716595864|73293&4&57.727283088779245|73296&4&110.46101276978484|73305&4&8.732965666188246,2|73191&4&194.07720110885867|73193&4&490.01352767455506|73195&4&6.176298352540375|73202&4&244.6403769425979|73207&4&380.4513970089372|73210&4&52.930509890017966|73215&4&288.2816854447568|73229&4&471.32885375083515|73230&4&878.5796665087205|73232&4&746.0220275875915|73247&4&214.1505174598994|73253&4&700.8506351969464|73261&4&478.94332763152744|73265&4&278.1210700754212|73271&4&1053.4428310175983|73278&4&22.34926850620505|73282&4&1.687538997430238E-14|73283&4&204.91326292515737|73288&4&560.617955390175|73300&4&6.249042396725378|73303&4&170.15018342008855,2|73199&4&440.3337274966327|73203&4&9.404988922180223|73207&4&324.04849220083423|73211&4&500.33385717188423|73219&4&119.31554414137479|73226&4&139.7105744112319|73236&4&922.4825799319228|73237&4&330.91166207478653|73241&4&465.1452972596039|73242&4&1064.30896429818|73245&4&851.1513505693608|73250&4&10.063083788677696|73252&4&879.8159729825111|73258&4&427.7010517243599|73264&4&412.42976426298304|73276&4&-9.947598300641403E-14|73284&4&191.6474862541491|73286&4&3.873134643859915|73305&4&15.374427069114121|73308&4&98.42802236883153,2|73191&4&232.55912233367303|73192&4&830.096377163896|73203&4&51.90141821689094|73209&4&121.73170016647475|73212&4&192.75490201503501|73220&4&283.7635417203855|73221&4&1095.2771875558112|73225&4&8.786251877564212|73233&4&151.78616919306057|73234&4&416.6243212626942|73243&4&6.112293314123978|73244&4&13.837550332207726|73245&4&126.37420590660814|73260&4&102.80120831647153|73270&4&614.9875947229737|73272&4&272.42811545716137|73273&4&38.127576983498955|73276&4&477.94286998130013|73282&4&879.1078899618215|73285&4&584.8406988624306|73286&4&429.2925093694053|73294&4&7.72806589341926|73301&4&16.858192871650388|73302&4&132.79077672921528,2|73189&4&579.8679017938408|73197&4&424.39628226767763|73203&4&104.60358550309056|73209&4&1200.2544306120913|73219&4&276.887792410728|73222&4&67.36223654335103|73233&4&484.29268515951867|73244&4&867.2804578846693|73248&4&439.3418474148205|73250&4&315.79095795046146|73251&4&638.6616033528255|73254&4&899.6390896769377|73261&4&126.78327853423643|73270&4&626.9262028655344|73273&4&1135.3647803873234|73280&4&28.624385871849547|73283&4&84.30993532449985|73300&4&99.84972153308992|73301&4&42.54405385402711|73302&4&76.65635595440398,2|73189&4&-7.105427357601002E-14|73190&4&876.4288294495038|73197&4&3.021065436870056|73200&4&326.5732074138134|73205&4&211.27697184398232|73208&4&1453.7419033205429|73212&4&599.0514586261731|73219&4&120.31426445115218|73227&4&266.50367872912784|73237&4&36.360522919710164|73245&4&9.769962616701378E-15|73248&4&435.24765298786315|73251&4&107.43230482848216|73255&4&850.1035462128483|73259&4&623.8334436013287|73260&4&898.8619934531924|73261&4&35.184311116747125|73267&4&240.3514517828026|73269&4&144.41357667578052|73275&4&705.4653332203068|73279&4&302.2452942831247|73289&4&34.05437180438142|73298&4&21.165365455377913|73304&4&51.657702741695225,2|73194&4&143.49449772319696|73204&4&1116.9310291705729|73206&4&741.6426376551447|73210&4&113.51067154925731|73213&4&6.737058994892801|73216&4&259.73652718844875|73222&4&746.5234040094123|73225&4&277.4962111802041|73249&4&1128.9794935915304|73256&4&1.2434497875801753E-14|73262&4&414.37574969261243|73263&4&1078.3197913726453|73264&4&6.767374567803548|73268&4&999.2817223018342|73269&4&69.02724730540339|73274&4&308.97082992391984|73275&4&286.9336614274566|73279&4&27.632998951848737|73280&4&33.15289587814205|73297&4&36.62230201803129|73305&4&14.065280532747568,2|73196&4&597.8704008181764|73198&4&187.48785722619874|73207&4&91.04371839186265|73214&4&252.8326132605627|73215&4&475.1552734297375|73217&4&980.2260644678832|73221&4&3.375077994860476E-14|73223&4&557.6101453997207|73224&4&854.5745860882374|73239&4&844.1647098743019|73253&4&170.19227259898722|73257&4&195.24494194353917|73266&4&962.4006090320764|73276&4&328.30052569562343|73278&4&595.1141615672095|73287&4&266.29559508573425|73292&4&21.833667178426442|73300&4&10.040731199773246,2|73189&4&102.22478007531586|73207&4&22.76352292086893|73210&4&310.5663873912587|73218&4&1111.6055110425825|73226&4&287.8105436495346|73235&4&524.2358040689403|73237&4&129.57210379793804|73238&4&21.630720111034744|73241&4&32.206869223252525|73242&4&103.96862914483837|73243&4&250.98146172445732|73253&4&-3.1086244689504383E-15|73256&4&822.4714661701755|73262&4&434.9381716236975|73277&4&22.14760425363743|73293&4&130.8248760439468|73296&4&126.5541173855939|73300&4&198.07077036308752|73305&4&45.73639429790954|73307&4&35.62485390850617|73308&4&2.3747877943850426
112|4,130,1,1,1,1,1,1,1,1,1,1,1,1,1,1,1,1,1,1,1,1,1,1,1,1,1,1,1,1,1,1,1,1,1,1,1,1,1,1,1,1,1,1,1,1,1,1,1,1,1,1,1,1,1,1,1,1,1,1,1,1,1,1,1,1,1,1,1,1,1,1,1,1,1,1,1,1,1,1,1,1,1,1,1,1,1,1,1,1,1,1,1,1,1,1,1,1,1,1,1,1,0,0,0,0,0,0,0,0,0,0,0,0,0,0,0,0,0,0,0,0,2|73196&4&250.7905657460796|73200&4&408.9732804774386|73201&4&663.8328856956769|73207&4&159.0702420796826|73216&4&45.341976778673306|73228&4&643.4823537288393|73229&4&282.7562914281881|73238&4&28.328176085054483|73246&4&445.4040867725737|73248&4&93.74118631907125|73262&4&133.99030233463264|73264&4&138.99211542612815|73266&4&8.198505657294902|73272&4&219.8135770221407|73276&4&45.23975241404986|73278&4&831.5518464721757|73279&4&4.490071899033813|73281&4&80.28422443420868|73286&4&401.62222891797865|73293&4&52.342660560432506|73296&4&12.563269855334061,2|73195&4&540.1984175652983|73199&4&71.76171657576943|73201&4&99.0780035787089|73206&4&6.156850428102405|73213&4&637.6460995973371|73216&4&222.14494069700768|73217&4&24.006545440753722|73224&4&4.39268583643273|73231&4&695.82113667553|73232&4&108.81980693665845|73235&4&126.42429264025908|73238&4&648.6634235717097|73240&4&788.938298605996|73243&4&342.8546585095271|73244&4&161.63316621513297|73255&4&129.47093522000426|73257&4&1066.9377018385826|73267&4&336.2496236493329|73269&4&30.712632388404252|73277&4&129.5743875272429|73280&4&857.1457727146574|73288&4&102.14508333609845|73293&4&46.38478727666518|73296&4&99.17829843192757|73305&4&7.762636147722886,2|73191&4&197.84324431981833|73193&4&650.8808521640109|73195&4&3.730349362740526E-14|73202&4&377.78993275671615|73207&4&357.34390526140726|73210&4&37.02928370229619|73215&4&254.5669600087175|73229&4&524.6560738196197|73230&4&808.5869940660086|73232&4&695.1384971570941|73247&4&280.3666960977209|73250&4&99.93349472305027|73253&4&742.9036043619394|73261&4&437.6144091719121|73265&4&250.7895018711029|73271&4&968.6858187564828|73278&4&13.920407331662958|73283&4&190.4891460363028|73288&4&744.4085080707562|73300&4&3.156241451019753|73303&4&152.80081630618463,2|73199&4&407.4752492372296|73203&4&2.941487690024943|73207&4&292.84242015399315|73211&4&444.26588757153155|73219&4&105.4378877166555|73226&4&112.14515292552778|73236&4&923.8420017638543|73237&4&437.684296432864|73241&4&411.7662006817271|73242&4&1024.1336430136867|73245&4&895.8090689797962|73250&4&2.8454693468397028|73252&4&790.0206107842736|73258&4&395.8977968339257|73264&4&369.09727887342217|73284&4&189.3696583457195|73286&4&2.7533531010703882E-14|73305&4&13.011374547519388|73308&4&83.14751372935285,2|73191&4&189.79267069841947|73192&4&937.9754149260523|73203&4&118.25220701336818|73209&4&84.34759316904095|73211&4&177.37908761280093|73212&4&271.4637310159612|73220&4&263.4127779332312|73221&4&1062.5031260110748|73225&4&0.0|73233&4&106.71031791291512|73234&4&383.23323009747935|73238&4&0.2923228375915983|73243&4&-4.973799150320701E-14|73244&4&3.460143684743368|73245&4&89.45414100039736|73260&4&198.10014711475532|73270&4&581.6580270562939|73272&4&253.16653045243717|73273&4&24.869051197939882|73276&4&551.9969399645751|73282&4&965.7703881395475|73285&4&516.3512143473404|73286&4&405.6146780643896|73294&4&5.940735828222116|73295&4&84.09430061285036|73301&4&11.464793409304331|73302&4&152.03487111168698,2|73189&4&537.795316858297|73197&4&392.07671352285143|73203&4&87.79907854501036|73209&4&1113.2836083240554|73219&4&333.88864833270713|73222&4&40.32426632407081|73233&4&455.66288124396357|73244&4&793.9907806404194|73248&4&400.3078702498839|73250&4&272.48939555250973|73251&4&765.9450108738445|73254&4&847.3045311433121|73261&4&104.09969447851563|73270&4&541.7939763096522|73273&4&1177.073032021316|73280&4&13.693840309720022|73283&4&68.45002195480089|73300&4&89.54975084065069|73301&4&37.734054760394855|73302&4&64.36687485686548,2|73190&4&979.4507390416438|73197&4&1.5105327184350237|73200&4&289.56784741116763|73205&4&185.5729042483416|73208&4&1408.4528782217435|73212&4&544.5200175305041|73219&4&96.96187961703251|73227&4&332.2280557854407|73237&4&22.881820738920723|73248&4&448.7293901655267|73251&4&76.8480969294558|73255&4&794.8346324535428|73259&4&594.7338700241935|73260&4&811.6142425877911|73261&4&19.61872018340285|73267&4&228.39366400515118|73269&4&133.5316974514327|73275&4&659.1752451495365|73279&4&273.0869614417273|73289&4&30.53353895406927|73298&4&18.88174188179839|73304&4&40.36829682010426,2|73194&4&128.2931327532009|73204&4&987.9404824539965|73206&4&855.1225853526884|73210&4&98.70556518767775|73213&4&2.6645352591003757E-14|73216&4&307.35557256396817|73222&4&714.9717274864585|73225&4&405.4308464388289|73249&4&1028.5160185732757|73262&4&451.93763444381824|73263&4&1086.0040052378151|73264&4&5.639478806502958|73268&4&948.21338951539|73269&4&54.851785138068934|73274&4&285.9846614501856|73275&4&225.55493020573826|73279&4&22.106399161478983|73280&4&26.522316702513645|73297&4&33.09199352013951|73305&4&9.682044433887496,2|73196&4&532.3430199386694|73198&4&172.5471155917179|73207&4&69.56217265362002|73214&4&388.82888943080167|73215&4&423.98841150521247|73217&4&1042.4308351478317|73223&4&520.0396901043442|73224&4&931.0231523107815|73239&4&906.7171324520621|73253&4&139.54702246018536|73257&4&155.5749010675146|73266&4&1013.401180807974|73276&4&285.0148502936378|73278&4&519.9771589724403|73287&4&264.37679516693|73292&4&16.479174100435262|73300&4&7.816699901403876,2|73189&4&79.15762867211902|73207&4&5.567191985721806|73210&4&348.6763277296787|73218&4&1144.114347488539|73226&4&270.83122177474485|73228&4&165.66039330102927|73235&4&492.9145251715277|73237&4&110.66887690996339|73238&4&17.304576088827787|73241&4&30.51177084308134|73242&4&76.45601184988807|73243&4&344.82302834800157|73256&4&765.7909504545919|73262&4&377.76726397488824|73269&4&21.406155636937314|73277&4&12.499416395002683|73285&4&31.281882425397498|73293&4&150.7112745868757|73296&4&151.6984228943144|73300&4&218.95048030362383|73305&4&41.68631226577412|73307&4&28.666639240696753|73308&4&35.10195198811576
113|4,130,1,1,1,1,1,1,1,1,1,1,1,1,1,1,1,1,1,1,1,1,1,1,1,1,1,1,1,1,1,1,1,1,1,1,1,1,1,1,1,1,1,1,1,1,1,1,1,1,1,1,1,1,1,1,1,1,1,1,1,1,1,1,1,1,1,1,1,1,1,1,1,1,1,1,1,1,1,1,1,1,1,1,1,1,1,1,1,1,1,1,1,1,1,1,1,1,1,1,1,1,0,0,0,0,0,0,0,0,0,0,0,0,0,0,0,0,0,0,0,0,2|73196&4&236.818597658167|73199&4&14.914255099063098|73200&4&382.6162781399411|73201&4&794.5961543993675|73207&4&258.5333901819842|73216&4&22.99191708722769|73228&4&572.8958177058266|73229&4&232.60422304794804|73238&4&10.760210036742542|73246&4&494.1395222627383|73248&4&64.79159762657159|73262&4&124.87838536072496|73264&4&129.4644059843254|73266&4&5.6843418860808015E-14|73272&4&192.9324922615793|73276&4&21.91581643458697|73278&4&849.3890384821572|73279&4&1.309100408616573|73281&4&75.08094542540823|73286&4&348.18524987245314|73293&4&49.11924094315252|73296&4&7.588066067707525,2|73195&4&658.4238827733109|73199&4&47.16315399507403|73201&4&74.14715776525037|73206&4&3.730349362740526E-14|73213&4&700.7641863436537|73216&4&200.10098681243355|73217&4&9.252751460561516|73224&4&-1.2434497875801753E-14|73226&4&82.0018765755603|73231&4&730.512213021872|73232&4&79.83819105314052|73235&4&101.09743670765454|73238&4&594.3872978158527|73240&4&943.6360232090442|73243&4&293.77453361013|73244&4&281.7195060441556|73255&4&95.65169737072667|73257&4&1182.2168078445532|73267&4&296.84542993560495|73269&4&27.134483031915916|73277&4&234.33039580217786|73280&4&922.7371089228146|73288&4&82.60981950623824|73293&4&36.1990142712792|73296&4&87.8955840940703|73305&4&6.792306629257526,2|73191&4&241.51217441205227|73193&4&651.622568019365|73202&4&353.36306614943345|73207&4&334.23641351387744|73210&4&23.033329555580252|73215&4&334.05926623361745|73229&4&649.4212752376345|73230&4&816.9519714255041|73232&4&644.2549667265966|73247&4&362.8422097297578|73250&4&251.37172131711822|73253&4&690.3578356210048|73261&4&499.30044333697293|73265&4&223.45793366678464|73271&4&883.9288064953672|73278&4&5.491546157120865|73283&4&222.04217812285344|73288&4&853.888322865145|73300&4&1.057759661763349|73303&4&136.35101815767473,2|73199&4&374.6167709778264|73203&4&-1.865174681370263E-14|73207&4&261.636348107152|73211&4&393.1515217315575|73219&4&91.56023129193619|73226&4&84.57973143982369|73236&4&1060.7709034113739|73237&4&565.8428918578923|73241&4&358.38710410385033|73242&4&1130.2082686310125|73245&4&985.5377040316957|73250&4&-2.220446049250313E-14|73252&4&703.7437797649766|73258&4&361.3051649089446|73264&4&325.76479348386124|73284&4&195.63540536301213|73305&4&10.648322025924655|73308&4&69.42587863238661,2|73191&4&149.7327569971578|73192&4&970.4490466562052|73203&4&111.5598633141534|73209&4&49.59085446727845|73211&4&310.082308004017|73212&4&281.13001889237194|73220&4&243.062014146077|73221&4&955.9489704145582|73233&4&70.4278417329955|73234&4&350.02501331485377|73238&4&234.58953956682586|73244&4&4.440892098500626E-15|73245&4&59.66105738340041|73260&4&193.1474268254815|73270&4&714.5654303973536|73272&4&233.90494544771303|73273&4&15.736674953183567|73276&4&794.358854032254|73282&4&1049.4746810665797|73285&4&457.1506465797019|73286&4&407.27267402423405|73294&4&4.1534057630249706|73295&4&109.15099868536024|73301&4&7.297709918388026|73302&4&142.64914752598457|73303&4&55.49252420288063,2|73189&4&623.7962128302488|73197&4&359.7571447780252|73203&4&70.99457158693018|73209&4&1172.298510635836|73219&4&307.9026036248291|73222&4&20.168967017340538|73233&4&545.0465636841739|73244&4&720.7011033961695|73248&4&361.273893084947|73250&4&229.1878331545579|73251&4&896.4090817177054|73254&4&790.5976691382143|73261&4&81.41611042279482|73270&4&456.66174975377004|73273&4&1179.6811401857776|73280&4&8.458378898800671|73283&4&52.59010858510192|73300&4&79.24978014821144|73301&4&32.9240556667626|73302&4&53.17506462191196,2|73190&4&1043.5608144700645|73197&4&-9.325873406851315E-15|73200&4&253.30054089378933|73205&4&376.2705250924254|73208&4&1269.056804868991|73212&4&490.15167815970733|73219&4&73.60949478291282|73227&4&304.52514353751036|73237&4&9.403118558131286|73248&4&496.7234636268534|73251&4&47.84074798085491|73255&4&834.27096217112|73259&4&555.3145581385661|73260&4&726.4908158886092|73261&4&7.577143234573794|73267&4&213.8688128993582|73269&4&122.64981822708488|73275&4&731.1960898127256|73279&4&243.9286286003298|73289&4&27.012706103757125|73298&4&16.59811830821887|73304&4&30.440390502011255,2|73194&4&113.09176778320483|73204&4&1156.4603342656765|73206&4&860.4760633790729|73210&4&83.9004588260982|73216&4&417.3858922308739|73222&4&670.4508536781573|73225&4&377.91671648701254|73249&4&991.753045854007|73262&4&427.714116749978|73263&4&1127.088202373583|73264&4&4.511583045202368|73268&4&1108.5143693918012|73269&4&41.32135626580325|73274&4&262.99849297645153|73275&4&173.2492228888948|73279&4&16.579799371109228|73280&4&19.891737526885244|73297&4&30.564404406649|73305&4&5.89550052017727,2|73196&4&470.0743637838757|73198&4&157.60637395723705|73207&4&48.080626915377394|73214&4&366.6878633432037|73215&4&372.8215495806875|73217&4&964.6321133770796|73223&4&510.6754187907219|73224&4&900.1326906025979|73239&4&902.6713662744779|73253&4&108.90177232138355|73257&4&115.90486019149009|73266&4&1072.4240775396424|73276&4&241.72917489165218|73278&4&444.8401563776712|73287&4&252.69716783725835|73292&4&11.156158471779879|73300&4&5.592668603034506,2|73189&4&56.09047726892219|73207&4&1.9539925233402755E-14|73210&4&435.61242318515195|73218&4&1182.165376165833|73226&4&253.85189989995507|73228&4&157.37737363597782|73235&4&517.8810658175571|73237&4&91.76565002198873|73238&4&12.97843206662083|73241&4&42.90765867906862|73242&4&48.94339455493774|73243&4&450.6434030015886|73256&4&777.2406945053643|73262&4&327.5945576919487|73269&4&118.84262093438802|73277&4&6.523948284057379|73285&4&154.43021201863556|73293&4&170.50557012131497|73296&4&177.67437414861462|73300&4&240.14842749481164|73305&4&37.6362302336387|73307&4&22.66179059962708|73308&4&33.340917419224006
114|4,130,1,1,1,1,1,1,1,1,1,1,1,1,1,1,1,1,1,1,1,1,1,1,1,1,1,1,1,1,1,1,1,1,1,1,1,1,1,1,1,1,1,1,1,1,1,1,1,1,1,1,1,1,1,1,1,1,1,1,1,1,1,1,1,1,1,1,1,1,1,1,1,1,1,1,1,1,1,1,1,1,1,1,1,1,1,1,1,1,1,1,1,1,1,1,1,1,1,1,1,1,0,0,0,0,0,0,0,0,0,0,0,0,0,0,0,0,0,0,0,0,2|73196&4&310.14499148718346|73199&4&267.8684095626473|73200&4&356.25927580244365|73201&4&759.4082966089677|73207&4&485.2611409260469|73216&4&7.641368057951775|73228&4&504.3466618224612|73229&4&185.1622048395007|73238&4&3.907985046680551E-14|73246&4&464.16689398778607|73248&4&40.60185339632333|73262&4&115.76646838681727|73264&4&119.93669654252264|73272&4&166.05140750101793|73276&4&6.590877232693945|73278&4&874.7976939539183|73279&4&0.6545502043082798|73281&4&69.8776664166078|73286&4&299.1839667559268|73293&4&45.895821325872525|73296&4&3.826220758799015,2|73195&4&641.6358240721751|73199&4&25.546980504691337|73201&4&56.500026468698366|73213&4&646.7408573071064|73216&4&178.05703292785935|73217&4&-6.750155989720952E-14|73226&4&0.0|73231&4&821.0260430887008|73232&4&51.0132838070465|73235&4&75.77058077504999|73238&4&540.1111720599957|73240&4&1103.225487606044|73243&4&250.91852078974287|73244&4&267.151210013103|73255&4&65.0372091982717|73257&4&1137.5962899278545|73267&4&257.44123622187715|73269&4&23.55633367542758|73273&4&10.616571085477744|73277&4&295.90215025674013|73280&4&849.5907292158785|73288&4&63.074555676378054|73293&4&27.22765024919958|73296&4&76.61286975621302|73300&4&37.11079447886576|73305&4&5.821977110792166,2|73191&4&376.4907781383697|73193&4&603.177111339046|73202&4&322.3778558371814|73207&4&311.1289217663475|73210&4&9.037375408864326|73215&4&509.9732228998733|73229&4&703.1644611315096|73230&4&865.5066460965666|73232&4&840.7715041954143|73247&4&396.70077661882925|73250&4&238.55330151445466|73253&4&659.241436803979|73261&4&452.8207772461237|73265&4&196.1263654624663|73271&4&808.2291379234903|73278&4&0.0|73283&4&205.31920378522864|73288&4&791.8098369930715|73300&4&-1.7763568394002505E-15|73303&4&120.61954084892403,2|73199&4&341.75829271842315|73207&4&230.43027606031094|73211&4&342.5076580165567|73219&4&77.6825748672169|73226&4&0.0|73236&4&1103.522073013315|73237&4&729.8269009801741|73241&4&310.4806608608089|73242&4&1128.2408850997222|73245&4&1096.2693906807308|73250&4&82.02816320856752|73252&4&689.8470644378135|73258&4&326.7125329839636|73264&4&282.4323080943003|73284&4&169.2576330700705|73302&4&75.4623600004|73305&4&8.285269504329921|73308&4&57.14552269683874,2|73191&4&118.96756633265804|73192&4&930.1663641232426|73203&4&104.86751961493863|73209&4&25.213368865764508|73211&4&454.1799812444129|73212&4&265.57253367846636|73220&4&222.71125035892277|73221&4&893.4566679547164|73233&4&44.391379682449596|73234&4&317.5566956967488|73238&4&331.8212794731966|73243&4&30.34681481421427|73245&4&38.212330054112044|73260&4&324.14504258031417|73270&4&869.7603818563562|73272&4&214.64336044298886|73273&4&9.884368650655857|73276&4&957.4224278407316|73282&4&1033.7541828447593|73285&4&407.30278318681206|73286&4&382.3280513559753|73294&4&2.366075697827826|73295&4&119.9472525177259|73301&4&4.309462935546079|73302&4&133.2634239402822|73303&4&83.37901888164164,2|73189&4&770.7243485923874|73197&4&416.3771017531045|73203&4&54.19006462884998|73209&4&1199.3027501599122|73219&4&315.7298375627323|73222&4&8.859477839590076|73233&4&628.024820067405|73244&4&647.4114261519197|73248&4&322.23991592001033|73250&4&185.88627075660608|73251&4&980.7858884759289|73254&4&910.2254681351092|73261&4&58.732526367074016|73270&4&377.85870563134193|73273&4&1085.4835267007684|73280&4&3.2229174878814066|73283&4&39.62637903688754|73300&4&68.94980945577223|73301&4&28.11405657313034|73302&4&42.73836230100841,2|73190&4&1095.6875348718613|73200&4&217.0332343764111|73205&4&347.2180503648784|73208&4&1206.0201467798925|73212&4&437.74223287532396|73219&4&56.351181458459564|73227&4&276.82223128958003|73237&4&4.263256414560601E-14|73248&4&533.037811881559|73251&4&25.757350893057595|73255&4&1146.4359652141104|73259&4&515.8952462529387|73260&4&646.7285215978561|73261&4&3.730349362740526E-14|73267&4&199.34396179356523|73269&4&111.76793900273708|73275&4&1082.9428848548077|73279&4&221.48131086477434|73289&4&23.737430017240698|73298&4&21.725886818563175|73304&4&21.869669714130637,2|73194&4&97.89040281320874|73204&4&1211.413141279249|73206&4&794.0597207738366|73210&4&69.09535246451864|73216&4&455.96916119820816|73222&4&793.9996105637377|73225&4&350.40258653519624|73249&4&958.7637480605586|73261&4&187.17620702106237|73262&4&403.4905990561377|73263&4&1135.1799328399259|73264&4&3.3836872839017778|73268&4&998.3299539968107|73269&4&32.374635254606986|73274&4&240.01232450271735|73275&4&127.03201883944084|73279&4&11.053199580739474|73280&4&13.261158351256842|73297&4&28.036815293158483|73305&4&2.8604031445804514,2|73196&4&411.2687270948356|73198&4&142.6656323227562|73207&4&26.599081177134764|73214&4&341.1878586102339|73215&4&321.6546876561625|73217&4&992.1051527098878|73223&4&457.99582914540014|73224&4&826.9850949779991|73239&4&872.2648756413984|73253&4&78.25652218258172|73257&4&87.02772223121613|73266&4&991.6221240569394|73276&4&198.44349948966655|73278&4&369.70315378290206|73287&4&231.5334304698859|73292&4&7.533106229616857|73300&4&3.368637304665135,2|73189&4&37.30884542958924|73210&4&470.5490897545316|73218&4&1265.9183665531493|73226&4&0.0|73228&4&263.3363042961782|73235&4&530.4131943016084|73237&4&72.86242313401408|73238&4&8.652288044413872|73241&4&65.07389794966281|73242&4&25.989784956040104|73243&4&425.668515967133|73256&4&851.8218455674199|73262&4&277.42185140900904|73269&4&112.84697449857629|73277&4&2.642833674753172|73285&4&155.81277384381116|73293&4&183.61077678548043|73296&4&204.47017826133066|73300&4&225.0726936766758|73305&4&33.58614820150328|73307&4&16.897557657595158|73308&4&64.0334283289505
115|4,130,1,1,1,1,1,1,1,1,1,1,1,1,1,1,1,1,1,1,1,1,1,1,1,1,1,1,1,1,1,1,1,1,1,1,1,1,1,1,1,1,1,1,1,1,1,1,1,1,1,1,1,1,1,1,1,1,1,1,1,1,1,1,1,1,1,1,1,1,1,1,1,1,1,1,1,1,1,1,1,1,1,1,1,1,1,1,1,1,1,1,1,1,1,1,1,1,1,1,1,1,0,0,0,0,0,0,0,0,0,0,0,0,0,0,0,0,0,0,0,0,2|73196&4&440.8707512068324|73199&4&412.34845494831814|73200&4&329.90227346494623|73201&4&703.6216849904141|73207&4&585.7621761772659|73216&4&2.118727495482943|73228&4&438.6591626524943|73229&4&142.34214098866443|73246&4&545.6929051127664|73248&4&22.20068642095599|73262&4&106.65455141290957|73264&4&110.40898710071988|73272&4&139.17032274045653|73276&4&0.0|73278&4&978.2347458750763|73279&4&3.552713678800501E-15|73281&4&64.67438740780736|73286&4&251.4508260017506|73293&4&42.67240170859253|73296&4&1.3009021645157794,2|73195&4&693.0810636774605|73199&4&11.666275695889201|73201&4&38.8528951721464|73213&4&592.0288742805654|73216&4&156.0130790432852|73226&4&196.70782234035696|73231&4&999.4595007714627|73232&4&31.11959794807485|73235&4&58.38739818206732|73238&4&485.83504630413876|73240&4&1129.4349801844778|73243&4&209.94505433137576|73244&4&323.13278639964915|73255&4&45.27221906760301|73257&4&1133.1820574318865|73267&4&218.0370425081492|73269&4&19.978184318939242|73273&4&10.085742531203858|73277&4&278.41382155414044|73280&4&843.8537032820718|73288&4&43.539291846517855|73293&4&19.513341401078456|73296&4&65.33015541835573|73300&4&73.03332440260547|73305&4&4.851647592326806,2|73191&4&422.85474261610767|73193&4&580.1385824557406|73202&4&295.7389798617763|73207&4&288.02143001881757|73210&4&1.0658141036401503E-14|73215&4&551.7710542769134|73229&4&810.3390040035242|73230&4&788.2811590790263|73232&4&903.4063747476439|73247&4&422.20963493987057|73250&4&225.7348817117911|73253&4&706.0843925743534|73261&4&406.34111115527446|73265&4&168.79479725814804|73271&4&943.231465814634|73283&4&249.8997786420069|73288&4&734.3311449382569|73303&4&105.93192514721261,2|73192&4&114.85987828950272|73199&4&308.89981445902|73207&4&199.22420401346983|73211&4&301.33492798091896|73216&4&49.428567259368585|73219&4&63.804918442497595|73236&4&1008.8650750801703|73237&4&676.9776384899424|73241&4&266.50178400376814|73242&4&1257.929083825602|73245&4&1127.2695277873288|73250&4&246.28138436522985|73252&4&846.3516477977121|73258&4&292.1199010589825|73264&4&239.09982270473947|73284&4&302.8821931826702|73302&4&102.08367663870091|73305&4&5.922216982735188|73308&4&69.47426994693932,2|73191&4&97.9162908943173|73192&4&853.3210301684568|73203&4&185.92016778700852|73209&4&8.85383947746641|73211&4&471.88388108116226|73212&4&250.0150484645608|73220&4&202.3604865717685|73221&4&958.9958701260566|73233&4&23.356032442758043|73234&4&285.08837807864387|73238&4&314.64297430317106|73243&4&100.21295100927165|73245&4&22.969943095782096|73260&4&390.3128856588674|73270&4&1028.8514067304009|73272&4&195.38177543826473|73273&4&4.942184325327929|73276&4&1017.4973686759906|73282&4&1064.4306771101888|73285&4&363.5097524276933|73286&4&385.6570109365722|73294&4&0.9052849073411124|73295&4&122.42675754700736|73299&4&20.759853498909422|73301&4&2.69080995226943|73302&4&123.8777003545798|73303&4&110.15097495426392,2|73189&4&763.6184622891475|73197&4&406.78321707965756|73203&4&37.385557670769785|73209&4&1203.1076430373664|73219&4&365.5250315913193|73222&4&1.0658141036401503E-14|73233&4&721.8256208367128|73244&4&574.1217489076698|73248&4&283.2059387550736|73250&4&153.26072518738616|73251&4&1087.5587700036167|73254&4&917.3053077991142|73261&4&36.048942311353215|73270&4&302.82404955617864|73273&4&991.2859132157589|73280&4&-2.042810365310288E-14|73283&4&26.662649488673154|73300&4&58.649838763332994|73301&4&23.304057479498088|73302&4&33.391795176116574,2|73190&4&1094.844888002198|73200&4&180.76592785903281|73205&4&318.16557563733136|73208&4&1246.3028646390069|73212&4&387.4233611114921|73219&4&39.09286813400627|73227&4&303.1543758772377|73248&4&603.5409913898575|73251&4&11.693552232400833|73255&4&1128.7165727775143|73259&4&476.4759343673114|73260&4&578.1512249006922|73262&4&43.37383163832453|73267&4&184.81911068777222|73269&4&100.88605977838928|73275&4&1166.4409421062967|73279&4&259.6062217583798|73289&4&20.46215393072427|73298&4&19.071693640787462|73304&4&14.670517593463655,2|73194&4&82.68903784321267|73204&4&1365.9782358471184|73206&4&727.6433781686001|73210&4&54.29024610293908|73216&4&429.24146490185973|73222&4&940.1622572437204|73225&4&322.8884565833799|73249&4&916.7467653920634|73261&4&231.4471950647178|73262&4&379.2670813622974|73263&4&1174.4460739848428|73264&4&2.2557915226011875|73268&4&1128.943421563071|73269&4&23.427914243410704|73274&4&217.02615602898317|73275&4&92.20110659170322|73279&4&5.526599790369718|73280&4&6.630579175628442|73297&4&25.50922617966797|73305&4&0.8694922574657801,2|73196&4&354.40488610810644|73198&4&127.7248906882754|73207&4&16.35499179733426|73214&4&315.68785387726405|73215&4&270.4878257316375|73217&4&997.9582790840223|73223&4&412.630875625825|73224&4&864.2711179063167|73239&4&882.9729796361057|73253&4&47.6112720437799|73257&4&61.81939226627396|73266&4&1138.2790806509538|73276&4&155.15782408768095|73278&4&294.5661511881329|73287&4&223.26565591990786|73292&4&4.680657191729484|73300&4&1.1446060062957648,2|73189&4&21.351543778917865|73210&4&497.28594299054447|73218&4&1264.9503497806859|73228&4&415.6448036468281|73235&4&493.94413450909184|73237&4&53.95919624603945|73238&4&4.326144022206915|73241&4&103.4374589885392|73242&4&8.461400751306119|73243&4&400.6936289326775|73256&4&879.5380129058126|73262&4&227.37729497575597|73269&4&191.62920668003017|73277&4&1.7618891165021042|73285&4&163.29128521289402|73293&4&212.7712137281589|73296&4&231.82227862282642|73300&4&209.9969598585399|73305&4&29.53606616936786|73307&4&12.392500217436659|73308&4&60.64971648612784
116|4,130,1,1,1,1,1,1,1,1,1,1,1,1,1,1,1,1,1,1,1,1,1,1,1,1,1,1,1,1,1,1,1,1,1,1,1,1,1,1,1,1,1,1,1,1,1,1,1,1,1,1,1,1,1,1,1,1,1,1,1,1,1,1,1,1,1,1,1,1,1,1,1,1,1,1,1,1,1,1,1,1,1,1,1,1,1,1,1,1,1,1,1,1,1,1,1,1,1,1,1,1,0,0,0,0,0,0,0,0,0,0,0,0,0,0,0,0,0,0,0,0,2|73196&4&519.5166154979906|73199&4&482.7320264386463|73200&4&303.5452711274487|73201&4&732.9803612684859|73207&4&565.7129461152322|73216&4&1.509903313490213E-14|73228&4&376.3269931456225|73229&4&108.12715404684602|73238&4&187.00554589662323|73246&4&497.9935422822511|73248&4&7.6981789690989775|73262&4&97.54263443900186|73264&4&100.88127765891713|73272&4&112.28923797989513|73278&4&1159.594902683693|73281&4&59.47110839900692|73286&4&211.31617625534113|73293&4&39.448982091312544|73296&4&-3.552713678800501E-15,2|73195&4&728.8984267207436|73199&4&3.9700546816421807|73201&4&21.474284393568844|73213&4&635.4455403487082|73216&4&133.96912515871102|73226&4&186.8724312233391|73231&4&927.4608788855194|73232&4&20.746398632049832|73235&4&41.00421558908461|73238&4&431.5589205482818|73240&4&1177.7488010467864|73243&4&168.97158787300864|73244&4&510.59601323213235|73255&4&29.01506859222895|73257&4&1144.8276588273077|73267&4&178.63284879442136|73269&4&16.400034962450906|73273&4&208.62274782395372|73277&4&260.92549285154075|73280&4&1001.8889938686673|73288&4&24.004028016657657|73293&4&13.086633213522045|73296&4&54.04744108049846|73300&4&108.95955485261507|73305&4&3.881318073861446,2|73191&4&470.17315828488483|73193&4&532.2982219117388|73202&4&364.04216209578567|73207&4&264.91393827128763|73215&4&575.7802130456614|73229&4&769.6372490693503|73230&4&717.0055450677623|73232&4&833.858420703296|73247&4&446.4207080217482|73250&4&212.91646190912758|73253&4&797.3580494916739|73261&4&359.8614450644253|73265&4&141.46322905382976|73271&4&858.2940682528856|73283&4&302.9010559418389|73288&4&787.0506353967962|73303&4&92.33493225861957,2|73192&4&221.6262265019283|73199&4&276.0413361996168|73207&4&168.0181319666287|73211&4&265.44505054858416|73216&4&173.5969375155914|73219&4&49.92726201777829|73236&4&969.217363163775|73237&4&668.292163195346|73241&4&225.13616780722734|73242&4&1399.132221729058|73245&4&1060.7130592748385|73250&4&274.6742232126768|73252&4&904.2998143523569|73258&4&383.4796518612055|73264&4&195.7673373151786|73284&4&274.5010599579792|73302&4&127.38440399266976|73305&4&3.5591644611404543|73308&4&88.61196117924132,2|73191&4&83.37643423052971|73192&4&780.844716099238|73203&4&261.195576701413|73209&4&-2.4868995751603507E-14|73211&4&445.8513699052498|73212&4&234.45756325065526|73220&4&182.0097227846142|73221&4&968.0903611029478|73233&4&9.913485917087115|73234&4&368.4958155938395|73238&4&297.46466913314555|73243&4&266.3103717253956|73245&4&11.622232980591644|73260&4&396.9783689657474|73270&4&963.7206330482774|73272&4&176.12019043354053|73273&4&0.0|73276&4&1026.9837490366554|73282&4&1118.1414216922067|73285&4&324.2489104260516|73286&4&564.4386074190479|73294&4&0.0|73295&4&115.48724525074944|73299&4&38.261437191879125|73301&4&1.072156968992774|73302&4&114.49197676887741|73303&4&134.193134042311,2|73189&4&782.7681752350866|73197&4&391.6408566429756|73203&4&22.638311762842946|73209&4&1323.0939937834714|73219&4&503.08132920069255|73233&4&732.2825359262094|73244&4&506.99879566239065|73248&4&244.17196159013693|73250&4&128.97134423109972|73251&4&1012.9692921969036|73254&4&859.5817421925883|73261&4&18.19095005704077|73270&4&241.7916216403855|73273&4&897.0882997307493|73283&4&13.837044890722503|73300&4&48.34986807089378|73301&4&18.494058385865834|73302&4&25.165309946175043,2|73190&4&1005.9078108056513|73200&4&148.04718433438532|73205&4&289.1131009097844|73208&4&1464.0538680669765|73212&4&339.18479314260685|73219&4&21.83455480955297|73227&4&373.5633491253531|73248&4&766.9174571470189|73251&4&7.403714506490323|73255&4&1073.6881515252944|73259&4&437.0566224816841|73260&4&509.57392820352794|73262&4&98.07514568011513|73267&4&170.29425958197925|73269&4&90.00418055404148|73275&4&1086.242620239029|73279&4&226.73139843717553|73289&4&17.186877844207846|73298&4&16.41750046301175|73304&4&16.735824407317025,2|73194&4&67.48767287321658|73204&4&1425.883026383427|73206&4&661.2270355633638|73210&4&39.48513974135952|73216&4&402.5137686055113|73222&4&893.2861437810807|73225&4&360.62730994035473|73249&4&893.3946084783449|73261&4&393.74356819884787|73262&4&355.0435636684571|73263&4&1088.2626742198122|73264&4&1.1278957613005975|73268&4&1067.4296694296936|73269&4&14.481193232214423|73274&4&195.58220041856896|73275&4&70.01074793083916|73279&4&-3.730349362740526E-14|73280&4&4.085620730620576E-14|73297&4&22.981637066177452|73305&4&3.3306690738754696E-15,2|73196&4&303.2387972407964|73198&4&112.78414905379455|73207&4&10.225713726426326|73214&4&290.18784914429426|73215&4&219.32096380711255|73217&4&1050.3490956255632|73223&4&367.2659221062499|73224&4&970.6279955425732|73239&4&851.3798658115643|73253&4&21.904804504862554|73257&4&38.87956161730029|73266&4&1182.3086241743358|73276&4&111.87214868569532|73278&4&222.7318518314895|73287&4&260.64511151985164|73292&4&2.910878770408713|73300&4&1.7763568394002505E-15,2|73189&4&8.23435010530633|73210&4&458.3978544921958|73218&4&1224.3352642287532|73228&4&637.3704198505371|73235&4&457.4750747165755|73237&4&35.0559693580648|73238&4&-4.263256414560601E-14|73241&4&207.18299553896625|73242&4&1.1499579264347786|73243&4&375.71874189822194|73256&4&843.7251240343808|73262&4&182.02050411730488|73269&4&181.39466631335517|73277&4&0.8809445582510551|73285&4&234.81256059652665|73293&4&197.37801530867867|73296&4&258.1133885630739|73300&4&194.92122604040404|73305&4&25.48598413723244|73307&4&8.882125907071394|73308&4&57.26600464330518
117|4,130,1,1,1,1,1,1,1,1,1,1,1,1,1,1,1,1,1,1,1,1,1,1,1,1,1,1,1,1,1,1,1,1,1,1,1,1,1,1,1,1,1,1,1,1,1,1,1,1,1,1,1,1,1,1,1,1,1,1,1,1,1,1,1,1,1,1,1,1,1,1,1,1,1,1,1,1,1,1,1,1,1,1,1,1,1,1,1,1,1,1,1,1,1,1,1,1,1,1,1,1,0,0,0,0,0,0,0,0,0,0,0,0,0,0,0,0,0,0,0,0,2|73196&4&521.4454804289992|73199&4&550.9213698507991|73200&4&308.088151097594|73201&4&787.0874818739574|73207&4&633.6278970453761|73228&4&320.2107702546656|73229&4&76.6734381386471|73238&4&246.69237547792656|73246&4&579.238254801431|73248&4&-5.5067062021407764E-14|73262&4&88.43071746509416|73264&4&119.02491437110332|73270&4&8.218722802421553|73272&4&85.40815321933374|73278&4&1369.1135307556942|73281&4&54.26782939020648|73286&4&174.92994532664795|73293&4&36.22556247403255|73299&4&6.620528981747043,2|73195&4&775.7102657723972|73199&4&8.881784197001252E-16|73201&4&6.552859327450733|73213&4&740.1410079901545|73216&4&111.92517127413684|73226&4&204.6102470904634|73231&4&859.919474695691|73232&4&10.373199316024879|73235&4&23.621032996101885|73238&4&377.28279479242485|73240&4&1214.0626096767353|73243&4&134.03622484792953|73244&4&482.2222727559791|73255&4&18.956516572924492|73257&4&1217.5413128149567|73265&4&26.142251317792528|73267&4&139.22865508069347|73269&4&12.82188560596257|73273&4&198.13852757732863|73277&4&243.43716414894104|73280&4&967.8938022569222|73288&4&6.697278873597067|73293&4&7.906071218311778|73296&4&42.76472674264119|73300&4&139.00076595775406|73305&4&2.910988555396086,2|73191&4&556.8206186114344|73193&4&484.4578613677369|73202&4&342.6386764175029|73207&4&241.80644652375776|73210&4&51.42717142422049|73215&4&732.9359759078409|73229&4&789.6147065729059|73230&4&650.1373027159648|73232&4&836.9870415886428|73247&4&415.2427617948273|73250&4&200.09804210646405|73253&4&891.0008243212542|73261&4&313.38177897357616|73265&4&114.13166084951146|73271&4&773.3566706911373|73283&4&385.48231879127246|73288&4&880.4665800943133|73303&4&79.85629487059899,2|73192&4&249.04166211188786|73199&4&243.18285794021358|73207&4&136.8120599197876|73211&4&229.5551731162494|73216&4&215.64428679962126|73219&4&36.04960559305899|73236&4&876.4607817993717|73237&4&638.149857661221|73241&4&189.14173631457808|73242&4&1315.7894412566286|73245&4&1088.7783339359964|73250&4&260.1094846627074|73252&4&972.4579371704373|73258&4&422.50968309082936|73264&4&152.43485192561766|73284&4&337.5428045602705|73302&4&150.28703907362504|73305&4&1.196111939545721|73308&4&101.62568916302487,2|73191&4&68.83657756674206|73192&4&711.84361324109|73203&4&265.76181343419114|73211&4&419.81885872933725|73212&4&301.7659636144102|73220&4&161.65895899746|73221&4&1080.5459120105456|73233&4&-6.750155989720952E-14|73234&4&358.1980410611193|73238&4&280.2863639631199|73243&4&409.5507109442787|73245&4&4.66564348014462|73260&4&562.0232634385985|73270&4&898.5898593661539|73272&4&177.709461316816|73276&4&1011.7691901099099|73282&4&1144.0685004794923|73285&4&284.9880684244101|73286&4&576.2101504006998|73295&4&121.55741331115999|73299&4&36.296465698537894|73301&4&-3.1086244689504383E-15|73302&4&105.10625318317501|73303&4&158.1062361257836,2|73189&4&865.203618031667|73197&4&355.04792809302324|73203&4&12.84554051108448|73209&4&1446.9704467754568|73219&4&566.3597712120993|73233&4&773.4118634599341|73244&4&449.1319580013376|73248&4&205.1379844252002|73250&4&109.6014632800849|73251&4&931.6405149241169|73254&4&866.4651478022156|73261&4&7.667611363702213|73270&4&194.88500827024387|73273&4&802.8906862457397|73283&4&4.233542517647701|73300&4&38.04989737845455|73301&4&13.684059292233579|73302&4&18.05261346664713,2|73190&4&918.816800482728|73200&4&120.44675027291926|73205&4&260.06062618223734|73208&4&1619.918553907432|73212&4&292.3536926779915|73219&4&8.974261467298582|73227&4&344.8372096580179|73248&4&969.1841332984495|73251&4&3.701857253245166|73255&4&1025.6151481754414|73259&4&397.6373105960567|73260&4&440.9966315063637|73262&4&243.79800119402057|73267&4&298.44264351367826|73269&4&79.12230132969367|73275&4&1006.0442983717612|73279&4&241.69064942800242|73289&4&14.210381381377836|73298&4&14.148537263873447|73304&4&26.36701855064956,2|73194&4&52.28630790322052|73204&4&1293.6546518822533|73206&4&595.9961812244724|73210&4&24.680033379779957|73216&4&375.78607230916276|73222&4&890.8905936485596|73225&4&330.2865740143045|73249&4&954.4161572434542|73261&4&516.499298710801|73262&4&330.82004597461685|73263&4&989.000476228721|73264&4&7.549516567451064E-15|73268&4&989.2122341483816|73269&4&5.5344722210181425|73274&4&172.5189213016688|73275&4&51.721203930104274|73297&4&20.45404795268694,2|73196&4&260.7222000335027|73198&4&97.84340741931372|73207&4&4.096435655518422|73214&4&264.6878444113245|73215&4&168.2460269194864|73217&4&1188.9239165527592|73223&4&334.9737484544063|73224&4&1073.3103218541696|73239&4&863.1967957053545|73253&4&7.711204311974132|73257&4&24.36633514036089|73266&4&1139.056117626641|73276&4&72.07566803274972|73278&4&158.65159899654162|73287&4&240.80631482891332|73292&4&2.240145278033561,2|73189&4&-1.4210854715202004E-14|73210&4&419.50976599384717|73218&4&1285.6613789473438|73228&4&678.0679952602135|73235&4&670.8795201583686|73237&4&18.030498798420354|73241&4&370.1833376517287|73242&4&8.43769498715119E-15|73243&4&350.74385486376633|73256&4&966.9664100173643|73262&4&145.63329609651208|73269&4&277.34598160528515|73277&4&5.995204332975845E-15|73285&4&371.0111406844145|73293&4&181.98481688919844|73296&4&241.99685676436508|73300&4&179.84549222226818|73305&4&21.43590210509702|73307&4&6.425010736129245|73308&4&53.88229280048252
118|4,130,1,1,1,1,1,1,1,1,1,1,1,1,1,1,1,1,1,1,1,1,1,1,1,1,1,1,1,1,1,1,1,1,1,1,1,1,1,1,1,1,1,1,1,1,1,1,1,1,1,1,1,1,1,1,1,1,1,1,1,1,1,1,1,1,1,1,1,1,1,1,1,1,1,1,1,1,1,1,1,1,1,1,1,1,1,1,1,1,1,1,1,1,1,1,1,1,1,1,1,1,0,0,0,0,0,0,0,0,0,0,0,0,0,0,0,0,0,0,0,0,2|73196&4&690.7432195709367|73199&4&672.4135302105175|73200&4&321.08976163190255|73201&4&817.2996086859748|73207&4&596.4255041225609|73228&4&275.90547729935554|73229&4&49.369902202401434|73238&4&306.1944773998773|73246&4&532.5739889873128|73262&4&79.31880049118647|73264&4&352.59621339141|73270&4&7.807786662300475|73272&4&63.40145401972572|73278&4&1461.052102228959|73281&4&49.064550381406036|73286&4&142.0979212860022|73293&4&33.00214285675256|73299&4&21.401868003368627,2|73195&4&706.7555497752599|73201&4&0.0|73213&4&684.1928110029255|73216&4&89.88121738956266|73226&4&220.44295927260086|73231&4&887.724656980158|73232&4&-7.460698725481052E-14|73235&4&10.221376596943037|73238&4&323.0066690365678|73240&4&1224.6703619508712|73243&4&108.00479054187373|73244&4&504.5719629684259|73255&4&14.217387429693401|73257&4&1235.7204381902002|73265&4&125.87100376594837|73267&4&102.74695282891156|73269&4&9.243736249474233|73273&4&187.65430733070357|73277&4&225.94883544634138|73280&4&1016.0850715907069|73288&4&0.0|73293&4&3.973097696104918|73296&4&31.482012404783905|73300&4&166.75792409196697|73305&4&1.9406590369307264,2|73191&4&520.6391020589473|73193&4&436.61750082373504|73202&4&395.3884983007548|73207&4&218.69895477622785|73210&4&48.85581285300947|73215&4&869.8854765110007|73229&4&908.7698410015543|73230&4&610.168487472157|73232&4&980.6795500646076|73247&4&384.0648155679063|73250&4&187.2796223038005|73253&4&915.2493952057683|73261&4&266.902112882727|73265&4&86.80009264519317|73271&4&689.1826255648309|73283&4&412.2558456596755|73288&4&844.2745824756968|73303&4&68.12971013526857,2|73192&4&288.46951454642465|73199&4&210.32437968081035|73207&4&105.60598787294646|73211&4&193.6652956839146|73216&4&204.29833012679535|73219&4&22.17194916833969|73236&4&850.479022828702|73237&4&758.0744796139784|73241&4&157.58807071756274|73242&4&1324.1142248498754|73245&4&1064.2718711840023|73250&4&275.4106438691304|73252&4&945.144469425758|73258&4&460.58816797580914|73264&4&109.10236653605679|73284&4&357.9238039232746|73302&4&170.97699162558456|73305&4&5.329070518200751E-15|73308&4&116.85724843554297,2|73191&4&54.29672090295442|73192&4&645.4615753935835|73203&4&273.7077224257784|73211&4&441.9325011507581|73212&4&282.06518412162166|73220&4&141.3081952103057|73221&4&1174.5471640549347|73234&4&367.9257761325071|73238&4&263.1080587930944|73243&4&388.06069706302026|73245&4&0.0|73260&4&636.1083616824582|73270&4&833.4590856840307|73272&4&168.4549295721979|73276&4&1124.980333170545|73282&4&1043.958393005391|73285&4&246.47221631929924|73286&4&537.1755117230639|73295&4&134.75684609416555|73299&4&34.33149420519666|73302&4&95.72052959747262|73303&4&180.54232864830047,2|73189&4&793.0406180186351|73197&4&318.45499954307087|73203&4&5.459213003007713|73209&4&1430.2229858531002|73219&4&694.8175470413292|73233&4&711.8698175744671|73244&4&392.3712886400799|73248&4&166.10400726026347|73250&4&90.23158232907015|73251&4&937.4602127207663|73254&4&785.4547100929094|73261&4&-1.2434497875801753E-14|73270&4&152.8843171984818|73273&4&717.8952677254197|73283&4&0.0|73300&4&28.905108412212094|73301&4&8.874060198601324|73302&4&12.083736463397816,2|73190&4&1000.1356215636363|73200&4&92.84631621145311|73205&4&237.32448589582577|73208&4&1520.203796417803|73212&4&249.5217970684655|73219&4&1.0658141036401503E-14|73227&4&316.11107019068277|73248&4&1046.582427861873|73251&4&6.217248937900877E-15|73255&4&940.8806205115179|73259&4&358.2179987104294|73260&4&380.51276152209425|73262&4&281.5923146342245|73267&4&378.70394021337825|73269&4&68.24042210534586|73275&4&1108.765182396173|73279&4&208.9019632689987|73289&4&11.23388491854782|73296&4&29.1047444387018|73298&4&11.879574064735147|73304&4&36.978883279942494,2|73194&4&172.23174540165894|73204&4&1404.6508176864854|73206&4&553.5507033345186|73210&4&14.155041792588705|73216&4&349.0583760128144|73222&4&806.7145964478691|73225&4&299.9458380882543|73249&4&943.051233108845|73261&4&573.8801228797856|73262&4&306.5965282807765|73263&4&963.4825420191678|73268&4&1266.9636261557966|73269&4&2.7672361105090832|73274&4&263.68653546531084|73275&4&33.43165992936942|73297&4&31.353702437869522,2|73196&4&219.84006890698703|73198&4&162.75397287954914|73207&4&-7.105427357601002E-15|73212&4&68.38257346074488|73214&4&239.18783967835463|73215&4&124.85105258476477|73217&4&1128.1927124976182|73223&4&403.488829472717|73224&4&1182.606973606797|73239&4&890.8807029739405|73253&4&3.5640112137930204|73257&4&12.53346829928492|73266&4&1076.8413674066185|73276&4&43.02022923870882|73278&4&110.68239787059193|73286&4&75.83482037743187|73287&4&222.12306256705494|73292&4&1.5694117856584122,2|73210&4&380.62167749549855|73218&4&1260.0024237198254|73228&4&639.7954180853117|73235&4&718.4761199816695|73237&4&3.192611527880951|73241&4&489.37572977186267|73243&4&325.7689678293108|73256&4&1072.0711819844494|73262&4&111.2516664291747|73269&4&261.8021484556799|73285&4&350.47346467264185|73293&4&166.5916184697182|73296&4&225.8803249656562|73300&4&164.7697584041323|73305&4&17.3858200729616|73307&4&5.411331975075189|73308&4&50.498580957659854
119|4,130,1,1,1,1,1,1,1,1,1,1,1,1,1,1,1,1,1,1,1,1,1,1,1,1,1,1,1,1,1,1,1,1,1,1,1,1,1,1,1,1,1,1,1,1,1,1,1,1,1,1,1,1,1,1,1,1,1,1,1,1,1,1,1,1,1,1,1,1,1,1,1,1,1,1,1,1,1,1,1,1,1,1,1,1,1,1,1,1,1,1,1,1,1,1,1,1,1,1,1,1,0,0,0,0,0,0,0,0,0,0,0,0,0,0,0,0,0,0,0,0,2|73196&4&793.0507364199241|73199&4&634.1912944322444|73200&4&413.2995509437037|73201&4&746.7500052088301|73207&4&559.2231111997456|73228&4&238.05814617617358|73229&4&33.67486317981382|73238&4&372.4426599507573|73246&4&485.9097231731944|73262&4&70.20688351727877|73264&4&394.4063463879325|73270&4&120.117313244712|73272&4&41.39475482011768|73278&4&1412.256280120984|73281&4&43.86127137260559|73286&4&112.46317674599561|73293&4&29.778723239472573|73299&4&29.248325052879682,2|73195&4&643.3827888658456|73213&4&628.2446140156962|73216&4&67.83726350498848|73226&4&259.83834765555287|73231&4&810.5018409566484|73235&4&3.0285865237593654|73238&4&268.7480411533063|73240&4&1122.6680864322143|73243&4&87.11092948160007|73244&4&633.4449916434346|73255&4&9.478258286462275|73257&4&1312.012986195133|73265&4&238.67522326539182|73267&4&72.85069983733337|73269&4&5.665586892985897|73273&4&311.78225927475387|73277&4&210.44933318988183|73280&4&932.6313648067269|73293&4&1.3190615919731554|73296&4&23.22885180274759|73300&4&193.91507790709994|73305&4&0.9703295184653666,2|73191&4&484.4575855064602|73193&4&388.7771402797331|73202&4&411.3014425266123|73207&4&195.59146302869794|73210&4&57.08656501979519|73215&4&1058.8829365706563|73229&4&1014.4796202689135|73230&4&566.1008758308094|73232&4&938.2120222619305|73247&4&352.8868693409853|73250&4&174.46120250113694|73253&4&1051.7540166892268|73261&4&220.4224467918778|73265&4&59.46852444087489|73271&4&788.5181073669537|73283&4&380.75269838110535|73288&4&773.3153648753637|73303&4&57.557565512926516,2|73192&4&287.4311191723721|73199&4&177.46590142140718|73207&4&74.39991582610533|73211&4&157.77541825157982|73216&4&202.46107294592747|73219&4&8.294292743620392|73236&4&1022.3849239015118|73237&4&871.0124360812013|73241&4&129.14732429282972|73242&4&1264.7973429981607|73245&4&1195.4198447314898|73250&4&342.9057274821914|73252&4&891.9268739389347|73258&4&421.26965918121056|73264&4&76.23415425597602|73284&4&355.41663256851257|73302&4&188.77426991940854|73308&4&140.9009133770892,2|73191&4&39.756864239166774|73192&4&581.7426976188727|73203&4&310.84415652818984|73211&4&464.1129181558341|73212&4&262.3644046288331|73220&4&129.08357964143534|73221&4&1193.6939157208028|73234&4&353.51077052586453|73238&4&245.92975362306885|73243&4&366.5706831817618|73260&4&675.3251828109279|73270&4&768.3283120019073|73272&4&258.4816917588978|73276&4&1165.4163327677625|73282&4&945.1514376057432|73285&4&207.9622379604065|73286&4&498.1408730454279|73293&4&12.843780733571293|73295&4&147.90061339036987|73299&4&32.36652271185543|73302&4&86.33480601177024|73303&4&170.0541531571679,2|73189&4&720.8776180056029|73197&4&281.8620709931185|73203&4&2.3176106235948133|73209&4&1419.8971548775985|73219&4&731.2049572779852|73233&4&687.7662155011669|73244&4&339.1993866745404|73248&4&131.6473258969549|73250&4&71.89690933015957|73251&4&854.1832429789742|73254&4&758.552748083895|73270&4&111.43012812280391|73273&4&632.909435800362|73300&4&20.96150280074836|73301&4&4.06406110496907|73302&4&7.294469441511319,2|73189&4&35.885061580499894|73190&4&932.5569455425631|73200&4&65.24588214998698|73205&4&298.02704410969534|73208&4&1449.9033711092154|73212&4&206.6899014589396|73227&4&401.00651361026723|73248&4&1039.2307584240357|73255&4&856.1460928475941|73259&4&400.4147838408072|73260&4&325.12822397347117|73262&4&376.2326414165394|73267&4&352.64768077331047|73269&4&57.35854288099806|73275&4&1200.1900657286328|73279&4&372.45882956797595|73289&4&8.275538086979862|73296&4&45.29146490872333|73298&4&9.610610865596845|73304&4&48.55247591612683,2|73194&4&208.63509857438285|73204&4&1555.6287842185075|73206&4&528.6072552312344|73210&4&7.07752089629437|73216&4&322.33067971646597|73222&4&728.851275805283|73225&4&270.6036597939851|73249&4&928.8409077581482|73261&4&602.3882004823058|73262&4&282.3730105869363|73263&4&1063.2992834848992|73268&4&1444.5877265829213|73269&4&-1.687538997430238E-14|73274&4&312.8206186874946|73275&4&17.84936411624743|73297&4&44.98601739500867,2|73196&4&186.52379773037518|73198&4&189.62550454360064|73212&4&210.0102003327685|73214&4&301.0759538741653|73215&4&89.53979078917222|73217&4&1262.5531631395593|73223&4&512.4718658896431|73224&4&1135.3503233885008|73239&4&811.1709069543876|73243&4&4.997545057160664|73253&4&0.0|73257&4&3.0393211759679755|73266&4&1120.2696047257232|73276&4&20.88151663397037|73278&4&78.96142332467701|73286&4&105.54597832931447|73287&4&203.43981030519657|73292&4&0.8986782932832633,2|73210&4&341.7335889971499|73218&4&1287.029749952321|73228&4&667.7395400293692|73235&4&736.6567212248399|73237&4&1.1546319456101628E-14|73241&4&511.62221005462425|73243&4&300.79408079485523|73256&4&992.0476836810922|73262&4&82.27651704184477|73269&4&246.2583153060746|73285&4&423.5818019146544|73293&4&151.19842005023798|73296&4&209.76379316694732|73300&4&149.6940245859964|73305&4&13.335738040826179|73307&4&4.397653214021143|73308&4&47.11486911483719
120|4,130,1,1,1,1,1,1,1,1,1,1,1,1,1,1,1,1,1,1,1,1,1,1,1,1,1,1,1,1,1,1,1,1,1,1,1,1,1,1,1,1,1,1,1,1,1,1,1,1,1,1,1,1,1,1,1,1,1,1,1,1,1,1,1,1,1,1,1,1,1,1,1,1,1,1,1,1,1,1,1,1,1,1,1,1,1,1,1,1,1,1,1,1,1,1,1,1,1,1,1,1,0,0,0,0,0,0,0,0,0,0,0,0,0,0,0,0,0,0,0,0,2|73196&4&837.7430808841116|73199&4&595.9690586539714|73200&4&546.0500110288325|73201&4&682.8383655472508|73207&4&692.2574292453379|73228&4&204.383735745214|73229&4&19.875166536193603|73238&4&351.89203923821265|73246&4&476.9912470736704|73262&4&61.094966543371065|73264&4&570.0989819496822|73270&4&414.9686852631476|73272&4&23.274376717183166|73278&4&1401.6801233810934|73281&4&38.65799236380515|73286&4&82.82843220598903|73293&4&26.555303622192582|73299&4&45.319508032936355,2|73195&4&609.2850784006102|73213&4&572.296417028467|73216&4&45.79330962041431|73221&4&122.6863128616198|73226&4&263.0127323724487|73231&4&734.1737957874568|73235&4&-2.042810365310288E-14|73238&4&220.18119282260372|73240&4&1060.2975862998514|73243&4&66.80264845295099|73244&4&743.2261091845882|73255&4&4.739129143231148|73257&4&1307.7471106405137|73265&4&355.666636301876|73267&4&45.436397164399054|73269&4&2.0874375364975606|73273&4&314.98162464047647|73277&4&196.53038600724992|73280&4&845.4264228125647|73293&4&-5.329070518200751E-15|73296&4&16.24404229287314|73300&4&182.81309840583066|73305&4&6.8833827526759706E-15,2|73191&4&448.2760689539731|73193&4&434.53737035949496|73202&4&377.41879806363454|73207&4&172.48397128116804|73210&4&211.93052151284638|73215&4&1170.2572483677986|73229&4&962.2320065868535|73230&4&616.5913012169269|73232&4&959.9750483425986|73247&4&321.7089231140643|73250&4&161.6427826984734|73253&4&1022.2867566397521|73261&4&173.94278070102865|73265&4&39.469273378958434|73271&4&837.9991193639682|73283&4&358.1339525394614|73288&4&772.1084534184827|73303&4&48.03707975290561,2|73192&4&335.76170766140933|73199&4&236.85042367668302|73201&4&145.7555133929264|73204&4&180.45331378337744|73207&4&43.69157032894441|73211&4&122.00200022489204|73216&4&274.66824901952543|73219&4&3.552713678800501E-15|73236&4&1140.4698762804662|73237&4&895.0447507730554|73241&4&106.52712440242865|73242&4&1224.9506204242643|73245&4&1292.5962228004537|73250&4&322.6700381918598|73252&4&1031.5134819283812|73258&4&381.9511503866121|73264&4&50.83222817956758|73284&4&329.246149527872|73302&4&206.01636077919093|73308&4&165.80086124247023,2|73191&4&25.21700757537912|73192&4&518.7678405412|73203&4&387.7378507289005|73211&4&574.0615930145607|73212&4&242.66362513604446|73220&4&108.32650844336688|73221&4&1088.5673522337108|73234&4&399.92585591787855|73238&4&228.75144845304328|73243&4&345.08066930050336|73260&4&633.6429912043054|73270&4&703.1975383197838|73272&4&333.79941757211435|73276&4&1231.7034312192282|73282&4&919.7243670328078|73285&4&176.54732455598509|73286&4&459.1062343677919|73293&4&28.882364427855336|73295&4&161.61489517582217|73299&4&30.401551218514204|73302&4&76.94908242606783|73303&4&159.56597766603534,2|73189&4&652.9042380938572|73197&4&246.56155016776873|73203&4&1.7763568394002505E-14|73209&4&1393.6980421931235|73219&4&745.3917199324512|73233&4&807.1478325811192|73244&4&290.28180660914546|73248&4&102.59534169959203|73250&4&54.96120498085433|73251&4&932.7472662956477|73254&4&829.9301797257874|73270&4&78.49089353425143|73273&4&554.3117561706357|73300&4&14.285557430732233|73301&4&1.37611660492874|73302&4&3.7014032213709664,2|73189&4&179.01420982546549|73190&4&950.6133065090494|73200&4&41.473171231235874|73205&4&266.665311280388|73208&4&1518.7932109719986|73212&4&168.55456314424882|73227&4&374.0031617245828|73248&4&976.8741303589665|73255&4&841.9432970907261|73259&4&356.91466710437965|73260&4&275.68715454215254|73262&4&530.4447587199121|73267&4&458.75601728870845|73269&4&46.47666365665026|73275&4&1101.8073252920658|73279&4&495.8354351639505|73280&4&204.42551013821924|73289&4&5.939903037575837|73296&4&65.24198293172483|73298&4&7.5060679074767815|73304&4&60.868307757915346,2|73194&4&267.34985465506065|73204&4&1420.74343209149|73206&4&541.1531584243805|73210&4&4.796163466380676E-14|73216&4&295.6029834201174|73222&4&663.5083728852558|73225&4&241.26148149971596|73249&4&1004.3719126824856|73261&4&651.8500272437519|73262&4&258.149492893096|73263&4&1259.3157368688114|73268&4&1451.2333607427427|73274&4&287.2353803290549|73275&4&8.92468205812375|73297&4&50.63307439433693,2|73196&4&154.99420768199795|73198&4&245.62049903184396|73212&4&272.29192668101575|73214&4&452.5444721076122|73215&4&65.339072905708|73217&4&1196.3272706821344|73223&4&499.2642397824552|73224&4&1122.752796959054|73238&4&67.78252907871956|73239&4&831.3122816548115|73243&4&74.41251901414722|73257&4&-2.042810365310288E-14|73266&4&1228.5007651707733|73276&4&7.050840744971784|73278&4&50.4501351577966|73286&4&289.19700403757065|73287&4&184.7565580433382|73292&4&0.4493391466416305,2|73210&4&302.84550049880124|73218&4&1231.705441319451|73228&4&655.5827331158825|73235&4&837.7284026480618|73241&4&499.7316016680251|73243&4&275.8191937603997|73256&4&996.8071100164985|73262&4&59.0344006128301|73269&4&230.71448215646933|73285&4&447.62369519262023|73293&4&135.80522163075773|73296&4&193.64726136823847|73300&4&134.61829076786054|73305&4&9.28565600869076|73307&4&3.3839744529670965|73308&4&43.73115727201453
121|4,130,1,1,1,1,1,1,1,1,1,1,1,1,1,1,1,1,1,1,1,1,1,1,1,1,1,1,1,1,1,1,1,1,1,1,1,1,1,1,1,1,1,1,1,1,1,1,1,1,1,1,1,1,1,1,1,1,1,1,1,1,1,1,1,1,1,1,1,1,1,1,1,1,1,1,1,1,1,1,1,1,1,1,1,1,1,1,1,1,1,1,1,1,1,1,1,1,1,1,1,1,0,0,0,0,0,0,0,0,0,0,0,0,0,0,0,0,0,0,0,0,2|73196&4&782.9980839825234|73199&4&557.7468228756984|73200&4&569.0996688844021|73201&4&621.7014611397866|73207&4&894.8760356238422|73228&4&170.7093253142545|73229&4&7.741301262631406|73238&4&331.3414185256679|73246&4&443.33061661866964|73262&4&51.98304956946336|73264&4&615.2071368932059|73270&4&571.5613017793197|73272&4&7.946181795769975|73278&4&1430.5871485188713|73281&4&33.45471335500471|73286&4&59.77967295528621|73293&4&23.33188400491259|73299&4&53.753165447120026,2|73195&4&686.8299168490623|73213&4&519.6090291842279|73216&4&140.7701278703947|73221&4&227.62836653305834|73226&4&246.93131065886996|73231&4&666.09415216089|73238&4&183.78786524015015|73240&4&1134.4026823516726|73243&4&48.902174916118085|73244&4&784.7006471421164|73255&4&2.1316282072803006E-14|73257&4&1364.6943432225664|73265&4&410.31486176272165|73267&4&25.22328013717394|73269&4&1.509903313490213E-14|73273&4&382.79475989789216|73277&4&246.66615693875588|73280&4&762.2746573398041|73296&4&10.394987630619758|73300&4&171.7111189045614,2|73191&4&412.0945524014861|73193&4&577.2969299481618|73202&4&382.7411383841877|73207&4&149.37647953363813|73210&4&280.79639731463294|73215&4&1189.8563696563815|73229&4&952.8400594655382|73230&4&766.8983543579145|73232&4&959.2725175132484|73247&4&290.5309768871433|73250&4&148.82436289580988|73253&4&1065.2213968537294|73261&4&135.39221033490992|73265&4&23.684045140111525|73271&4&952.1370628344393|73283&4&422.3861030969335|73288&4&851.88816896927|73303&4&39.70266912096058,2|73192&4&417.13373530161954|73199&4&262.9712129543094|73201&4&266.66507461704475|73204&4&315.0893022269256|73207&4&23.73410164209492|73211&4&91.42593688224815|73216&4&258.64542898605055|73236&4&1185.7112109086243|73237&4&885.385024341127|73241&4&83.9069245120276|73242&4&1227.740234596837|73245&4&1194.630775339769|73250&4&323.18995039945077|73252&4&943.1848824205881|73258&4&416.13789830559193|73264&4&31.7653075634217|73284&4&355.502637164435|73302&4&221.37054947262382|73308&4&191.2198821089246,2|73191&4&14.247254063793136|73192&4&455.79298346352726|73203&4&383.39318153091506|73211&4&635.0276558644491|73212&4&222.96284564325586|73220&4&136.86360679496352|73221&4&991.7558011341496|73234&4&367.3369998416049|73238&4&211.5731432830177|73243&4&323.59065541924497|73260&4&710.7055523898695|73270&4&638.0667646376605|73272&4&337.7849354287832|73276&4&1138.6700877980084|73282&4&1029.2507867622721|73285&4&152.07853679685303|73286&4&420.0715956901559|73293&4&27.40613675462864|73295&4&175.5925976081861|73299&4&28.436579725172976|73302&4&67.56335884036545|73303&4&149.0778021749027,2|73189&4&592.1869298197234|73197&4&221.57192551345375|73209&4&1284.141956591399|73219&4&828.3466161169608|73233&4&742.786717477162|73244&4&248.10566082419396|73248&4&74.64629951627782|73250&4&38.02550063154908|73251&4&1034.8288243497418|73254&4&810.1193126458045|73270&4&51.70533390380926|73273&4&476.03064533947963|73300&4&8.751382924996957|73301&4&5.213291101202335|73302&4&1.2398623712345707,2|73189&4&169.97378668024095|73190&4&1026.1078510673037|73200&4&23.54003897014538|73205&4&280.3793331845799|73208&4&1658.6866643618487|73212&4&132.32132460890756|73227&4&378.36567825080886|73248&4&903.8617140081474|73255&4&773.3881138990828|73259&4&313.41455036795196|73260&4&231.01539153258028|73262&4&652.4591988471117|73267&4&650.9046753364851|73269&4&35.594784432302454|73275&4&1040.428528164139|73279&4&509.29482130007653|73280&4&353.2641781284637|73289&4&4.652363281300345|73296&4&89.77698357854429|73298&4&5.776555332570867|73300&4&130.34283124261557|73304&4&57.52715272940269,2|73194&4&346.405823953003|73204&4&1293.0969745290363|73206&4&651.7868916261522|73216&4&268.87528712376894|73222&4&592.5977341621203|73225&4&292.4695262457026|73249&4&1060.9787836916869|73261&4&833.0894272359265|73262&4&233.9259751992557|73263&4&1312.037786386073|73268&4&1471.4778436657075|73274&4&261.65014197061527|73275&4&7.105427357601002E-14|73297&4&64.13519581205267,2|73196&4&125.22751101907623|73198&4&231.98365274001372|73212&4&431.50423254941927|73214&4&422.03079992597947|73215&4&47.66201323630156|73217&4&1185.1103721420955|73223&4&576.5039665905409|73224&4&1057.8738001145734|73238&4&91.68695309257365|73239&4&972.2426054620166|73243&4&136.05845933423464|73266&4&1124.921019672661|73276&4&3.0062740633337133|73278&4&25.280024264177072|73286&4&399.4861200121026|73287&4&166.07330578147977|73292&4&-7.771561172376096E-16,2|73210&4&263.9574120004526|73218&4&1224.5573497334244|73228&4&647.4932397113432|73235&4&796.0741165444992|73241&4&534.125562871265|73243&4&250.84430672594414|73256&4&974.5534342875227|73262&4&37.81535659222892|73269&4&215.17064900686404|73285&4&440.68302103480636|73293&4&120.4120232112775|73296&4&177.5307295695296|73300&4&119.54255694972467|73305&4&5.23557397655534|73307&4&2.5379808397253214|73308&4&40.347445429191865
122|4,130,1,1,1,1,1,1,1,1,1,1,1,1,1,1,1,1,1,1,1,1,1,1,1,1,1,1,1,1,1,1,1,1,1,1,1,1,1,1,1,1,1,1,1,1,1,1,1,1,1,1,1,1,1,1,1,1,1,1,1,1,1,1,1,1,1,1,1,1,1,1,1,1,1,1,1,1,1,1,1,1,1,1,1,1,1,1,1,1,1,1,1,1,1,1,1,1,1,1,1,1,0,0,0,0,0,0,0,0,0,0,0,0,0,0,0,0,0,0,0,0,2|73196&4&757.3973613520516|73199&4&519.5245870974254|73200&4&712.0494347261395|73201&4&561.5251305699832|73207&4&888.7820545896175|73228&4&137.03491488329496|73229&4&-1.2434497875801753E-14|73238&4&310.7907978131232|73246&4&503.534798173173|73262&4&42.871132595555665|73264&4&574.6409583616858|73270&4&752.5648536342472|73272&4&1.9539925233402755E-14|73278&4&1416.0024685140206|73281&4&54.45522586168155|73286&4&43.970161768310575|73293&4&20.1084643876326|73299&4&50.79728242807735,2|73195&4&815.4682425282139|73213&4&466.9216413399887|73216&4&147.97643167528096|73221&4&345.45997690083937|73226&4&236.6566959880388|73231&4&761.3582591635629|73236&4&81.2460007725939|73238&4&150.41414397567445|73240&4&1149.3717772808627|73243&4&34.31034287133856|73244&4&733.977198976368|73257&4&1489.6648424358068|73265&4&427.2151745363862|73267&4&12.641302263692662|73273&4&712.03280768131|73277&4&262.20263607800007|73280&4&684.0524095641938|73296&4&5.859723860452527|73300&4&160.60913940329212,2|73191&4&375.913035848999|73193&4&531.0593515395549|73202&4&365.9428304966673|73207&4&126.26898778610823|73210&4&330.922915165982|73215&4&1134.307669836045|73229&4&1003.9164301540734|73230&4&815.2525225771084|73232&4&1121.8688456241177|73247&4&327.77116943136235|73250&4&136.00594309314633|73253&4&1147.0155913310168|73261&4&105.69752861187156|73265&4&15.105750489291712|73271&4&870.6113577834413|73283&4&448.6398560162936|73288&4&916.8168437308334|73303&4&32.52514869027337,2|73192&4&522.1015036818789|73199&4&259.0763686691017|73201&4&252.96743210271018|73204&4&462.4966052589092|73207&4&15.365291629254772|73211&4&66.84251517954834|73216&4&242.62260895257566|73236&4&1083.3751197957536|73237&4&887.8570858709579|73241&4&62.357344178439064|73242&4&1241.7540600915336|73245&4&1091.8919185655213|73250&4&371.1167276517832|73252&4&865.9996236407862|73258&4&512.9718642813016|73264&4&16.316958257107906|73284&4&443.0717624620497|73302&4&236.5585977064475|73308&4&176.89886619854133,2|73191&4&7.27516712928187|73192&4&393.8628623397642|73193&4&38.01045899655742|73203&4&357.13757100927245|73211&4&829.2820510202913|73212&4&203.2620661504673|73220&4&236.32753041574273|73221&4&895.7944256988799|73234&4&403.3648431162262|73238&4&194.39483811299215|73243&4&302.10064153798646|73260&4&804.7433400955053|73270&4&572.9359909555371|73272&4&576.5909223140168|73276&4&1045.6367443767888|73282&4&1195.0779466827048|73285&4&127.609749037721|73286&4&381.0369570125199|73293&4&88.69020102274709|73295&4&188.80403342566595|73299&4&26.471608231831745|73302&4&58.17763525466306|73303&4&138.58962668377015,2|73189&4&532.8049413425824|73197&4&292.08076025868513|73209&4&1255.8882293798213|73219&4&946.504672831553|73233&4&738.867037525565|73244&4&213.34750446023736|73248&4&46.6972573329636|73250&4&23.978197283380705|73251&4&1017.4561338785484|73254&4&798.9290636137298|73270&4&24.92151603289666|73273&4&404.8169142670271|73300&4&4.45428938232768|73301&4&21.8694641262625|73302&4&1.1546319456101628E-14,2|73189&4&160.9333635350164|73190&4&1007.4065601982952|73200&4&9.53776948641986|73205&4&409.62068777042305|73208&4&1698.5838922964867|73212&4&102.31405708217396|73227&4&349.86209709505357|73245&4&64.03828427359133|73248&4&858.4462648815871|73255&4&832.1730239552109|73259&4&269.9144336315244|73260&4&186.92299386165118|73262&4&761.7612127189498|73264&4&51.38236332143151|73267&4&620.8615305753741|73269&4&24.712905207954655|73275&4&1097.422340633986|73276&4&120.14124394002778|73279&4&614.6455630867858|73280&4&389.7768257410163|73289&4&3.364823525024861|73296&4&115.42178564725288|73298&4&4.770061622092465|73300&4&137.28264136117252|73304&4&54.18599770089003,2|73189&4&59.90199988008453|73194&4&324.09109886507224|73204&4&1174.090496308232|73206&4&672.3726924719529|73216&4&242.14759082742052|73222&4&522.4260228915473|73225&4&361.98145394728033|73249&4&1056.9364904512654|73261&4&978.012359910691|73262&4&209.70245750541545|73263&4&1280.9205043339455|73268&4&1493.0803608337555|73274&4&236.06490361217567|73297&4&78.74125519345301,2|73196&4&97.39799124108762|73198&4&289.0455766144474|73212&4&441.91215104426595|73214&4&391.51712774434674|73215&4&32.87319881168359|73217&4&1251.7143254808034|73223&4&536.8392941870508|73224&4&965.2433605456537|73238&4&306.39255210043245|73239&4&1099.139618707109|73243&4&129.0563865142125|73266&4&1091.2066892841672|73276&4&0.0|73278&4&11.0267130787703|73286&4&472.30700542293|73287&4&147.3900535196214,2|73210&4&225.069323502104|73218&4&1229.0989240734361|73228&4&713.4259979788786|73235&4&811.0644288875405|73241&4&500.7025365534666|73243&4&225.86941969148853|73256&4&889.732839097114|73262&4&21.295900344816793|73269&4&214.76798169094585|73285&4&423.3954430292963|73293&4&106.1754379742659|73296&4&161.41419777082075|73300&4&104.4668231315888|73305&4&2.339840478555102|73307&4&1.6919872264835476|73308&4&36.9637335863692
123|4,130,1,1,1,1,1,1,1,1,1,1,1,1,1,1,1,1,1,1,1,1,1,1,1,1,1,1,1,1,1,1,1,1,1,1,1,1,1,1,1,1,1,1,1,1,1,1,1,1,1,1,1,1,1,1,1,1,1,1,1,1,1,1,1,1,1,1,1,1,1,1,1,1,1,1,1,1,1,1,1,1,1,1,1,1,1,1,1,1,1,1,1,1,1,1,1,1,1,1,1,1,0,0,0,0,0,0,0,0,0,0,0,0,0,0,0,0,0,0,0,0,2|73196&4&777.6781996595902|73199&4&481.3023513191523|73200&4&819.5369450850503|73201&4&501.3488000001795|73207&4&983.9793912599156|73228&4&107.78520283180342|73238&4&290.24017710057853|73246&4&453.29621520593656|73262&4&33.75921562164797|73264&4&534.0747798301657|73270&4&916.5979104372947|73278&4&1522.9743361540782|73281&4&218.6286480560592|73286&4&30.93322673428281|73293&4&16.885044770352614|73299&4&47.84139940903467,2|73195&4&828.7287711735396|73201&4&107.37023217835116|73213&4&461.7383294648664|73216&4&180.9349534242538|73221&4&374.16032060164855|73226&4&237.16391222037714|73231&4&751.7504416758695|73236&4&193.10635570169973|73238&4&122.48079920698996|73240&4&1094.5862171254169|73243&4&19.718510826559054|73244&4&683.2537508106196|73257&4&1610.0823659326686|73265&4&477.7663374681388|73267&4&2.2994110651299655|73273&4&841.0367066354298|73277&4&241.6183548109424|73280&4&608.7816203217172|73296&4&2.7485138832760554|73300&4&149.50715990202286,2|73191&4&339.7315192965119|73193&4&484.8217731309475|73202&4&427.4586213131611|73207&4&103.16149603857832|73210&4&411.9645793291541|73215&4&1094.5581755754183|73229&4&994.1940385518055|73230&4&803.1715820427157|73232&4&1094.6821669655135|73247&4&337.09755306993964|73250&4&123.18752329048279|73253&4&1180.9922542806553|73261&4&83.74858749477349|73265&4&9.79249980333864|73271&4&820.2298394858976|73283&4&484.84507717914306|73288&4&901.6208354541602|73303&4&26.49299554056728,2|73192&4&650.7595603337566|73199&4&304.15949402352066|73201&4&239.2697895883756|73204&4&536.4047549582716|73207&4&7.233651472063661|73211&4&52.17674082026983|73216&4&226.59978891910077|73236&4&986.570413563936|73237&4&843.3012960548588|73241&4&41.83749658380128|73242&4&1284.3103991939079|73245&4&989.153061791274|73250&4&346.38324595567764|73252&4&836.300352307439|73258&4&467.154977308608|73264&4&6.025171827170276|73284&4&413.66839323128187|73302&4&250.7014622304868|73308&4&213.4893893125253,2|73191&4&1.3754507715681263|73192&4&336.99462775852464|73193&4&36.109936046729544|73203&4&332.2575791183264|73211&4&774.4550844314502|73212&4&183.5612866576787|73220&4&255.5647555873906|73221&4&805.7322851498236|73234&4&369.4014633018546|73238&4&177.21653294296658|73243&4&280.61062765672807|73260&4&757.633713252042|73270&4&507.80521727341375|73272&4&605.2075632981102|73276&4&952.6034009555692|73282&4&1268.2194924805524|73285&4&103.14096127858899|73286&4&342.00231833488385|73293&4&84.07595875245315|73295&4&200.4896341157309|73299&4&24.506636738490513|73302&4&48.79191166896066|73303&4&128.10145119263757,2|73189&4&475.7502159832677|73197&4&302.61985895943087|73209&4&1283.301277108419|73219&4&1053.1772620718746|73233&4&719.9974473344087|73244&4&293.840245660879|73248&4&22.758318684502868|73250&4&11.916639763318969|73251&4&1128.6850555727715|73254&4&769.1835872720428|73270&4&8.64679320454655|73273&4&341.76271929853755|73300&4&1.5123829985217436|73301&4&30.08794634747169,2|73189&4&151.8929403897919|73190&4&974.276048577073|73200&4&3.0124310930359544|73205&4&544.3449087943291|73208&4&1652.3098254881083|73212&4&76.15745999151011|73227&4&321.35851593929823|73245&4&147.54141473419799|73248&4&992.1220227069664|73250&4&134.94246961638936|73255&4&846.815616232102|73259&4&226.55998840673723|73260&4&145.1581499309919|73262&4&892.4281367079516|73264&4&106.40632614827527|73267&4&607.5055235325505|73269&4&19.45494695234936|73275&4&1190.1346603498937|73276&4&114.13418174302639|73279&4&658.6287620035228|73280&4&445.8571649085055|73289&4&2.0772837687493766|73296&4&142.13183198451404|73298&4&4.076265646158108|73300&4&160.92298148276444|73304&4&65.9826007118271,2|73189&4&96.82285459760229|73194&4&356.8407162443058|73204&4&1064.256607801122|73206&4&618.6638383271547|73216&4&215.41989453107203|73222&4&653.4703072672097|73225&4&344.5748474300832|73249&4&955.9327051187902|73258&4&32.24999113023148|73261&4&1052.8873111017842|73262&4&185.47893981157517|73263&4&1172.5133637818585|73268&4&1444.655066038024|73274&4&210.47966525373602|73297&4&93.80919269408413,2|73196&4&69.56847146309899|73198&4&320.0372977127171|73212&4&469.20420490443524|73214&4&361.003455562714|73215&4&22.143210079492835|73217&4&1406.8873740914205|73223&4&583.0700037050349|73224&4&1025.2965287198667|73238&4&390.0608277844161|73239&4&1133.225579620621|73243&4&241.81863906147424|73266&4&1102.7600651510472|73278&4&1.0695354352501751|73286&4&522.1463606184466|73287&4&128.70680125776298,2|73210&4&190.6982877647598|73218&4&1242.5760571749438|73228&4&837.8338375048129|73235&4&833.5148332494907|73241&4&516.6927924152549|73243&4&200.894532657033|73256&4&806.6423207450658|73262&4&5.16331564741772|73269&4&275.92053607900124|73285&4&444.0363491207121|73293&4&93.63468062701351|73296&4&145.29766597211193|73300&4&89.39108931345291|73305&4&0.6718634610180092|73307&4&7.1728248984071|73308&4&33.58002174354654
124|4,130,1,1,1,1,1,1,1,1,1,1,1,1,1,1,1,1,1,1,1,1,1,1,1,1,1,1,1,1,1,1,1,1,1,1,1,1,1,1,1,1,1,1,1,1,1,1,1,1,1,1,1,1,1,1,1,1,1,1,1,1,1,1,1,1,1,1,1,1,1,1,1,1,1,1,1,1,1,1,1,1,1,1,1,1,1,1,1,1,1,1,1,1,1,1,1,1,1,1,1,1,0,0,0,0,0,0,0,0,0,0,0,0,0,0,0,0,0,0,0,0,2|73196&4&717.6518365983121|73199&4&443.0801155408793|73200&4&850.4140718769677|73201&4&444.13199925509554|73207&4&1060.7726536444718|73228&4&80.98431638759997|73238&4&269.68955638803385|73246&4&432.2338961399328|73262&4&24.64729864774027|73264&4&493.50860129864554|73270&4&1066.533882508726|73278&4&1390.490701987286|73281&4&229.51881318755338|73286&4&18.539862725855937|73293&4&13.661625153072622|73299&4&44.88551638999199,2|73195&4&799.4557494484701|73201&4&179.84137663751346|73213&4&409.44306005674537|73216&4&228.8968152264387|73221&4&447.8480848431412|73226&4&219.94820123975825|73231&4&675.1873203112062|73236&4&322.97164163018283|73238&4&98.04720533906635|73240&4&996.4634449542809|73243&4&6.969050713838234|73244&4&632.5303026448713|73257&4&1515.5677738168094|73265&4&485.2223777268581|73267&4&-1.0658141036401503E-14|73273&4&865.2863298941427|73277&4&221.03407354388474|73280&4&538.8837280422239|73296&4&-9.769962616701378E-15|73300&4&138.40518040075358,2|73191&4&416.38279785853024|73193&4&438.58419472234027|73202&4&418.46446543873355|73207&4&80.05400429104841|73210&4&523.9805273935053|73215&4&1192.6402768242706|73229&4&910.5564959489284|73230&4&732.94334959056|73232&4&1007.2601475488871|73247&4&367.18750725574955|73250&4&110.36910348781925|73253&4&1271.3030129944061|73261&4&67.19111204366294|73265&4&4.551602045167453|73271&4&764.7686999034261|73283&4&446.04823015658513|73288&4&863.6052401255843|73303&4&21.662370825536556,2|73192&4&673.5482227142396|73199&4&277.30003237880163|73201&4&225.57214707404103|73204&4&507.10379183274966|73207&4&5.5067062021407764E-14|73211&4&37.51433475281244|73216&4&210.57696888562592|73236&4&891.6189671268463|73237&4&840.1839957682005|73241&4&24.86782091730926|73242&4&1327.1483727094337|73245&4&889.041095625727|73250&4&321.64976425957195|73252&4&821.1680479019469|73258&4&423.34255956565795|73264&4&2.0525274134299054|73284&4&384.26502400051396|73302&4&265.0033598749195|73308&4&228.7726568909181,2|73191&4&-9.325873406851315E-15|73192&4&287.31840280349405|73193&4&34.20941309690167|73203&4&307.3775872273804|73211&4&719.6281178426093|73212&4&163.8605071648901|73220&4&232.47799493111376|73221&4&722.3376131020685|73233&4&12.118731574260266|73234&4&335.438083487483|73238&4&160.038227772941|73243&4&259.1206137754696|73260&4&754.5229148156703|73270&4&442.67444359129036|73272&4&560.6654808262955|73276&4&860.3563984157615|73282&4&1252.0639112989113|73285&4&78.67217351945695|73286&4&302.9676796572478|73293&4&98.284440500742|73295&4&210.61140958661827|73299&4&22.541665245149286|73302&4&39.406188083258264|73303&4&117.61327570150499,2|73189&4&420.44197328814585|73197&4&279.41185876074644|73209&4&1293.4109668035037|73219&4&980.8730300128191|73233&4&661.5255946052586|73244&4&421.3931584539053|73248&4&7.321056708843004|73250&4&5.485120639242437|73251&4&1054.8376205324894|73254&4&800.6262465284946|73270&4&2.46079612624935|73273&4&286.1501596463885|73300&4&-1.021405182655144E-14|73301&4&28.51519048064179,2|73189&4&142.85251724456737|73190&4&886.5262911767682|73200&4&-2.042810365310288E-14|73205&4&509.1611398705529|73208&4&1515.6141291855756|73212&4&57.63670349848689|73227&4&292.85493478354294|73245&4&184.05688530390137|73248&4&1165.5032045352618|73250&4&264.4309295975224|73255&4&832.8607517291575|73259&4&371.6438319449808|73260&4&104.5655063693773|73262&4&933.3845771952059|73264&4&100.95755393255793|73267&4&598.028893454637|73269&4&14.346459239430654|73275&4&1167.7246815022213|73276&4&195.80299811161544|73279&4&671.4401217187516|73280&4&464.4619622176085|73289&4&0.7897440124738925|73296&4&134.1016792967338|73298&4&3.7056960419619145|73300&4&152.19147587321143|73304&4&86.46130613276952,2|73189&4&91.83195686802196|73194&4&362.876309288023|73204&4&962.8416740159072|73206&4&621.9248812193382|73216&4&188.69219823472355|73222&4&712.894653579988|73225&4&312.9740005726064|73249&4&905.1272639358056|73258&4&61.68613148120421|73261&4&1008.9367982843653|73262&4&161.25542211773492|73263&4&1162.3890145032635|73268&4&1389.6505648904883|73274&4&220.1297235983898|73297&4&109.29953599663274,2|73196&4&47.84989730348602|73198&4&298.637866287476|73211&4&19.69515163968498|73212&4&452.8996096178713|73214&4&330.4897833810813|73215&4&11.413221347302075|73217&4&1386.5277253835843|73223&4&642.6688415085699|73224&4&928.654538625554|73238&4&403.13336822692247|73239&4&1126.3806174453498|73243&4&429.1559581970091|73266&4&1112.629665406677|73278&4&3.552713678800501E-15|73286&4&563.0832954410877|73287&4&124.9807927485056,2|73210&4&160.6718755208691|73218&4&1441.5863635079993|73228&4&992.1518571392605|73235&4&763.1141347919529|73241&4&559.8592341215365|73243&4&175.91964562257746|73256&4&763.0764319790361|73262&4&-2.1316282072803006E-14|73269&4&409.81642724141545|73285&4&412.2478922164221|73293&4&82.65861692014067|73296&4&129.18113417340308|73300&4&74.31535549531704|73305&4&0.34980291251793005|73307&4&6.01048972090706|73308&4&30.19630990072388
125|4,130,1,1,1,1,1,1,1,1,1,1,1,1,1,1,1,1,1,1,1,1,1,1,1,1,1,1,1,1,1,1,1,1,1,1,1,1,1,1,1,1,1,1,1,1,1,1,1,1,1,1,1,1,1,1,1,1,1,1,1,1,1,1,1,1,1,1,1,1,1,1,1,1,1,1,1,1,1,1,1,1,1,1,1,1,1,1,1,1,1,1,1,1,1,1,1,1,1,1,1,1,0,0,0,0,0,0,0,0,0,0,0,0,0,0,0,0,0,0,0,0,2|73196&4&657.625473537034|73199&4&404.85787976260633|73200&4&779.9285579158185|73201&4&390.0158225678685|73207&4&1034.7006177793792|73228&4&62.43107861166841|73238&4&249.13893567548917|73246&4&529.0919067882186|73262&4&15.535381673832577|73264&4&452.94242276712544|73270&4&1152.9193206056916|73278&4&1258.0070678204938|73281&4&213.17410115128064|73286&4&6.944974082168437|73293&4&10.438205535792632|73299&4&41.929633370949325,2|73195&4&874.6096262264024|73201&4&230.03913268564554|73213&4&610.5909690055395|73216&4&328.5815479895491|73221&4&637.6006130498164|73226&4&210.51447845343702|73231&4&600.2792407560995|73232&4&24.29519279481218|73236&4&427.89487254274906|73238&4&74.81285591785377|73240&4&933.6580351174334|73243&4&2.3092638912203256E-14|73244&4&581.806854479123|73257&4&1435.6649481079512|73265&4&551.5080458770034|73273&4&813.0613765163245|73277&4&200.44979227682714|73280&4&468.98583576273046|73300&4&127.30320089948431,2|73191&4&375.9176090811603|73193&4&392.346616313733|73202&4&411.638930740423|73207&4&56.946512543518516|73210&4&493.9939812332493|73215&4&1108.801745748745|73229&4&839.8849637691355|73230&4&662.7151171384044|73232&4&921.8528435032548|73247&4&384.558333068536|73250&4&97.55068368515572|73253&4&1322.7897473379057|73261&4&54.89205115637614|73265&4&-1.2434497875801753E-14|73271&4&720.1480092789648|73283&4&407.25138313402704|73288&4&913.1289704223638|73303&4&18.07893193242176,2|73192&4&667.6857060336467|73199&4&285.8089340579768|73201&4&211.87450455970648|73204&4&477.8028287072277|73211&4&25.45782855911319|73216&4&194.55414885215106|73236&4&798.6636376148151|73237&4&834.9393588177919|73241&4&13.435506799919985|73242&4&1305.6763137178882|73245&4&792.2536872105001|73250&4&296.9162825634663|73252&4&960.6895503941911|73258&4&379.9081037019141|73264&4&3.552713678800501E-15|73284&4&354.86165476974605|73302&4&246.55858582142304|73308&4&214.19260110784924,2|73192&4&244.1627028655511|73193&4&32.3088901470738|73203&4&282.4975953364343|73211&4&664.8011512537684|73212&4&144.1597276721015|73220&4&209.3912342748369|73221&4&645.9378935533081|73233&4&46.22940129601635|73234&4&301.47470367311143|73238&4&142.85992260291542|73243&4&237.63059989421117|73260&4&763.2307399944174|73270&4&377.54366990916697|73272&4&518.1171453066161|73276&4&769.4526035939117|73282&4&1295.300280716739|73285&4&54.203385760324934|73286&4&263.9330409796118|73293&4&92.7290620295189|73295&4&194.7179401960942|73299&4&20.576693751808058|73302&4&32.31822140125806|73303&4&107.12510021037241,2|73189&4&367.27943577293706|73196&4&148.48149568173403|73197&4&246.94028055601052|73209&4&1167.9393646868346|73219&4&911.1842493537467|73233&4&603.0537418761081|73244&4&379.88398038588093|73248&4&0.6667107000920577|73250&4&3.764580598936483|73251&4&1090.2878147525344|73254&4&880.3884046324118|73270&4&-1.0658141036401503E-14|73273&4&234.66983936315887|73278&4&138.14274528944645|73301&4&26.942434613811898,2|73189&4&133.81209409934286|73190&4&798.7765337764635|73205&4&474.7497749306269|73208&4&1378.918432883043|73212&4&39.1159470054637|73227&4&264.3513536277876|73245&4&348.71649517163155|73248&4&1172.3317806536375|73250&4&250.8720269436053|73255&4&816.5802686291302|73259&4&351.3644759306002|73260&4&71.65520843712889|73262&4&934.9435826334785|73264&4&191.51142196230876|73267&4&549.0986347475459|73269&4&10.726194990834973|73275&4&1185.7515906988224|73276&4&185.41214198633452|73279&4&625.2568126936251|73280&4&524.6531892369983|73289&4&0.5264960083159285|73296&4&126.07152660895358|73298&4&3.335126437765723|73300&4&143.45997026365842|73304&4&81.134425784713,2|73189&4&86.84105913844164|73194&4&348.3335286229573|73204&4&865.6513818632702|73206&4&579.0266852411569|73216&4&161.96450193837512|73222&4&696.3426953730686|73225&4&301.6250541265048|73249&4&1100.0149553571337|73258&4&120.03242545373428|73261&4&940.7498624644431|73262&4&137.03190442389467|73263&4&1301.769667413718|73268&4&1373.7004723761597|73274&4&279.12262501659546|73297&4&102.320560002977,2|73196&4&29.566188747116204|73198&4&277.3399102801052|73211&4&116.27069943306918|73212&4&629.6042621571848|73214&4&299.9761111994485|73215&4&2.098292149091429|73217&4&1412.0492554539992|73223&4&650.3933321431633|73224&4&838.4831104247411|73238&4&396.1504320090341|73239&4&1027.7445798389365|73243&4&435.1536746382162|73266&4&1107.4247254052252|73286&4&552.430204960272|73287&4&105.54967829901717,2|73210&4&133.6978698575962|73218&4&1435.2651976482803|73228&4&1016.5678332703562|73235&4&696.2385999076782|73241&4&607.8985750815243|73243&4&150.9447585881219|73256&4&820.0400759018719|73269&4&381.93939076390006|73285&4&420.1821891876039|73293&4&73.24039179373938|73296&4&113.0646023746942|73300&4&59.23962167718116|73305&4&0.26235218438844754|73306&4&41.614062019258085|73307&4&5.694148156648794|73308&4&26.812598057901216
126|4,130,1,1,1,1,1,1,1,1,1,1,1,1,1,1,1,1,1,1,1,1,1,1,1,1,1,1,1,1,1,1,1,1,1,1,1,1,1,1,1,1,1,1,1,1,1,1,1,1,1,1,1,1,1,1,1,1,1,1,1,1,1,1,1,1,1,1,1,1,1,1,1,1,1,1,1,1,1,1,1,1,1,1,1,1,1,1,1,1,1,1,1,1,1,1,1,1,1,1,1,1,0,0,0,0,0,0,0,0,0,0,0,0,0,0,0,0,0,0,0,0,2|73196&4&597.5991104757559|73199&4&366.6356439843333|73200&4&796.3400170617547|73201&4&341.1383087364658|73207&4&1153.0248796508042|73228&4&48.59325709056339|73238&4&228.58831496294448|73246&4&618.1100710648765|73262&4&6.42346469992488|73264&4&412.3762442356053|73270&4&1333.4833045618607|73278&4&1125.5594991789542|73281&4&196.82938911500793|73286&4&2.6645352591003757E-14|73293&4&7.214785918512642|73299&4&38.973750351906645,2|73195&4&849.7385703850812|73201&4&217.8057257503013|73213&4&679.9995887810675|73216&4&310.4320119393875|73221&4&822.2499070961563|73226&4&192.90966806310328|73231&4&604.8399154751287|73232&4&178.73426743963816|73236&4&512.4214030226075|73238&4&52.63302019826|73240&4&1000.3592430283625|73244&4&531.0834063133747|73257&4&1706.4283203472892|73265&4&516.7444729172289|73273&4&791.4174694851521|73277&4&179.8655110097695|73280&4&399.1896940552279|73295&4&51.66156448110682|73296&4&43.72225455234752|73300&4&116.20122139821504|73308&4&24.8400985994474,2|73191&4&437.37248890652864|73193&4&346.1090379051258|73202&4&524.7728979261797|73207&4&36.300329681762406|73210&4&464.00743507299353|73215&4&1015.6144910002067|73229&4&755.5991206451043|73230&4&625.6089051391407|73232&4&836.4455394576229|73247&4&385.4263092608033|73250&4&84.73226388249218|73253&4&1307.7890460431472|73261&4&42.59299026908931|73271&4&655.2254050198046|73283&4&370.7404664163796|73288&4&830.3729903057643|73303&4&14.495493039306961,2|73192&4&718.4493804399515|73199&4&270.0961141386271|73201&4&198.17686204537193|73204&4&448.5018655817058|73211&4&16.162446781895934|73216&4&178.53132881867617|73236&4&714.0117690985052|73237&4&800.2416690197848|73241&4&7.690411758303696|73242&4&1181.101531096694|73245&4&701.5454827697799|73250&4&272.18280086736064|73252&4&987.7087602806087|73258&4&339.03432807708765|73284&4&325.4582855389782|73302&4&228.1138117679265|73308&4&199.61254532478034,2|73192&4&201.00700292760808|73193&4&30.408367197245926|73203&4&257.6176034454883|73211&4&609.9741846649274|73212&4&124.4589481793129|73220&4&312.5600019002792|73221&4&576.547606727918|73233&4&143.96488100163285|73234&4&356.76099689302964|73238&4&125.68161743288984|73243&4&216.14058601295272|73260&4&702.230845263271|73270&4&312.4128962270436|73272&4&631.5329653993848|73276&4&678.5488087720621|73282&4&1295.9118107361937|73285&4&29.734598001192914|73286&4&224.89840230197578|73293&4&87.1736835582958|73295&4&178.8244708055701|73299&4&18.611722258466827|73302&4&25.23025471925786|73303&4&96.63692471923984,2|73189&4&316.1325266784023|73196&4&400.7917050920971|73197&4&434.7419609623721|73209&4&1390.7414555099372|73219&4&844.2112482951406|73233&4&544.5818891469578|73244&4&338.3894987341225|73248&4&-4.6629367034256575E-15|73250&4&2.0440405586305075|73251&4&1047.217758570695|73254&4&895.1215216782241|73273&4&185.90238661637|73278&4&523.6182187215913|73301&4&25.369678746982004,2|73189&4&124.77167095411833|73190&4&758.964983264792|73205&4&440.6018006335644|73208&4&1488.8326965537942|73212&4&20.595190512440514|73227&4&235.84777247203232|73245&4&380.53905279114815|73248&4&1069.4006182143428|73250&4&237.3131242896882|73255&4&940.5028875007692|73259&4&516.6158365245935|73260&4&45.30893548040419|73262&4&941.3264801815204|73264&4&342.09883506123697|73267&4&500.1683760404547|73269&4&7.105930742239283|73275&4&1210.1546600806257|73276&4&249.70005484015218|73279&4&584.0087673296265|73280&4&689.17473746899|73289&4&0.26324800415796445|73296&4&118.04137392117337|73298&4&2.9645568335695316|73300&4&134.7284646541054|73304&4&75.80754543665648,2|73189&4&81.85016140886131|73194&4&325.3965646487291|73204&4&768.4610897106331|73206&4&643.8616378476365|73216&4&135.23680564202664|73222&4&689.0167548532557|73224&4&71.54185440123797|73225&4&425.158697436612|73249&4&1269.9144476277988|73258&4&187.79190765389328|73261&4&872.562926644521|73262&4&112.8083867300544|73263&4&1340.7363160938144|73268&4&1466.2935061535304|73274&4&401.57138208061286|73297&4&108.83386636663496,2|73196&4&14.049330629872589|73198&4&256.0419542727343|73211&4&110.4079265823165|73212&4&683.9363755803406|73214&4&269.46243901781577|73215&4&-3.552713678800501E-15|73217&4&1423.961899954064|73223&4&615.290786517776|73224&4&750.4993774143708|73238&4&380.2053183199873|73239&4&1043.8238577879663|73243&4&448.9235829337991|73266&4&1006.6460373092979|73286&4&775.644565436791|73287&4&183.62761367801514,2|73210&4&113.3568337775236|73218&4&1306.3474065641528|73228&4&974.3771479441103|73235&4&632.9343575472569|73241&4&563.6575761484227|73243&4&125.96987155366635|73256&4&732.4383628785379|73269&4&354.0623542863846|73285&4&559.411492053153|73293&4&63.82216666733807|73296&4&96.94807057598535|73300&4&44.163887859045296|73305&4&0.17490145625896503|73306&4&112.56048168098842|73307&4&5.377806592390527|73308&4&23.428886215078553
127|4,130,1,1,1,1,1,1,1,1,1,1,1,1,1,1,1,1,1,1,1,1,1,1,1,1,1,1,1,1,1,1,1,1,1,1,1,1,1,1,1,1,1,1,1,1,1,1,1,1,1,1,1,1,1,1,1,1,1,1,1,1,1,1,1,1,1,1,1,1,1,1,1,1,1,1,1,1,1,1,1,1,1,1,1,1,1,1,1,1,1,1,1,1,1,1,1,1,1,1,1,1,0,0,0,0,0,0,0,0,0,0,0,0,0,0,0,0,0,0,0,0,2|73196&4&537.5727474144777|73199&4&328.41340820606024|73200&4&806.4820747077107|73201&4&292.26079490506305|73207&4&1122.4003428126384|73228&4&34.75543556945837|73238&4&208.0376942503998|73246&4&611.6788310683849|73262&4&-4.085620730620576E-14|73264&4&375.7335919049985|73270&4&1252.9017192755844|73278&4&997.9742871073278|73281&4&0.0|73293&4&3.9913663012326515|73299&4&36.01786733286398,2|73195&4&804.8292674144479|73201&4&205.5723188149571|73213&4&698.3115190656785|73216&4&331.0370157111569|73221&4&832.4437563488984|73226&4&175.3048576727695|73231&4&725.1790042951873|73232&4&226.91316637959264|73236&4&546.8113383188495|73238&4&31.449971137010664|73240&4&1139.0447840610327|73241&4&77.55578544757432|73244&4&480.3599581476263|73256&4&0.8920985212329526|73257&4&1567.4890061257681|73265&4&481.9808999574544|73273&4&796.7479762248324|73277&4&211.85600050089036|73280&4&337.1933616497151|73295&4&78.06860441573076|73296&4&152.91317890834483|73300&4&105.09924189694576|73308&4&63.274909952503336,2|73191&4&450.9784153977504|73193&4&299.8714594965185|73202&4&485.3743898123886|73207&4&20.4284105753979|73210&4&434.0208889127377|73215&4&1033.7510348776054|73229&4&842.5016857147666|73230&4&611.6715340595408|73232&4&751.0382354119907|73247&4&351.47168733007686|73250&4&71.91384407982864|73253&4&1386.789563289444|73261&4&31.182091548525026|73267&4&158.02729733131903|73271&4&703.1230742911097|73283&4&488.6420130903622|73288&4&750.263438997626|73303&4&10.912054146192164,2|73192&4&680.9911222088497|73199&4&366.7929098041072|73201&4&184.47921953103736|73204&4&526.2419657611149|73211&4&162.33699375483317|73216&4&162.5085087852013|73236&4&635.4832976558625|73237&4&754.2662503227843|73241&4&1.9453167166874064|73242&4&1104.8944013344217|73245&4&617.9984186868961|73250&4&247.449319171255|73252&4&915.2987718039174|73258&4&304.58423741009926|73284&4&296.0549163082103|73302&4&209.66903771443|73308&4&185.03248954171153,2|73192&4&157.85130298966507|73193&4&42.83372257068458|73203&4&232.73761155454224|73211&4&555.1472180760863|73212&4&104.75816868652433|73220&4&350.491291617178|73221&4&512.0493320221689|73233&4&136.61925177792875|73234&4&339.28590764286594|73238&4&108.50331226286426|73243&4&194.65057213169428|73260&4&641.2309505321247|73270&4&257.9640398412931|73272&4&654.2816253390185|73276&4&591.0625253365313|73282&4&1264.8250969384162|73285&4&15.457226859921791|73286&4&185.86376362433975|73293&4&81.61830508707271|73295&4&162.931001415046|73299&4&16.646750765125596|73302&4&105.27843780943248|73303&4&86.14874922810723,2|73189&4&271.17202979112017|73196&4&562.8159763450694|73197&4&507.7759236763907|73209&4&1464.1817686670356|73219&4&777.2382472365346|73233&4&487.03428150115144|73244&4&296.8950170823641|73250&4&0.3235005183245319|73251&4&954.3882584817155|73254&4&809.4615757992099|73273&4&140.42715305176722|73278&4&497.0919509222882|73301&4&23.796922880152106,2|73189&4&115.73124780889381|73190&4&671.2172735886021|73205&4&406.4538263365018|73208&4&1567.0210260270576|73212&4&6.911744389022053|73227&4&207.34419131627703|73245&4&359.5651677682973|73248&4&1093.5917189166717|73250&4&223.7542216357711|73255&4&1102.4142906125267|73259&4&502.7792320271456|73260&4&24.766993625250052|73262&4&877.4246223061463|73264&4&361.1355157145551|73267&4&451.84305258940464|73269&4&3.485666493643593|73275&4&1128.4196930040289|73276&4&310.7094058931922|73279&4&542.760721965628|73280&4&938.5199095466844|73289&4&4.440892098500626E-16|73296&4&110.01122123339314|73298&4&2.59398722937334|73300&4&125.99695904455238|73304&4&70.48066508859995,2|73189&4&76.85926367928099|73194&4&302.459600674501|73204&4&671.2707975579963|73206&4&712.5687201406648|73216&4&108.50910934567818|73222&4&862.2736427846627|73224&4&99.03014768935816|73225&4&432.5360955964501|73249&4&1229.61469577982|73258&4&317.52563874343826|73261&4&905.0074108017994|73262&4&228.94724770051806|73263&4&1424.4925531755314|73268&4&1476.3856872200472|73274&4&408.7031784954336|73278&4&233.36794592453043|73297&4&101.18027625511353,2|73196&4&1.3297369966434243|73198&4&234.74399826536344|73211&4&104.54515373156383|73212&4&741.8625549843055|73214&4&238.94876683618304|73217&4&1497.0966675104692|73223&4&563.4064232041919|73224&4&670.9032444448819|73238&4&356.68973773885006|73239&4&1041.1450520757514|73243&4&422.555354282567|73266&4&948.8200000891626|73286&4&862.8362871482869|73287&4&295.8905463587579,2|73190&4&112.87538794026813|73210&4&98.09582872317986|73218&4&1184.161580974787|73228&4&961.1328614486878|73235&4&569.6301151868356|73241&4&519.416577215321|73243&4&100.9949845192108|73256&4&650.7208907548812|73257&4&200.0842318389624|73269&4&326.1853178088692|73285&4&615.0919010134821|73293&4&54.40394154093674|73296&4&80.83153877727649|73300&4&162.86101747059647|73305&4&0.08745072812948251|73306&4&130.6076347460002|73307&4&5.061465028132261|73308&4&20.04517437225589
128|4,130,1,1,1,1,1,1,1,1,1,1,1,1,1,1,1,1,1,1,1,1,1,1,1,1,1,1,1,1,1,1,1,1,1,1,1,1,1,1,1,1,1,1,1,1,1,1,1,1,1,1,1,1,1,1,1,1,1,1,1,1,1,1,1,1,1,1,1,1,1,1,1,1,1,1,1,1,1,1,1,1,1,1,1,1,1,1,1,1,1,1,1,1,1,1,1,1,1,1,1,1,0,0,0,0,0,0,0,0,0,0,0,0,0,0,0,0,0,0,0,0,2|73196&4&477.5463843531997|73199&4&290.1911724277872|73200&4&957.8152123184964|73201&4&243.38328107366036|73207&4&1243.2619006218133|73228&4&21.185077101535114|73238&4&187.4870735378551|73246&4&586.9350255991018|73264&4&344.6951228152811|73270&4&1172.3201339893083|73278&4&879.6588981455641|73293&4&1.3404347328278001|73299&4&33.061984313821306,2|73195&4&939.8535957055424|73201&4&193.33891187961282|73213&4&810.7761019062451|73216&4&344.81201197900975|73221&4&889.8910792178702|73226&4&157.70004728243575|73231&4&769.5212817864156|73232&4&296.91934776376763|73236&4&515.3705538508182|73238&4&10.266922075761329|73240&4&1109.2731967622626|73241&4&82.99861802924053|73244&4&429.63650998187796|73256&4&29.777747722749442|73257&4&1432.9269033224132|73265&4&447.21732699768|73273&4&762.4460260011841|73277&4&188.64298069592377|73280&4&284.26700674003666|73295&4&102.7734169892974|73296&4&203.825770241602|73300&4&93.99726239567649|73308&4&103.18238637263158,2|73191&4&407.4593946493939|73193&4&255.79557901303605|73202&4&445.97588169859745|73207&4&7.675360945062916|73210&4&404.03434275248185|73215&4&942.8598376247037|73229&4&1002.9080242975331|73230&4&758.7931032454536|73232&4&665.6309313663586|73247&4&346.30408666174026|73250&4&59.09542427716511|73253&4&1421.2579673050386|73261&4&25.961942477010698|73267&4&150.12593246475308|73271&4&707.0861199872832|73283&4&535.0267795334247|73288&4&667.3751374406037|73303&4&7.328615253077366,2|73192&4&844.5408332372489|73199&4&379.56545397063485|73201&4&175.27903176620754|73204&4&550.1827673771197|73211&4&150.40355568359632|73216&4&146.48568875172643|73236&4&562.2501183020372|73237&4&728.0638121380855|73241&4&-1.3766765505351941E-14|73242&4&987.226762222903|73245&4&534.4513546040122|73250&4&222.71583747514936|73252&4&866.4781442382457|73258&4&276.4228224583212|73284&4&266.65154707744244|73302&4&191.22426366093345|73308&4&170.45243375864266,2|73192&4&115.40231724297422|73193&4&312.9871383587793|73203&4&207.85761966359627|73211&4&500.3202514872453|73212&4&85.05738919373573|73220&4&415.3691861391005|73221&4&447.62685464828655|73233&4&129.27362255422463|73234&4&312.9994307184054|73238&4&91.32500709283867|73243&4&173.16055825043583|73260&4&825.2281277748189|73270&4&207.54638234569666|73272&4&620.479655700824|73276&4&514.1178641928789|73282&4&1369.7609739221048|73285&4&7.270008196608446|73286&4&146.82912494670373|73293&4&76.06292661584963|73295&4&147.03753202452194|73299&4&14.681779271784368|73302&4&95.05924062765715|73303&4&75.66057373697465,2|73189&4&228.0990899940737|73196&4&631.955986437723|73197&4&493.42609076421604|73209&4&1521.5241423743537|73219&4&710.5362789037877|73233&4&429.48667385534486|73242&4&89.58689515663156|73244&4&370.7045241550127|73250&4&2.1094237467877974E-15|73251&4&861.5587583927365|73254&4&786.3387633561102|73259&4&53.07018158748801|73273&4&99.0203671864457|73277&4&57.346140630181765|73278&4&470.56568312298504|73301&4&22.22416701332221,2|73189&4&106.6908246636693|73190&4&583.4695639124124|73205&4&372.30585203943923|73208&4&1448.5183078889918|73212&4&1.5987211554602254E-14|73227&4&178.8406101605217|73245&4&511.4273330353136|73248&4&1167.1042079149452|73250&4&210.19531898185403|73255&4&1169.6492648186131|73259&4&459.0365979223331|73260&4&8.53959978191094|73262&4&813.5227644307723|73264&4&340.97842558283565|73267&4&410.0098966379855|73269&4&-7.105427357601002E-15|73275&4&1098.192266816399|73276&4&323.26391940777046|73279&4&501.51267660162944|73280&4&987.0470677587424|73296&4&101.98106854561293|73298&4&2.2234176251771487|73300&4&117.26545343499937|73304&4&65.15378474054343,2|73189&4&71.86836594970066|73194&4&279.5226367002728|73204&4&582.8104451501675|73206&4&713.7835648931876|73216&4&81.94041452175406|73222&4&897.9848808859817|73223&4&59.2274346189364|73224&4&217.59060033651863|73225&4&410.3020668953677|73249&4&1328.0274927820874|73258&4&460.41289527558655|73261&4&909.7932483280737|73262&4&220.5920041191156|73263&4&1305.461132987741|73268&4&1356.349412312178|73274&4&379.70683210526573|73278&4&448.0900987632807|73297&4&130.09346752814125,2|73196&4&-1.1546319456101628E-14|73198&4&353.4857076519412|73211&4&98.68238088081117|73212&4&794.8681172554798|73214&4&291.3468590628345|73217&4&1511.818096944674|73223&4&511.8878476036838|73224&4&595.9048928984954|73238&4&543.9488527772414|73239&4&1167.7179675989526|73243&4&396.1871256313349|73266&4&1026.2202348276828|73286&4&1001.6544551750352|73287&4&275.16732962759625,2|73190&4&293.7849876884751|73210&4&82.8348236688361|73218&4&1064.1995091345889|73228&4&916.0706879182576|73235&4&506.32587282641435|73241&4&475.1755782822195|73243&4&76.02009748475525|73256&4&576.3354571638638|73257&4&307.037208228072|73269&4&298.3082813313537|73281&4&81.2603539523501|73285&4&619.9224450531236|73293&4&44.98571641453543|73296&4&64.71500697856763|73300&4&147.37354661267238|73305&4&0.0|73306&4&145.58603201786408|73307&4&4.745123463873995|73308&4&16.661462529433226
129|4,130,1,1,1,1,1,1,1,1,1,1,1,1,1,1,1,1,1,1,1,1,1,1,1,1,1,1,1,1,1,1,1,1,1,1,1,1,1,1,1,1,1,1,1,1,1,1,1,1,1,1,1,1,1,1,1,1,1,1,1,1,1,1,1,1,1,1,1,1,1,1,1,1,1,1,1,1,1,1,1,1,1,1,1,1,1,1,1,1,1,1,1,1,1,1,1,1,1,1,1,1,0,0,0,0,0,0,0,0,0,0,0,0,0,0,0,0,0,0,0,0,2|73195&4&17.36251640581918|73196&4&417.5200212919215|73199&4&251.96893664951418|73200&4&949.0750292414882|73201&4&201.7370951657664|73207&4&1296.4748125085514|73228&4&7.614718633611854|73238&4&166.93645282531043|73246&4&535.3644317192202|73264&4&313.6566537255638|73270&4&1091.7385487030322|73278&4&775.6457772121125|73293&4&-4.884981308350689E-15|73299&4&30.10610129477863,2|73195&4&862.8042308555057|73201&4&181.10550494426863|73213&4&747.4802430040927|73216&4&347.1727342409073|73221&4&876.6213014196068|73226&4&140.095236892102|73231&4&843.6007393804259|73232&4&414.67542678003156|73236&4&597.6849456107484|73238&4&-4.263256414560601E-14|73240&4&1005.4496851626959|73241&4&120.14140763665353|73244&4&378.9130618161296|73256&4&189.28475717603519|73257&4&1298.364800519058|73265&4&412.45375403790547|73273&4&901.3153694575042|73277&4&165.4299608909572|73280&4&238.83099298577162|73295&4&126.10408031312234|73296&4&234.3063116382726|73300&4&82.89528289440722|73308&4&125.81261442030092,2|73191&4&364.10302720441086|73193&4&220.04468676461772|73202&4&406.5773735848063|73207&4&2.3092638912203256E-14|73210&4&374.04779659222606|73215&4&851.9686403718019|73229&4&1020.5321603317559|73230&4&938.773833110422|73232&4&585.935165746648|73247&4&311.0192362531034|73250&4&46.277004474501574|73253&4&1409.9539503670208|73261&4&20.741793405496328|73267&4&142.22456759818712|73271&4&885.5665527989227|73283&4&494.0057583690703|73288&4&645.0391029268318|73303&4&3.7887927872715075,2|73192&4&988.7257141597842|73199&4&441.500208122063|73201&4&169.14974929924395|73204&4&692.6226196141414|73211&4&139.77631634966514|73216&4&130.4628687182515|73236&4&491.8130541381041|73237&4&656.6648537132897|73242&4&874.3264184698684|73245&4&456.44624419403857|73250&4&197.98235577904367|73252&4&931.4834469649854|73258&4&248.31451945595887|73284&4&237.24817784667454|73302&4&172.77948960743694|73308&4&155.87237797557378,2|73192&4&79.09679944856912|73193&4&346.9195684072516|73203&4&182.9776277726502|73211&4&629.2627008790168|73212&4&65.35660970094716|73220&4&389.4594188435814|73221&4&383.20437727440424|73233&4&156.8665998658937|73234&4&345.9297073772922|73238&4&74.1467019228131|73243&4&151.6705443691774|73260&4&826.0476289515045|73270&4&163.4884859348894|73272&4&577.4840355693252|73276&4&439.748464996911|73282&4&1561.691738600549|73285&4&0.25915815301384104|73286&4&111.71309468455229|73293&4&70.50754814462654|73295&4&131.14406263399786|73299&4&12.716807778443139|73302&4&86.50522281696271|73303&4&65.17239824584206,2|73189&4&187.29590165485916|73196&4&772.9822368395936|73197&4&483.7016007446091|73209&4&1462.5530687634937|73219&4&643.8343105710408|73233&4&371.9390662095384|73242&4&332.93277204032324|73244&4&482.05416481181715|73251&4&889.4694719946149|73254&4&712.4724057117078|73259&4&63.94978496483759|73267&4&140.48257709750862|73273&4&63.69570056130674|73277&4&67.09107655499491|73278&4&444.03941532368185|73301&4&20.651411146492315,2|73189&4&97.65040151844478|73190&4&506.2928155212938|73205&4&338.1578777423767|73208&4&1468.044115658655|73227&4&150.33702900476638|73245&4&638.6531719138757|73248&4&1174.6695691675875|73250&4&196.63641632793696|73255&4&1130.895532573084|73259&4&420.7563061065608|73260&4&3.0072721302376966|73262&4&749.6209065553979|73264&4&320.8213354511162|73267&4&372.27312804510245|73275&4&1012.1556070593272|73276&4&352.5252968637701|73279&4&460.26463123763085|73280&4&926.2479182268358|73296&4&93.95091585783271|73298&4&1.8528480209809572|73300&4&108.53394782544636|73304&4&59.826904392486895,2|73189&4&136.20745706098626|73194&4&256.58567272604466|73204&4&503.4746836182836|73206&4&697.9639719722143|73216&4&60.22123657258892|73222&4&890.2883524862696|73223&4&100.54504620439079|73224&4&206.27569758266606|73225&4&430.4878156054182|73226&4&202.73609181361138|73249&4&1387.817384857508|73258&4&435.49811960035737|73261&4&832.6745242920388|73262&4&357.07879734888104|73263&4&1186.4297127999507|73268&4&1238.735182315289|73274&4&352.0458262351887|73278&4&515.1667642206983|73297&4&145.39245108683446,2|73198&4&329.20656435346183|73211&4&92.81960803005849|73212&4&856.3471014191668|73214&4&256.6875986607875|73217&4&1398.5581422924329|73223&4&462.5716571286839|73224&4&525.0481106070125|73238&4&619.8871833940892|73239&4&1165.4104951320282|73243&4&369.81889698010275|73266&4&1144.7339983627562|73286&4&1169.8379122207937|73287&4&303.7267543429442,2|73190&4&550.2676920795221|73210&4&67.57381861449231|73218&4&961.1307669234811|73228&4&887.7948060071376|73235&4&443.021630465993|73241&4&430.93457934911794|73243&4&52.59192886967777|73256&4&501.9500235728462|73257&4&489.9255987619142|73269&4&270.4312448538383|73281&4&77.19733625473259|73285&4&757.0120008901786|73293&4&35.56749128813412|73296&4&51.50349641375017|73300&4&144.2221006423569|73306&4&137.5700413072527|73307&4&4.428781899615728|73308&4&13.277750686610563
130|4,130,1,1,1,1,1,1,1,1,1,1,1,1,1,1,1,1,1,1,1,1,1,1,1,1,1,1,1,1,1,1,1,1,1,1,1,1,1,1,1,1,1,1,1,1,1,1,1,1,1,1,1,1,1,1,1,1,1,1,1,1,1,1,1,1,1,1,1,1,1,1,1,1,1,1,1,1,1,1,1,1,1,1,1,1,1,1,1,1,1,1,1,1,1,1,1,1,1,1,1,1,0,0,0,0,0,0,0,0,0,0,0,0,0,0,0,0,0,0,0,0,2|73195&4&65.36964250712448|73196&4&363.2820125771152|73199&4&213.74670087124113|73200&4&990.9841513790197|73201&4&160.0909092578724|73207&4&1261.4677861117862|73228&4&2.3092638912203256E-14|73238&4&146.38583211276574|73246&4&509.57395273200973|73264&4&282.61818463584643|73270&4&1177.8569347113246|73278&4&682.2861862867292|73295&4&28.042459386590075|73299&4&27.150218275735956|73303&4&1.9333869713129843,2|73195&4&785.7548660054692|73201&4&168.87209800892438|73213&4&689.6551186370552|73216&4&544.5092249716467|73221&4&1086.032780893609|73226&4&122.49042650176825|73231&4&853.0324411363267|73232&4&620.5934958119426|73236&4&560.556402331319|73240&4&903.7501184712997|73241&4&139.73855461483737|73244&4&328.1896136503813|73256&4&500.6483508599244|73257&4&1170.6608554680613|73265&4&377.69018107813093|73273&4&1021.5873607858091|73277&4&142.2169410859907|73280&4&196.1188921197139|73295&4&119.19462048130062|73296&4&221.55952507201067|73300&4&71.79330339313796|73308&4&119.02946557296424,2|73191&4&325.4920905303306|73193&4&186.89304973916717|73202&4&367.1788654710152|73210&4&344.06125043197017|73215&4&761.3775259735014|73229&4&1018.4818204705211|73230&4&859.2029865951689|73232&4&508.9518983861732|73247&4&333.2898477427633|73250&4&33.45858467183804|73253&4&1371.1797465423765|73261&4&15.521644333981957|73267&4&134.32320273162117|73271&4&1094.4581887617046|73283&4&452.9847372047159|73288&4&569.8237305142444|73303&4&1.312344023787834,2|73192&4&1022.3849651083781|73199&4&404.94087784896686|73201&4&154.83757240819185|73204&4&808.7588827824187|73211&4&132.01096544135038|73216&4&114.44004868477666|73236&4&424.6195081178298|73237&4&585.265895288494|73242&4&772.7580929863424|73245&4&384.56431370735874|73250&4&173.248874082938|73252&4&966.4551101157053|73258&4&220.20621645359654|73284&4&0.0|73302&4&154.3347155539404|73308&4&141.29232219250494,2|73192&4&49.0232619484848|73193&4&328.15485198119774|73203&4&225.74889941866127|73211&4&659.5510742691458|73212&4&46.84895956344948|73220&4&363.9498105314854|73221&4&318.7818999005219|73233&4&169.59948534837037|73234&4&310.63587749268606|73238&4&56.96839675278752|73243&4&130.18053048791896|73260&4&803.8577205212183|73270&4&123.4738162932259|73272&4&534.4884154378265|73276&4&367.9463755974378|73282&4&1447.6864955787664|73285&4&4.440892098500626E-16|73286&4&89.34613301732557|73293&4&64.95216967340346|73295&4&115.25059324347376|73299&4&10.75183628510191|73302&4&78.48369546608103|73303&4&54.68422275470949,2|73189&4&147.76121912465175|73196&4&787.367524085588|73197&4&452.4233437332023|73209&4&1330.520798928156|73219&4&577.1323422382939|73233&4&315.55514563407087|73242&4&431.49476245280016|73244&4&631.9423538624601|73251&4&1101.1164805333174|73254&4&695.4706529656404|73259&4&80.61045022085932|73267&4&143.8195075581594|73273&4&35.1645166266759|73277&4&97.17267277935578|73278&4&417.5131475243787|73301&4&19.07865527966242,2|73189&4&88.60997837322026|73190&4&439.63154081236297|73205&4&304.0099034453141|73208&4&1645.8013401809276|73227&4&0.0|73245&4&788.6499428741088|73248&4&1075.6697137853785|73250&4&183.07751367401985|73255&4&1169.5559442526715|73259&4&385.81186975106596|73260&4&-2.042810365310288E-14|73262&4&685.7190486800238|73264&4&300.66424531939674|73267&4&337.7454793329403|73275&4&1150.9566503664842|73276&4&469.6304169822191|73279&4&419.0165858736324|73280&4&865.4487686949291|73296&4&85.92076317005248|73298&4&1.4822784167847658|73300&4&99.80244221589334|73304&4&54.500024044430376,2|73189&4&355.0697296158187|73194&4&233.64870875181649|73204&4&429.86361096047176|73206&4&746.3601665696185|73216&4&38.502058623423764|73219&4&47.60699634322401|73222&4&880.1602756598406|73223&4&226.7395226341059|73224&4&194.9607948288135|73225&4&392.8197447330149|73226&4&199.3557265502938|73249&4&1414.9874990009341|73258&4&431.8910007873605|73261&4&755.5558002560036|73262&4&586.6565509723541|73263&4&1243.1763144537995|73268&4&1293.90291944866|73274&4&324.3848203651116|73278&4&487.67560990470326|73297&4&135.62892134214954,2|73198&4&304.92742105498246|73211&4&86.95683517930583|73212&4&947.5755794987774|73214&4&343.50968971655266|73217&4&1466.7299519658823|73223&4&422.31733497059696|73224&4&454.19132831552963|73238&4&580.3332357330273|73239&4&1260.3181506219175|73243&4&379.96508757094625|73266&4&1075.0414076048264|73286&4&1262.019425571722|73287&4&309.76533026724564,2|73190&4&580.0436654633648|73193&4&79.85972452269363|73199&4&184.62415347746912|73209&4&178.43012948445255|73210&4&52.31281356014852|73218&4&1019.5158620044554|73228&4&878.1747101921708|73230&4&132.96645396416216|73235&4&500.6342022036908|73236&4&170.28276769187102|73237&4&11.691530148136621|73241&4&386.6935804160163|73243&4&32.44297946833662|73256&4&433.85541190612514|73257&4&619.4675758920991|73269&4&242.55420837632283|73281&4&73.13431855711508|73285&4&697.7225400806574|73293&4&26.14926616173281|73296&4&39.652556595046676|73300&4&131.01265701657573|73306&4&129.55405059664133|73307&4&4.112440335357462|73308&4&9.8940388437879
131|4,130,1,1,1,1,1,1,1,1,1,1,1,1,1,1,1,1,1,1,1,1,1,1,1,1,1,1,1,1,1,1,1,1,1,1,1,1,1,1,1,1,1,1,1,1,1,1,1,1,1,1,1,1,1,1,1,1,1,1,1,1,1,1,1,1,1,1,1,1,1,1,1,1,1,1,1,1,1,1,1,1,1,1,1,1,1,1,1,1,1,1,1,1,1,1,1,1,1,1,1,1,0,0,0,0,0,0,0,0,0,0,0,0,0,0,0,0,0,0,0,0,2|73195&4&79.36326145855152|73196&4&313.5257089797873|73199&4&175.52446509296811|73200&4&919.3257209154402|73201&4&118.52629192219305|73207&4&1196.3698189787983|73238&4&125.83521140022108|73246&4&515.488132839327|73249&4&14.017183056456702|73264&4&251.5797155461291|73270&4&1144.5081002617499|73278&4&591.8632727005411|73295&4&54.63287713370647|73299&4&43.460403571704916|73303&4&17.994970829082753,2|73195&4&708.7055011554329|73201&4&156.63869107358016|73213&4&687.2287873949925|73216&4&510.5055979689583|73221&4&1238.3298281603966|73226&4&104.88561611143449|73231&4&775.2952438068459|73232&4&586.531194214102|73236&4&523.4278590518895|73240&4&890.9692030700794|73241&4&132.01963885903723|73244&4&277.46616548463294|73256&4&654.749037879812|73257&4&1048.4939328806083|73265&4&342.9266081183565|73273&4&1007.4855340883165|73277&4&119.00392128102413|73280&4&156.773246960259|73295&4&112.28516064947891|73296&4&208.81273850574868|73300&4&60.69132389186868|73308&4&179.82702135466863,2|73191&4&287.98600753048447|73193&4&156.77231737465578|73202&4&327.78035735722403|73210&4&314.0747042717143|73215&4&737.1563945603327|73229&4&1079.878505887668|73230&4&786.7681359601054|73232&4&442.83200031608544|73247&4&296.93412206162026|73250&4&20.640164869174505|73253&4&1469.3755467124683|73261&4&10.301495262467586|73267&4&126.42183786505521|73271&4&1060.7395908648139|73283&4&411.96371604036136|73288&4&750.6614849790778|73303&4&3.1086244689504383E-15,2|73192&4&1009.406261347987|73199&4&377.5445464158456|73201&4&348.4245265641714|73204&4&789.5705501063031|73211&4&124.24561453303565|73216&4&98.4172286513018|73236&4&362.00065983046477|73237&4&513.8669368636984|73242&4&676.5549658960156|73245&4&321.3642980599225|73250&4&148.51539238683233|73252&4&1049.9672576811092|73258&4&195.32904948211404|73302&4&135.8899415004439|73308&4&126.7122664094361,2|73192&4&25.31952365618335|73193&4&309.39013555514384|73203&4&311.65377368029954|73211&4&822.6700448372146|73212&4&31.693705118228834|73220&4&339.08929346572995|73221&4&260.0352850367172|73225&4&110.37563182878904|73233&4&161.40478411089475|73234&4&278.1904952460998|73238&4&39.790091582761946|73243&4&108.69051660666051|73260&4&724.1663445973097|73270&4&89.68010556888635|73272&4&491.49279530632765|73276&4&302.52043667208636|73282&4&1412.103838118889|73286&4&73.98932564470525|73293&4&59.39679120218037|73295&4&99.3571238529497|73296&4&96.93319453484241|73299&4&8.78686479176068|73302&4&71.53432979116825|73303&4&44.196047263576894,2|73189&4&116.50541476625177|73196&4&787.7111656839679|73197&4&533.6920829268734|73209&4&1204.3783272334608|73219&4&510.43037390554684|73233&4&260.11990201942643|73242&4&513.6857500220709|73244&4&738.2773210315348|73251&4&1076.134230674078|73254&4&790.83795099031|73259&4&136.9074126762925|73267&4&136.27732573750765|73273&4&15.471786292805866|73277&4&223.28752139206344|73278&4&390.98687972507554|73301&4&17.505899412832523,2|73189&4&79.56955522799575|73190&4&376.08718540277283|73205&4&269.86192914825153|73208&4&1738.2697963125302|73227&4&43.392794976723295|73245&4&934.624179145869|73248&4&1013.7566724760513|73250&4&169.51861102010275|73255&4&1132.980584081934|73259&4&352.17974564035705|73262&4&621.8171908046496|73264&4&280.5071551876773|73267&4&303.21783062077816|73275&4&1095.2666087992145|73276&4&584.7966833132957|73279&4&438.98573616881674|73280&4&970.1407305989333|73296&4&77.89061048227228|73298&4&1.1117088125885743|73300&4&91.07093660634033|73304&4&49.17314369637385,2|73189&4&437.79984609645055|73194&4&210.71174477758836|73204&4&356.52474157002865|73206&4&831.9723229580233|73216&4&25.147682973670186|73219&4&45.22664652606281|73222&4&876.6166553908322|73223&4&251.3922966862782|73224&4&183.64589207496093|73225&4&355.15167386061154|73226&4&188.88109999324507|73249&4&1299.0022240952699|73258&4&405.9108422690197|73261&4&764.7532634611072|73262&4&803.6392157176277|73263&4&1244.1295757913326|73268&4&1290.2098024302572|73274&4&383.47530993582416|73278&4&508.3443389196364|73297&4&136.82389779263679,2|73198&4&280.6482777565031|73211&4&81.09406232855315|73212&4&991.1501110349983|73214&4&495.4401747997752|73217&4&1663.4024233708628|73223&4&382.06301281251007|73224&4&383.89555411199575|73238&4&540.7792880719657|73239&4&1256.1546777859764|73243&4&405.97612312420335|73266&4&1035.0674551158136|73286&4&1178.5042261671774|73287&4&377.8605953325754,2|73190&4&578.4137170309002|73193&4&151.09877302714128|73199&4&197.725911224354|73209&4&223.054115962184|73210&4&37.05180850580474|73218&4&998.1402523077433|73228&4&960.5354101089054|73230&4&305.3412668233627|73234&4&69.4483959272161|73235&4&674.5395900485319|73236&4&161.76862930727748|73237&4&130.96286551473048|73238&4&54.8635233624085|73241&4&344.14767986308595|73243&4&17.81803005901975|73256&4&376.1291984172814|73257&4&671.4294660298176|73269&4&302.7616935459818|73281&4&69.07130085949757|73285&4&638.4330792711364|73293&4&16.731041035331497|73296&4&28.608234273752185|73300&4&234.83948487348604|73306&4&146.01038374819555|73307&4&3.796098771099196|73308&4&6.510327000965236
132|4,130,1,1,1,1,1,1,1,1,1,1,1,1,1,1,1,1,1,1,1,1,1,1,1,1,1,1,1,1,1,1,1,1,1,1,1,1,1,1,1,1,1,1,1,1,1,1,1,1,1,1,1,1,1,1,1,1,1,1,1,1,1,1,1,1,1,1,1,1,1,1,1,1,1,1,1,1,1,1,1,1,1,1,1,1,1,1,1,1,1,1,1,1,1,1,1,1,1,1,1,1,0,0,0,0,0,0,0,0,0,0,0,0,0,0,0,0,0,0,0,0,2|73195&4&135.51490249468446|73196&4&266.0897281202598|73199&4&137.3022293146951|73200&4&847.6672904518609|73201&4&85.15427705185299|73207&4&1344.3007689187384|73210&4&1.01034279983935|73238&4&105.2845906876764|73246&4&497.86198030475435|73249&4&41.32690844283223|73250&4&30.200753220898207|73264&4&220.54124645641178|73270&4&1172.7596465754048|73278&4&506.5291577747112|73295&4&80.19252830597503|73299&4&39.54121713691166|73303&4&17.09038882020033,2|73195&4&634.5213291206458|73201&4&144.40528413823594|73213&4&743.1410514281916|73216&4&476.5019709662699|73221&4&1274.4967257642656|73226&4&87.28080572110075|73231&4&778.7921329682626|73232&4&552.4688926162615|73236&4&486.2993157724601|73240&4&965.0674978625452|73241&4&124.30072310323709|73244&4&228.2329613818747|73256&4&620.1784359150471|73257&4&933.6025550917576|73265&4&308.163035158582|73273&4&927.2774034846803|73277&4&100.00651368811285|73280&4&122.8147658865036|73295&4&105.37570081765722|73296&4&196.06595193948675|73300&4&49.58934439059941|73308&4&169.6648372758799,2|73191&4&322.8356015811049|73193&4&128.57645044794504|73202&4&543.5461315802665|73210&4&284.0881581114585|73215&4&695.4283880740675|73229&4&1119.534636842966|73230&4&720.5812827977982|73232&4&382.33193756578123|73247&4&369.3156269589592|73250&4&7.821745066510967|73253&4&1378.3650483948122|73261&4&5.150747631233779|73267&4&118.52047299848925|73271&4&979.0009259463012|73283&4&370.94269487600695|73288&4&892.0285401373087,2|73192&4&1017.5916624943768|73199&4&350.1482149827244|73201&4&527.2251417337275|73204&4&736.0840435076634|73211&4&116.48026362472092|73216&4&82.39440861782691|73236&4&301.4014994950431|73237&4&442.4679784389027|73242&4&590.4934535737557|73245&4&411.2245973812527|73250&4&123.7819106907267|73252&4&956.5342712478123|73258&4&170.4518825106316|73302&4&117.44516744694738|73308&4&112.13221062636725,2|73192&4&8.96014449545602|73193&4&290.6254191290899|73203&4&390.08371191324784|73211&4&742.346936985701|73212&4&21.91760344633498|73220&4&314.22877639997455|73221&4&212.5393031236413|73225&4&150.63121787384623|73233&4&317.84447025394644|73234&4&251.65288968192775|73238&4&22.61178641273637|73243&4&87.20050272540206|73260&4&649.6150290892247|73270&4&60.444765510534666|73272&4&448.49717517482895|73276&4&238.0934259042455|73282&4&1403.4837463797703|73286&4&58.63251827208497|73293&4&53.84141273095727|73295&4&83.46365446242562|73296&4&130.94021379583052|73299&4&6.82189329841945|73302&4&123.55857686749387|73303&4&33.707871772444314,2|73189&4&86.41499968876343|73196&4&835.3864230584653|73197&4&493.5248028178574|73209&4&1085.1465236393785|73219&4&444.8905037763423|73233&4&216.32931786186458|73242&4&621.8962329301069|73244&4&920.6178459203579|73251&4&1130.59166321364|73254&4&943.3893858076372|73259&4&144.72443543195305|73267&4&128.73514391685592|73273&4&4.6097962690224765|73277&4&240.03915510709908|73278&4&364.46061192577235|73301&4&15.933143546002627,2|73189&4&70.52913208277121|73190&4&315.9917811067643|73205&4&235.71395485118896|73208&4&1797.152780384486|73227&4&187.07648723096483|73245&4&878.1534522032697|73248&4&987.3164118393898|73250&4&155.95970836618568|73255&4&1157.9788793757257|73259&4&325.1243770911305|73262&4&557.9153329292755|73264&4&260.3500650559579|73267&4&268.6901819086161|73275&4&1111.00056176177|73276&4&689.327286155608|73279&4&434.8438497957648|73280&4&901.0670254952311|73296&4&69.86045779449205|73298&4&0.7411392083923829|73300&4&82.3394309967873|73304&4&43.846263348317315,2|73189&4&412.84879058157526|73194&4&187.77478080336022|73204&4&283.1858721795855|73206&4&911.7464491416683|73216&4&12.584280977413442|73219&4&104.98189842544917|73222&4&932.5344971590605|73223&4&237.82865668242403|73224&4&306.74631099365126|73225&4&320.3207970446216|73226&4&178.40647343619634|73249&4&1192.4139709112635|73258&4&433.86478680677453|73261&4&810.505879829577|73262&4&810.8412753789551|73263&4&1344.0588181308544|73268&4&1220.5036616048899|73274&4&366.8317892310408|73278&4&611.945753489061|73297&4&154.49103358893456,2|73198&4&256.3691344580237|73211&4&75.23128947780047|73212&4&975.0388964133292|73214&4&602.5420286798566|73217&4&1684.509185160483|73223&4&341.80869065442323|73224&4&320.86140132649757|73238&4&501.2253404109039|73239&4&1147.14677652581|73243&4&556.2047708133762|73266&4&993.4386338536146|73286&4&1096.148273227634|73287&4&383.71002056113923,2|73190&4&639.5470269456978|73193&4&350.6587475369977|73199&4&255.0758799414858|73209&4&252.43948870374902|73210&4&21.79080345146096|73218&4&960.3437228377246|73228&4&1136.4425132636397|73230&4&289.7417873472841|73234&4&76.6178089822078|73235&4&613.38270822974|73236&4&185.61099182975852|73237&4&370.34088583420333|73238&4&157.80491852049755|73241&4&301.60177931015556|73243&4&6.228345794668624|73256&4&321.6456601529143|73257&4&703.139050523839|73269&4&296.28207370334104|73281&4&65.00828316188006|73285&4&661.1884418454237|73293&4&10.391636518991438|73296&4&19.431549478888563|73300&4&252.63429817973164|73306&4&162.69583955060656|73307&4&3.4797572068409295|73308&4&3.245354547861825
133|4,130,1,1,1,1,1,1,1,1,1,1,1,1,1,1,1,1,1,1,1,1,1,1,1,1,1,1,1,1,1,1,1,1,1,1,1,1,1,1,1,1,1,1,1,1,1,1,1,1,1,1,1,1,1,1,1,1,1,1,1,1,1,1,1,1,1,1,1,1,1,1,1,1,1,1,1,1,1,1,1,1,1,1,1,1,1,1,1,1,1,1,1,1,1,1,1,1,1,1,1,1,0,0,0,0,0,0,0,0,0,0,0,0,0,0,0,0,0,0,0,0,2|73195&4&392.04280371817293|73196&4&220.03533314689432|73199&4&99.07999353642205|73200&4&776.0088599882814|73201&4&60.57377371178722|73207&4&1424.0904618696848|73210&4&42.584621825880006|73238&4&84.73396997513171|73246&4&493.62506607888355|73249&4&39.22552006304947|73250&4&230.79444819459002|73251&4&274.8162398049327|73253&4&33.76388990907731|73256&4&187.2249181962918|73263&4&130.4578174246091|73264&4&189.50277736669443|73270&4&1349.8239774251101|73278&4&424.4184923876161|73295&4&75.9727082419522|73297&4&28.170647743449535|73299&4&35.622030702118415|73303&4&16.185806811317914,2|73195&4&560.4451014200093|73201&4&132.17187720289172|73213&4&770.4539614132109|73216&4&442.4983439635815|73221&4&1264.2572242888907|73226&4&69.675995330767|73231&4&924.5018105432955|73232&4&518.4065910184211|73236&4&449.17077249303065|73240&4&1109.5487748566165|73241&4&181.80972088499047|73244&4&185.66568373003247|73256&4&585.6078339502822|73257&4&822.2516191979084|73265&4&273.39946219880744|73273&4&847.069272881044|73277&4&82.88634593626915|73280&4&90.88603155090392|73295&4&98.46624098583551|73296&4&183.31916537322482|73300&4&38.48736488933013|73308&4&242.94596870398235,2|73191&4&439.9209172056087|73193&4&110.57643417687673|73202&4&585.1047375495367|73210&4&254.10161195120264|73215&4&790.7309074956911|73229&4&1130.026201790895|73230&4&654.8081183955051|73232&4&321.8318748154769|73247&4&441.5800377186722|73250&4&-5.5067062021407764E-14|73253&4&1253.9854535068962|73261&4&-2.8421709430404007E-14|73267&4&110.6191081319233|73271&4&897.2622610277887|73283&4&331.04565541014233|73288&4&929.3588978792847,2|73192&4&1024.5129294471926|73199&4&322.75188354960324|73201&4&702.305203882953|73204&4&865.8072753734734|73211&4&108.71491271640619|73216&4&66.37158858435204|73236&4&245.4555553175941|73237&4&377.7913422321864|73242&4&505.90302084641684|73245&4&477.5968104237722|73250&4&99.04842899462105|73252&4&863.1012848145156|73258&4&145.70754301698474|73302&4&99.00039339345085|73308&4&97.55215484329838,2|73192&4&1.7604370408235237|73193&4&271.86070270303605|73203&4&363.2568373847883|73211&4&746.3268928821093|73212&4&16.57317711553211|73220&4&289.36825933421915|73221&4&168.75674226419483|73225&4&142.82371790058195|73233&4&470.7880108789687|73234&4&225.11528411775566|73238&4&5.448097384590376|73243&4&65.71048884414363|73260&4&580.0856635418451|73270&4&31.33771875003754|73272&4&405.50155504333014|73276&4&178.79943526823723|73282&4&1437.4685784486528|73286&4&43.27571089946469|73293&4&48.28603425973418|73295&4&71.77490010254405|73296&4&164.82981441103382|73299&4&4.85692180507822|73302&4&140.19899635159285|73303&4&23.219696281311727,2|73189&4&56.32458461127507|73196&4&818.8832115236297|73197&4&453.3575227088413|73209&4&965.9147200452965|73217&4&47.81061509187657|73219&4&383.30239081998803|73233&4&172.79957049840317|73242&4&912.2894748869444|73244&4&906.5688750164993|73251&4&1024.943901084892|73254&4&911.3347431266693|73259&4&136.60449267962503|73267&4&121.19296209620417|73273&4&0.0|73277&4&382.1341729028933|73278&4&337.93434412646917|73301&4&14.360387679172732,2|73189&4&61.48870893754669|73190&4&264.9124291011956|73205&4&221.13789273029852|73208&4&1722.3589599679988|73227&4&177.6141808819748|73245&4&821.6827252606706|73248&4&979.881306909236|73250&4&142.4008057122686|73255&4&1218.5932806818178|73259&4&298.5604246518321|73262&4&494.0134750539012|73264&4&240.19297492423846|73267&4&234.28477430731786|73275&4&1225.5979066128039|73276&4&816.6987066782004|73279&4&438.09554316910777|73280&4&831.9933203915288|73296&4&61.83030510671183|73298&4&0.37056960419619145|73300&4&73.60792538723429|73304&4&38.51938300026079,2|73189&4&494.31086605881694|73194&4&164.83781682913207|73204&4&209.84700278914235|73206&4&844.7954837592041|73216&4&3.110045964937281|73219&4&99.49476852246059|73222&4&848.6926479578492|73223&4&244.43934267514499|73224&4&323.77442335980925|73225&4&292.89224238150996|73226&4&180.50901634713966|73249&4&1085.8257177272571|73258&4&405.187923135629|73261&4&787.2907264014607|73262&4&765.0507246165524|73263&4&1220.516711645332|73268&4&1178.1612084402925|73274&4&361.4716028261639|73278&4&797.5052342326536|73297&4&142.78064899195397,2|73198&4&232.08999115954435|73211&4&69.36851662704781|73212&4&900.8882396453638|73214&4&563.8563643982523|73217&4&1538.6054886579727|73223&4&302.3997516436745|73224&4&265.49522212996715|73238&4&461.67139274984214|73239&4&1094.8597068316508|73243&4&739.6581381550573|73266&4&981.6287112154203|73286&4&1012.5751114998394|73287&4&357.0101431456622,2|73190&4&601.8911173929866|73193&4&385.1660140586419|73199&4&330.82229668423696|73209&4&559.4366466294013|73210&4&9.616649586238422|73218&4&973.3862178757961|73228&4&1035.4182351441584|73230&4&315.9348138018529|73234&4&88.79811115689209|73235&4&552.2258264109481|73236&4&491.1339363530809|73237&4&505.9123895378394|73238&4&386.26864113963745|73241&4&259.0558787572251|73243&4&-3.730349362740526E-14|73256&4&267.9623393222215|73257&4&844.5396186741946|73269&4&391.8945994030553|73281&4&60.945265464262555|73285&4&759.2719448928267|73293&4&5.499241624954827|73296&4&11.859072309653236|73300&4&268.9925752243249|73306&4&152.1599795115804|73307&4&3.163415642582663|73308&4&1.6226772739309245
134|4,130,1,1,1,1,1,1,1,1,1,1,1,1,1,1,1,1,1,1,1,1,1,1,1,1,1,1,1,1,1,1,1,1,1,1,1,1,1,1,1,1,1,1,1,1,1,1,1,1,1,1,1,1,1,1,1,1,1,1,1,1,1,1,1,1,1,1,1,1,1,1,1,1,1,1,1,1,1,1,1,1,1,1,1,1,1,1,1,1,1,1,1,1,1,1,1,1,1,1,1,1,0,0,0,0,0,0,0,0,0,0,0,0,0,0,0,0,0,0,0,0,2|73190&4&123.19006575787657|73195&4&575.3884151069822|73196&4&173.9809381735288|73199&4&61.60347051310218|73200&4&704.350429524702|73201&4&44.829888813760014|73207&4&1545.6492790138066|73210&4&186.12287965149818|73238&4&64.18334926258703|73246&4&445.4466964104655|73249&4&204.0064723770783|73250&4&295.4442431357955|73251&4&365.00016553269023|73252&4&126.76023732990598|73253&4&64.855256463252|73256&4&177.86367228647723|73263&4&266.3327552222063|73264&4&158.4643082769771|73270&4&1463.4848445592256|73278&4&345.71833504000483|73295&4&71.75288817792939|73297&4&56.34207903056713|73299&4&31.702844267325162|73303&4&15.281224802435494,2|73195&4&495.6122579098792|73201&4&119.93847026754747|73213&4&815.7820308826508|73216&4&408.494716960893|73221&4&1240.4392228102756|73226&4&52.07118494043325|73231&4&1000.8348346101509|73232&4&484.3442894205806|73236&4&412.0422292136012|73240&4&1190.4812584468473|73241&4&211.83480363637534|73244&4&149.5105315953367|73256&4&551.0372319855173|73257&4&720.5819484773069|73265&4&238.63588923903296|73273&4&766.8611422774077|73277&4&71.40806252313533|73280&4&65.56385511602305|73295&4&91.55678115401379|73296&4&170.57237880696283|73300&4&27.38538538806086|73308&4&228.61161884984907,2|73191&4&533.6706233625649|73193&4&95.23807761393543|73202&4&537.4265347029126|73210&4&224.1150657909468|73215&4&930.2656297076647|73229&4&1089.783527606055|73230&4&593.3110357452596|73232&4&261.3318120651727|73247&4&425.8708676891873|73253&4&1129.8029880368097|73267&4&102.71774326535734|73271&4&815.5235961092761|73283&4&296.3123207799746|73288&4&853.0630387186769,2|73192&4&936.5456113070856|73199&4&295.3555521164821|73201&4&743.6518624371627|73202&4&24.570327983464608|73204&4&1154.6294006770531|73211&4&100.94956180809146|73216&4&50.34876855087717|73217&4&217.54544818038494|73236&4&201.0664575667122|73237&4&321.24244240780104|73242&4&430.1697190388358|73245&4&598.5008395716441|73250&4&74.31494729851539|73252&4&769.6682983812186|73258&4&120.96320352333787|73302&4&80.55561933995433|73308&4&82.97209906022954,2|73192&4&0.0|73193&4&253.0959862769821|73203&4&328.7067444067559|73211&4&882.084066236534|73212&4&12.429882836649076|73220&4&264.5077422684637|73221&4&124.97418140474839|73225&4&135.01621792731765|73233&4&658.6732220244303|73234&4&198.5776785535836|73238&4&1.9539925233402755E-14|73243&4&44.22047496288519|73260&4&684.3827106143015|73270&4&10.677228502674733|73272&4&362.50593491183133|73276&4&133.31050797487347|73282&4&1467.9704260592896|73286&4&29.185694890087415|73293&4&42.730655788511086|73295&4&151.87588965090427|73296&4&160.46220851375767|73299&4&2.89195031173699|73302&4&157.08173772393496|73303&4&15.506147000323198,2|73189&4&32.637843579161455|73196&4&952.6910308380602|73197&4&464.8664897130173|73209&4&853.9822026812047|73217&4&45.420084337282745|73219&4&321.7142778636337|73233&4&135.4443760865356|73242&4&987.526258117026|73244&4&848.9374227900937|73251&4&928.5856787434137|73254&4&1068.2821062213527|73259&4&128.484549927297|73267&4&113.65078027555244|73277&4&465.8325805682956|73278&4&311.408076327166|73301&4&12.787631812342834,2|73189&4&52.44828579232217|73190&4&221.0166228903734|73205&4&233.1770529843734|73208&4&1831.8507100259867|73214&4&60.685640439059625|73227&4&168.15187453298472|73245&4&765.2119983180716|73248&4&996.3705113842806|73250&4&128.8419030583515|73255&4&1241.4091453764531|73259&4&271.9964722125338|73262&4&430.11161717852696|73264&4&220.03588479251903|73267&4&199.87936670601965|73275&4&1427.156384004204|73276&4&948.487344891875|73279&4&411.1081132268842|73280&4&910.6480780253145|73296&4&53.80015241893162|73298&4&0.0|73300&4&64.87641977768126|73304&4&33.19250265220426,2|73189&4&618.2088271720072|73194&4&141.9008528549039|73204&4&151.1122137256172|73206&4&781.2621288830076|73216&4&-1.865174681370263E-14|73219&4&94.007638619472|73222&4&771.0116864629275|73223&4&229.86698637146208|73224&4&341.0115721823211|73225&4&265.4636877183982|73226&4&426.0833672164231|73249&4&982.2882763799565|73258&4&376.5110594644834|73261&4&838.030519735776|73262&4&719.2601738541496|73263&4&1104.4928271424235|73268&4&1152.1907473534836|73274&4&330.2586998449913|73278&4&1057.1463807566586|73297&4&131.0702643949734,2|73198&4&207.81084786106499|73211&4&63.505743776295134|73212&4&826.7375828773986|73214&4&523.544257461838|73217&4&1393.3590592821395|73223&4&265.1362637196873|73224&4&212.8134638053165|73238&4&422.1174450887804|73239&4&1058.3454853509825|73243&4&776.2129224405592|73266&4&1054.56177817776|73286&4&929.0019497720447|73287&4&330.7692722274155,2|73190&4&564.2352078402754|73193&4&364.41431884195543|73199&4&479.7468810084559|73209&4&670.5404243605681|73210&4&3.1249972254458176|73218&4&911.2066505718167|73228&4&959.3431129974225|73230&4&504.1585688584193|73232&4&57.44663574568085|73234&4&83.98435903728303|73235&4&493.8833355693284|73236&4&783.6675576906007|73237&4&753.0788057943507|73238&4&528.3442039496254|73241&4&217.21452751510265|73256&4&218.5257597852043|73257&4&794.0955813025607|73269&4&357.91322301245106|73281&4&56.88224776664505|73285&4&803.0722602665937|73293&4&2.121601683912342|73296&4&6.01259543460661|73300&4&252.81591083448936|73306&4&171.48375161256945|73307&4&2.847074078324397|73308&4&1.199040866595169E-14
135|4,130,1,1,1,1,1,1,1,1,1,1,1,1,1,1,1,1,1,1,1,1,1,1,1,1,1,1,1,1,1,1,1,1,1,1,1,1,1,1,1,1,1,1,1,1,1,1,1,1,1,1,1,1,1,1,1,1,1,1,1,1,1,1,1,1,1,1,1,1,1,1,1,1,1,1,1,1,1,1,1,1,1,1,1,1,1,1,1,1,1,1,1,1,1,1,1,1,1,1,1,1,0,0,0,0,0,0,0,0,0,0,0,0,0,0,0,0,0,0,0,0,2|73190&4&286.10899823676266|73195&4&544.8224712848582|73196&4&132.29146129600974|73199&4&36.81194085070905|73200&4&632.6919990611226|73201&4&30.066896955168694|73207&4&1469.9588270475028|73210&4&319.4927953960708|73238&4&43.63272855004236|73246&4&431.60241845415|73249&4&335.2267047061261|73250&4&484.91811975869575|73251&4&346.0631166565434|73252&4&120.42222546341068|73253&4&169.57865419470167|73256&4&223.02364155651918|73263&4&529.8358547266557|73264&4&127.42583918725978|73270&4&1427.7127070220572|73278&4&270.97778430694075|73295&4&67.53306811390658|73297&4&53.45454845968015|73299&4&48.823242251012694|73303&4&14.376642793553074,2|73195&4&433.21541593966737|73201&4&107.70506333220325|73213&4&761.6941649348026|73216&4&549.3172774519475|73221&4&1309.358912281029|73226&4&34.4663745500995|73231&4&1103.2722245628688|73232&4&450.28198782274|73236&4&374.9136859341718|73240&4&1239.013227336513|73241&4&205.08581841142623|73244&4&113.35537946064093|73256&4&516.4666300207523|73257&4&621.0826249924817|73265&4&203.87231627925846|73273&4&687.183840228045|73277&4&63.694544974628286|73280&4&40.24167868114212|73295&4&84.64732132219208|73296&4&157.8255922407009|73300&4&18.13894561073487|73308&4&214.2772689957158,2|73191&4&616.074408749632|73193&4&79.89972105099412|73202&4&489.7968813675224|73210&4&194.12851963069096|73215&4&962.0777151229024|73229&4&1179.1588920890022|73230&4&538.019875092637|73232&4&213.20175270983424|73247&4&516.5947122563878|73253&4&1006.8989769516403|73267&4&94.81637839879139|73271&4&734.4627710821044|73283&4&323.89379858268205|73288&4&776.7671795580694,2|73192&4&848.5782931669785|73199&4&267.9592206833609|73201&4&694.2655016641195|73202&4&102.4659702022303|73204&4&1428.5023940642627|73211&4&93.18421089977673|73216&4&34.325948517402296|73217&4&206.6681757713657|73236&4&163.6549103676378|73237&4&275.01893646972593|73242&4&358.33430423957|73245&4&641.2888813992893|73250&4&53.68287376283814|73252&4&679.7101962648653|73258&4&96.21886402969099|73284&4&0.0|73302&4&65.8839632864778|73308&4&68.39204327716068,2|73193&4&234.33126985092824|73197&4&121.308769089381|73203&4&294.1566514287234|73206&4&6.948624087853318|73211&4&839.7957228419509|73212&4&8.286588557766049|73217&4&85.69603005535339|73220&4&239.6472252027083|73221&4&83.39471320213566|73225&4&127.20871795405338|73230&4&10.017198385122526|73233&4&831.5516003247907|73234&4&172.0400729894115|73242&4&326.1166344746115|73243&4&24.247801822337475|73252&4&197.63323086533404|73260&4&712.4326235249762|73270&4&0.0|73272&4&319.51031478033246|73276&4&98.35198017832637|73282&4&1426.3515327467464|73286&4&15.095678880710148|73293&4&37.17527731728799|73295&4&169.60343544317212|73296&4&236.07503411876627|73299&4&0.9269788183957602|73302&4&173.61673279305023|73303&4&9.325653763779908,2|73189&4&18.721322284200667|73196&4&1063.1504684934596|73197&4&426.56237353433687|73209&4&748.1134027192184|73217&4&43.02955358268892|73219&4&261.81682883956853|73233&4&104.25219097099266|73242&4&930.2745748336192|73244&4&796.5586443401576|73251&4&839.6771099742865|73254&4&984.7791035479968|73259&4&157.37652203544457|73267&4&106.1085984549007|73277&4&439.6720046942185|73278&4&284.88180852786274|73301&4&11.214875945512937,2|73189&4&43.40786264709764|73190&4&184.01391751778812|73205&4&207.05328521359047|73208&4&1945.4181973513028|73214&4&57.65135841710664|73227&4&268.74760952031176|73245&4&708.7412713754723|73248&4&1002.7097096756283|73250&4&115.2830004044344|73255&4&1332.7142055964464|73259&4&245.43251977323536|73262&4&366.2097593031529|73264&4&258.3675596294702|73267&4&165.47395910472144|73275&4&1579.3474431773593|73276&4&1036.011004680144|73279&4&469.0862021327242|73280&4&955.3869926441793|73296&4&45.7699997311514|73300&4&157.09551150096885|73304&4&27.865622304147728,2|73189&4&580.2286314486424|73194&4&118.96388888067575|73204&4&101.532791818162|73206&4&717.728774006811|73219&4&110.63191790772797|73222&4&883.8575501764519|73223&4&215.29463006777917|73224&4&319.3714139486508|73225&4&238.03513305528645|73226&4&513.9838222602904|73249&4&881.8613274959931|73258&4&467.80181272754095|73261&4&801.1709361979944|73262&4&674.8969506305832|73263&4&994.1670084311966|73268&4&1180.780572536873|73274&4&299.0457968638188|73278&4&1139.580012119152|73297&4&119.35987979799283,2|73198&4&183.53170456258562|73211&4&57.642970925542464|73212&4&755.229721056163|73214&4&483.23215052542383|73217&4&1254.066348444494|73223&4&227.87277579570005|73224&4&217.39156567041985|73238&4&382.56349742771863|73239&4&956.6831952108847|73243&4&720.6970540181683|73251&4&102.07540331075683|73266&4&1220.0152444346745|73286&4&1031.3632060857499|73287&4&320.5022473464585,2|73190&4&526.5792982875641|73193&4&343.66262362526885|73199&4&620.9297321470849|73209&4&749.0516116638789|73210&4&1.3322676295501878E-14|73218&4&920.0925135164329|73228&4&1035.797543092312|73230&4&476.17382109434953|73232&4&78.36593051555373|73234&4&79.17060691767395|73235&4&437.8742346456404|73236&4&741.8304323547334|73237&4&712.7931372884295|73238&4&500.3958666519111|73241&4&176.60147062105887|73256&4&176.45834317519183|73257&4&875.7600261621805|73269&4&323.9318466218468|73281&4&52.81923006902755|73285&4&743.750602638969|73293&4&1.4210854715202004E-14|73296&4&2.0194115113788946|73300&4&236.63924644465376|73306&4&187.89994738273214|73307&4&2.5307325140661305
136|4,130,1,1,1,1,1,1,1,1,1,1,1,1,1,1,1,1,1,1,1,1,1,1,1,1,1,1,1,1,1,1,1,1,1,1,1,1,1,1,1,1,1,1,1,1,1,1,1,1,1,1,1,1,1,1,1,1,1,1,1,1,1,1,1,1,1,1,1,1,1,1,1,1,1,1,1,1,1,1,1,1,1,1,1,1,1,1,1,1,1,1,1,1,1,1,1,1,1,1,1,1,0,0,0,0,0,0,0,0,0,0,0,0,0,0,0,0,0,0,0,0,2|73190&4&332.29435016717787|73195&4&595.4818636360377|73196&4&98.05511671366119|73199&4&19.91594876339359|73200&4&561.0335685975431|73201&4&15.303905096577374|73207&4&1413.9022627382587|73210&4&302.9382790375035|73238&4&23.08210783749767|73246&4&388.8024170650107|73249&4&419.93976912432026|73250&4&459.24452691034554|73251&4&327.1260677803965|73252&4&114.08421359691539|73253&4&330.47006763653286|73256&4&210.93633488771178|73263&4&611.9472675205207|73264&4&96.38737009754247|73270&4&1300.682401586879|73278&4&204.29624034162086|73295&4&63.31324804988376|73297&4&50.56701788879317|73299&4&43.8520765952954|73303&4&19.092748421614782,2|73195&4&376.42578147842505|73201&4&95.47165639685903|73213&4&812.8029292931141|73216&4&741.0177898996274|73221&4&1459.296783680853|73226&4&26.69695527678362|73231&4&1023.0233293428223|73232&4&416.21968622489953|73236&4&337.78514265474234|73238&4&94.03619352276586|73240&4&1357.3004629726875|73241&4&315.5881009276562|73244&4&80.72772094682513|73256&4&481.8960280559874|73257&4&525.8724803762582|73265&4&295.73252425432383|73273&4&607.5065381786826|73277&4&55.981027426121244|73280&4&18.289969934917668|73288&4&101.91602551953304|73295&4&77.73786149037039|73296&4&145.07880567443897|73300&4&10.781409315793045|73308&4&199.9429191415825,2|73191&4&568.3815859183912|73193&4&65.83171087790348|73202&4&442.37762973993983|73210&4&164.14197347043512|73215&4&939.5195302071471|73229&4&1079.0374255117908|73230&4&482.7287144400146|73232&4&171.36611357338032|73247&4&562.8524093416697|73253&4&889.235310700003|73267&4&86.91501353222543|73271&4&664.0298970417838|73283&4&472.2047121145736|73288&4&700.4713203974617,2|73192&4&858.2256508311517|73199&4&240.56288925023972|73201&4&830.8345492820731|73202&4&193.50612845602382|73204&4&1600.6537289796076|73211&4&85.418859991462|73216&4&20.774556846895862|73217&4&195.79090336234646|73236&4&178.130850563421|73237&4&228.79543053165074|73242&4&297.1744499118936|73245&4&620.9469697304028|73250&4&41.468531693015336|73252&4&601.6652657609663|73258&4&71.47452453604411|73284&4&65.95020777754675|73302&4&52.73202896491733|73308&4&54.974722718064996,2|73193&4&215.56655342487431|73197&4&115.24333063491196|73203&4&263.9938080442553|73206&4&6.601192883460652|73211&4&770.1356062119403|73212&4&4.143294278883021|73217&4&81.41122855258573|73220&4&214.78670813695288|73221&4&50.46467794207834|73225&4&158.5422908275719|73230&4&58.8611855842114|73233&4&888.7078332104077|73234&4&145.50246742523942|73242&4&508.77849642717587|73243&4&7.844302528578126|73252&4&243.57157137996717|73260&4&751.8805454392827|73272&4&375.9057754714613|73276&4&69.30094020477596|73282&4&1369.8124959620357|73286&4&2.419341983775674|73293&4&31.6198988460649|73295&4&186.1288067219117|73296&4&222.79601394113135|73299&4&1.5543122344752192E-15|73302&4&193.76008535858077|73303&4&4.69914244359717,2|73189&4&7.361830609981525|73196&4&1032.7828641539422|73197&4&389.6168903735253|73209&4&647.4515386971115|73217&4&40.639022828095094|73219&4&205.79297494894104|73222&4&213.69574779295087|73233&4&80.07229283589425|73242&4&873.0228915502124|73244&4&877.9579008477499|73251&4&759.7104811946012|73254&4&965.0284521508988|73259&4&147.4059835400928|73267&4&107.93502221717952|73270&4&105.49066567242483|73277&4&464.656440683133|73278&4&258.35554072855956|73301&4&23.02606111270399,2|73189&4&34.367439501873115|73190&4&151.3819786821397|73205&4&180.92951744280754|73208&4&2112.932505133608|73214&4&54.61707639515366|73227&4&354.6315414030003|73245&4&652.2705444328732|73248&4&908.985603820853|73250&4&101.72409775051732|73255&4&1274.8180879665092|73259&4&218.868567333937|73262&4&304.4765930096949|73264&4&235.2860312493172|73267&4&131.0685515034232|73275&4&1463.526721793485|73276&4&1009.4885280139424|73279&4&417.5401426036109|73280&4&1049.3406744845931|73296&4&37.73984704337118|73300&4&182.5929024083452|73304&4&22.5387419560912,2|73189&4&619.1387697507291|73194&4&96.02692490644759|73204&4&65.96650813750743|73206&4&654.1954191306145|73219&4&398.7202348324583|73222&4&811.4583023966088|73223&4&200.7222737640963|73224&4&297.73125571498053|73225&4&210.60657839217473|73226&4&484.4545538413904|73249&4&783.6693137621708|73258&4&433.1265682096853|73261&4&974.6267923769749|73262&4&726.8023198751185|73263&4&891.1866127032542|73268&4&1065.7786964702386|73274&4&291.7302781837331|73278&4&1173.3620175216206|73297&4&107.64949520101224,2|73198&4&159.25256126410625|73203&4&165.97809576888872|73211&4&51.780198074789794|73212&4&680.9469245408611|73214&4&442.9200435890096|73217&4&1166.6270125431352|73223&4&190.60928787171284|73224&4&490.986853063795|73238&4&343.0095497666569|73239&4&937.2759217256217|73243&4&862.2575668541141|73251&4&96.97163314521899|73266&4&1380.2587307310878|73286&4&1201.1935813134594|73287&4&399.50223848453356,2|73190&4&488.9233887348528|73193&4&322.9109284085824|73199&4&741.7248059761633|73209&4&921.5984917240595|73218&4&824.1081174629476|73228&4&1073.7986335419353|73230&4&448.18907333027977|73232&4&74.30401740041185|73234&4&254.06224627629044|73235&4&418.54691054969794|73236&4&699.9933070188661|73237&4&672.5074687825083|73238&4&472.4475293541967|73241&4&138.08798888091178|73256&4&139.4058186564084|73257&4&1324.3567650362652|73269&4&294.18936416210585|73281&4&48.756212371410044|73285&4&675.580840245104|73296&4&7.993605777301127E-15|73300&4&220.4625820548182|73306&4&204.26790803404202|73307&4&2.214390949807864
137|4,130,1,1,1,1,1,1,1,1,1,1,1,1,1,1,1,1,1,1,1,1,1,1,1,1,1,1,1,1,1,1,1,1,1,1,1,1,1,1,1,1,1,1,1,1,1,1,1,1,1,1,1,1,1,1,1,1,1,1,1,1,1,1,1,1,1,1,1,1,1,1,1,1,1,1,1,1,1,1,1,1,1,1,1,1,1,1,1,1,1,1,1,1,1,1,1,1,1,1,1,1,0,0,0,0,0,0,0,0,0,0,0,0,0,0,0,0,0,0,0,0,2|73190&4&427.67697400383173|73195&4&676.2734641812785|73196&4&69.0405662698169|73199&4&7.605447435142413|73200&4&489.3751381339637|73201&4&4.798177632817307|73207&4&1479.1322127816761|73210&4&286.38376267893625|73238&4&11.881764419784108|73246&4&519.2098375810607|73249&4&599.8681079707624|73250&4&433.5709340619954|73251&4&308.1890189042497|73252&4&107.7462017304201|73253&4&512.0202366941107|73256&4&307.7779154293562|73263&4&578.9666166659432|73264&4&65.34890100782513|73270&4&1173.6520961517003|73278&4&149.97280872680537|73295&4&59.09342798586095|73297&4&47.67948731790619|73299&4&38.8809109395781|73303&4&38.33131620494411,2|73195&4&324.74232107350065|73201&4&83.23824946151478|73213&4&773.9373587157477|73216&4&686.5505810809989|73221&4&1665.8757188094346|73226&4&18.927536003467715|73231&4&942.7744341227755|73232&4&382.15738462705895|73236&4&300.65659937531296|73238&4&183.88953428815924|73240&4&1384.6497311740352|73241&4&476.4960926489643|73244&4&58.378013257230165|73256&4&447.3254260912225|73257&4&435.968965266636|73265&4&254.6377622478073|73273&4&537.7826278216714|73277&4&48.2675098776142|73280&4&8.065868087802613|73288&4&96.82022424355638|73295&4&70.82840165854869|73296&4&132.332019108177|73300&4&5.407406703668072|73308&4&185.60856928744926,2|73191&4&524.3864265786868|73193&4&51.763700704812834|73202&4&399.89984863600796|73210&4&134.15542731017928|73215&4&1075.5594417381735|73229&4&1105.1835151190703|73230&4&427.437553787392|73232&4&129.53047443692645|73247&4&522.9195024739413|73253&4&779.295541580922|73267&4&79.01364866565947|73271&4&593.5970230014632|73283&4&574.5699539172494|73288&4&629.617107651504,2|73192&4&803.4805705658753|73199&4&213.1665578171185|73201&4&964.2361399575134|73202&4&219.45429659605912|73204&4&1578.3070404178898|73211&4&77.65350908314727|73216&4&13.555155107349021|73217&4&184.9136309533272|73236&4&170.00604342123066|73237&4&184.7801139533574|73242&4&247.7996810382648|73245&4&636.2353125837675|73250&4&31.29978854687908|73252&4&530.7013296164082|73258&4&53.02780417875741|73284&4&159.45980039157988|73288&4&224.68569776915294|73302&4&41.109772997652115|73306&4&31.187404017741983|73308&4&43.03631573496489,2|73193&4&196.80183699882045|73197&4&109.17789218044291|73203&4&238.14871477014628|73206&4&111.23150963824224|73210&4&70.38099162175985|73211&4&700.4754895819298|73212&4&-7.105427357601002E-15|73217&4&77.12642704981806|73220&4&189.92619107119748|73221&4&23.15355488317654|73225&4&181.54168977043705|73230&4&55.893083309038026|73233&4&986.0011782789745|73234&4&124.75864961773233|73242&4&482.5242800196305|73243&4&0.0|73252&4&387.4485173269776|73260&4&726.8129931731416|73272&4&355.7854865614224|73276&4&43.92333442164219|73282&4&1321.8273528117422|73286&4&-6.217248937900877E-15|73293&4&26.064520374841813|73295&4&201.74651976108075|73296&4&209.51699376349643|73302&4&181.15307772330272|73303&4&1.5678222863642821,2|73189&4&0.0|73196&4&1023.8402438493601|73197&4&353.6928628371551|73208&4&166.19513060482836|73209&4&558.0660303053099|73217&4&38.24849207350127|73219&4&158.22445112746237|73222&4&203.01096040330333|73233&4&59.08810174627216|73242&4&815.7712082668056|73244&4&925.7485827233888|73251&4&680.06477143711|73254&4&928.7898556791552|73259&4&137.435445044741|73263&4&64.22557781640012|73267&4&260.32553190030876|73270&4&327.47610415412254|73277&4&458.0438370692104|73278&4&231.82927292925638|73301&4&38.60051767263924,2|73189&4&25.32701635664859|73190&4&118.75003984649128|73205&4&154.8057496720246|73208&4&1933.5329550123229|73214&4&51.58279437320068|73227&4&334.6238759722697|73245&4&595.7998174902741|73248&4&1073.2874604267136|73250&4&88.16519509660023|73255&4&1170.9256796510101|73259&4&192.3046148946386|73262&4&245.58692699742232|73264&4&345.38878304362674|73267&4&96.66314390212497|73275&4&1395.5981694678926|73276&4&1036.8325158823818|73279&4&365.9940830744975|73280&4&1013.2707353284216|73296&4&29.709694355590962|73300&4&206.66147953105147|73304&4&17.60261363488693,2|73189&4&577.3140573260916|73194&4&219.67398260142963|73204&4&39.82759179771059|73206&4&590.6620642544182|73219&4&469.1155628725773|73222&4&740.8470340015283|73223&4&186.14991746041338|73224&4&276.09109748131027|73225&4&186.44067289450254|73226&4&454.92528542249033|73237&4&138.87576668172312|73249&4&688.5072905488266|73258&4&467.8805781866729|73261&4&899.9033008876942|73262&4&943.4704443085136|73263&4&789.2790939136548|73268&4&1077.2600740947514|73274&4&259.39961663067226|73278&4&1323.806515259921|73297&4&95.93911060403167,2|73198&4&134.97341796562688|73203&4&287.8067978067576|73211&4&45.91742522403712|73212&4&670.9549411469982|73214&4&402.6079366525954|73217&4&1299.5398282211804|73223&4&153.3457999477256|73224&4&667.3766022842724|73238&4&303.4556021055951|73239&4&1072.559542475457|73243&4&992.1375339064059|73251&4&91.86786297968115|73266&4&1381.5254645568489|73286&4&1267.9330598438055|73287&4&399.1931995001176|73296&4&140.17581595937008,2|73190&4&451.2674791821416|73193&4&302.15923319189585|73199&4&916.3807825784021|73209&4&1081.0499500097199|73218&4&807.5420995572819|73228&4&1238.6592601083717|73230&4&420.20432556621|73232&4&125.7008732231053|73234&4&240.2632245827701|73235&4&770.3389505314674|73236&4&658.1561816829989|73237&4&632.221800276587|73238&4&444.49919205648246|73241&4&105.04815982793377|73256&4&104.20506094383605|73257&4&1242.0249935352044|73269&4&402.7529164728567|73281&4&44.69319467379254|73285&4&611.4394264299326|73300&4&204.2859176649826|73306&4&189.32586180879824|73307&4&1.898049385549598
138|4,130,1,1,1,1,1,1,1,1,1,1,1,1,1,1,1,1,1,1,1,1,1,1,1,1,1,1,1,1,1,1,1,1,1,1,1,1,1,1,1,1,1,1,1,1,1,1,1,1,1,1,1,1,1,1,1,1,1,1,1,1,1,1,1,1,1,1,1,1,1,1,1,1,1,1,1,1,1,1,1,1,1,1,1,1,1,1,1,1,1,1,1,1,1,1,1,1,1,1,1,1,0,0,0,0,0,0,0,0,0,0,0,0,0,0,0,0,0,0,0,0,2|73190&4&497.4131424438028|73195&4&721.8469366216302|73196&4&41.67304970339478|73199&4&-5.5067062021407764E-14|73200&4&437.67379154922793|73201&4&2.1316282072803006E-14|73207&4&1350.095924675333|73210&4&269.82924632036895|73238&4&4.133276345877335|73246&4&474.19666886414655|73249&4&800.622803983899|73250&4&407.89734121364523|73251&4&289.25197002810285|73252&4&101.4081898639248|73253&4&522.0576166544269|73256&4&423.83034171266695|73263&4&545.9859658113655|73264&4&35.69399922580725|73270&4&1047.032726856643|73278&4&110.03331864318892|73295&4&54.87360792183813|73297&4&55.63921494376293|73299&4&34.24077173294816|73303&4&55.94542045567362,2|73195&4&278.8474877441844|73201&4&71.00484252617056|73213&4&720.2608121168234|73216&4&632.0833722623706|73221&4&1760.5116625647825|73226&4&12.536777079358913|73231&4&862.7483997875345|73232&4&348.0950830292185|73236&4&263.5280560958836|73238&4&395.5274582273348|73240&4&1467.8884285304887|73241&4&582.5646606283289|73244&4&36.02830556763513|73256&4&412.7548241264575|73257&4&354.6908137685567|73265&4&372.4800230329126|73273&4&468.05871746466005|73277&4&40.55399232910717|73280&4&0.554229374835454|73288&4&91.72442296757973|73295&4&63.918941826726964|73296&4&119.58523254191505|73300&4&1.8218634912572533|73308&4&171.27421943331598,2|73191&4&486.24026613798435|73193&4&37.6956905317222|73202&4&357.99163973500276|73210&4&106.74023972113442|73215&4&1240.5399869940175|73229&4&1134.7677225518437|73230&4&372.14639313476954|73232&4&91.3286640469573|73247&4&482.9865956062129|73253&4&677.5843203466382|73267&4&71.11228379909352|73271&4&523.1641489611426|73283&4&579.0101052407551|73288&4&566.5114463528778,2|73192&4&749.2261436427814|73199&4&185.77022638399734|73201&4&956.6504211874271|73202&4&292.8465400314495|73204&4&1564.9574234468419|73211&4&69.88815817483254|73216&4&8.878291746700047|73217&4&174.03635854430797|73236&4&184.25699997497944|73237&4&142.01055469085838|73242&4&199.57195597259167|73245&4&695.2507657011922|73250&4&21.13104540074283|73252&4&467.4735671254651|73258&4&38.57709793601899|73284&4&219.1995468680089|73288&4&270.5328720951129|73302&4&30.9737746887462|73306&4&62.02694569189045|73308&4&32.272837307871484,2|73193&4&178.03712057276653|73197&4&103.11245372597386|73203&4&213.30180050283306|73206&4&272.22712705368383|73210&4&78.07180417135295|73211&4&630.8153729519192|73217&4&72.8416255470504|73220&4&176.56697698971468|73221&4&6.536230082316442|73225&4&227.54669681796145|73230&4&142.41652248652048|73233&4&924.6720216251101|73234&4&105.22687272624589|73242&4&485.55805481083564|73248&4&360.97767938046314|73252&4&443.33022830906606|73260&4&704.9478491267065|73261&4&93.90867470721986|73272&4&307.47061092006265|73275&4&194.67191831463572|73276&4&21.167787574075476|73282&4&1254.1088082971744|73293&4&20.50914190361872|73295&4&218.51903705597294|73296&4&196.23797358586154|73302&4&168.5460700880247|73303&4&6.661338147750939E-15,2|73189&4&33.62220673071795|73196&4&1277.02631229882|73197&4&317.76883530078493|73208&4&159.61457183894413|73209&4&480.7152004376238|73217&4&35.85796131890744|73219&4&115.82013109869177|73222&4&192.3261730136558|73233&4&42.99302367661156|73242&4&758.5195249833989|73244&4&1058.491830763313|73251&4&600.4190616796188|73254&4&845.8609178174507|73259&4&127.46490654938918|73263&4&249.54801230880108|73267&4&396.6668985971023|73270&4&310.8385722822353|73274&4&252.11188971529077|73276&4&274.3008404523245|73277&4&507.48990803711536|73278&4&205.30300512995316|73300&4&41.66948625510832|73301&4&54.18783450871045|73302&4&97.87960505193958,2|73189&4&16.286593211424066|73190&4&86.11810101084282|73205&4&128.68198190124167|73208&4&1768.8762986631587|73214&4&127.51028939252231|73227&4&314.61621054153903|73245&4&539.329090547675|73248&4&976.6649509054689|73250&4&74.60629244268313|73255&4&1068.779058207609|73259&4&165.7406624553402|73262&4&194.23401335400007|73264&4&469.66909143369077|73267&4&69.3913980527013|73275&4&1268.9801015776702|73276&4&961.7752180221729|73279&4&447.4532356180339|73280&4&1096.2177470720953|73296&4&21.679541667810746|73300&4&188.92805103977383|73304&4&13.389411169138764,2|73189&4&535.4893449014543|73194&4&296.50044755941815|73204&4&13.856362807033381|73206&4&527.1287093782216|73219&4&683.6845624994282|73222&4&674.3029081336344|73223&4&295.94253004146265|73224&4&254.45093924763998|73225&4&162.27476739683033|73226&4&425.3960170035904|73237&4&325.6852852854642|73249&4&600.6283213249081|73258&4&613.0324100822386|73261&4&813.1078829037585|73262&4&1143.8558348641927|73263&4&687.6681172815793|73268&4&1392.171991757059|73274&4&227.06895507761135|73278&4&1296.6511689749514|73297&4&84.22872600705108,2|73198&4&329.9785051731419|73203&4&295.41465883355954|73211&4&40.05465237328445|73212&4&653.9689920738913|73214&4&362.2958297161812|73217&4&1299.1876888201637|73223&4&116.73595101712496|73224&4&822.9033975174812|73238&4&263.9016544445334|73239&4&1043.6447841718282|73243&4&980.3847963777472|73251&4&86.76409281414331|73266&4&1349.5823387065748|73286&4&1317.563726668845|73287&4&369.00769265714644|73296&4&133.16702516140157,2|73190&4&413.6115696294304|73193&4&342.4003224416897|73199&4&1030.0083189293712|73209&4&1347.4017594401134|73218&4&955.4240559178331|73228&4&1138.1666254813583|73230&4&392.2195778021402|73232&4&332.20882850647024|73234&4&226.46420288924978|73235&4&704.5076745407654|73236&4&616.3190563471315|73237&4&591.9361317706657|73238&4&416.5508547587681|73241&4&80.71840637460011|73256&4&78.79888000789228|73257&4&1235.7837538707106|73269&4&371.40442505752145|73281&4&40.630176976175036|73285&4&554.7616438576022|73300&4&188.10925327514704|73306&4&174.38381558355445|73307&4&1.5817078212913316
139|4,130,1,1,1,1,1,1,1,1,1,1,1,1,1,1,1,1,1,1,1,1,1,1,1,1,1,1,1,1,1,1,1,1,1,1,1,1,1,1,1,1,1,1,1,1,1,1,1,1,1,1,1,1,1,1,1,1,1,1,1,1,1,1,1,1,1,1,1,1,1,1,1,1,1,1,1,1,1,1,1,1,1,1,1,1,1,1,1,1,1,1,1,1,1,1,1,1,1,1,1,1,0,0,0,0,0,0,0,0,0,0,0,0,0,0,0,0,0,0,0,0,2|73190&4&509.5563852572566|73195&4&677.1502042505424|73196&4&24.403362418812264|73200&4&596.7061906394297|73207&4&1221.0596365689896|73210&4&253.27472996180165|73238&4&0.0|73246&4&429.18350014723245|73249&4&917.1025821003643|73250&4&382.2237483652951|73251&4&270.314921151956|73252&4&95.07017799742951|73253&4&711.7641831598621|73256&4&493.61042918159285|73263&4&513.0053149567881|73264&4&18.263226232279848|73270&4&920.4133575615854|73278&4&79.31796433739436|73295&4&50.65378785781531|73297&4&81.52320585011543|73299&4&30.35625079985366|73303&4&62.950382868184,2|73195&4&232.95265441486805|73201&4&58.77143559082633|73213&4&773.880391380457|73216&4&577.6161634437423|73221&4&1716.0823052590288|73226&4&7.498356337668245|73231&4&787.7236987050542|73232&4&314.032781431378|73236&4&226.39951281645415|73238&4&408.2770101441746|73240&4&1352.5470929977826|73241&4&711.347192249299|73244&4&16.214769412470126|73256&4&378.18422216169256|73257&4&279.74256763197684|73265&4&464.4523660264633|73273&4&753.8596251370768|73277&4&32.840474780600125|73280&4&-3.774758283725532E-15|73288&4&86.62862169160307|73295&4&57.009481994905265|73296&4&106.8384459756531|73300&4&-3.1086244689504383E-15|73307&4&12.473955962183368|73308&4&156.9398695791827,2|73191&4&448.09410569728163|73193&4&23.627680358631565|73202&4&320.364619701158|73210&4&79.32505213208958|73215&4&1380.1537416267183|73229&4&1200.6413351214|73230&4&318.2002038375465|73232&4&63.97056822032798|73247&4&443.0536887384844|73253&4&581.0433641941382|73267&4&63.21091893252757|73271&4&491.04219331902226|73283&4&534.767835647451|73288&4&505.0613669581428,2|73192&4&669.9712452521346|73199&4&158.37389495087615|73201&4&996.4529955139797|73202&4&343.99717685190393|73204&4&1526.5204791626907|73211&4&62.12280726651781|73216&4&23.608984876079642|73217&4&163.15908613528873|73236&4&244.43181515528136|73237&4&108.0523869842876|73242&4&157.13200510855586|73245&4&673.9093497863782|73250&4&12.455597142426216|73252&4&407.2520667807192|73258&4&28.014007743094496|73284&4&260.35283028794385|73288&4&256.44451424593444|73302&4&22.28771279466779|73306&4&58.847629897251565|73308&4&22.7687277427477,2|73193&4&159.27240414671266|73197&4&97.04701527150482|73203&4&189.67195780559592|73206&4&341.2689400593145|73210&4&73.9922614837309|73211&4&712.8610278984022|73217&4&68.55682404428273|73220&4&169.21219017910153|73221&4&-4.085620730620576E-14|73222&4&79.29053221927393|73225&4&213.27355765988202|73230&4&134.9738431387143|73233&4&898.6870143046417|73234&4&87.96901427678645|73242&4&521.2964579084628|73248&4&446.91631823755665|73250&4&118.46200444257457|73252&4&528.608100376718|73260&4&673.0791251333934|73261&4&166.99481712851747|73272&4&413.44579776519674|73275&4&370.3518230561266|73276&4&7.586687708223137|73282&4&1154.0564214494543|73293&4&14.953763432395625|73295&4&235.59496946309457|73296&4&182.9589534082266|73302&4&155.93906245274664,2|73189&4&97.65756127954411|73196&4&1477.815639386472|73197&4&281.84480776441467|73208&4&151.21835542048484|73209&4&408.9695873245413|73217&4&33.46743056431362|73219&4&82.09719174315573|73222&4&181.64138562400825|73233&4&26.89794560695098|73242&4&701.2678416999921|73244&4&1079.7373871604732|73251&4&525.1307756755995|73254&4&848.4452411541134|73259&4&117.4943680540374|73263&4&311.60911335822175|73267&4&489.88146664782226|73270&4&384.6900231313057|73274&4&339.8882745099409|73276&4&384.6226418408773|73277&4&473.70336249833355|73278&4&178.77673733064995|73300&4&39.586011942352904|73301&4&69.8339984968841|73302&4&126.55947387500734,2|73189&4&7.246170066199541|73190&4&61.90665374538597|73205&4&234.28691730126025|73208&4&1606.196683508168|73214&4&327.2384614973096|73227&4&468.9166096079385|73245&4&482.8583636050758|73248&4&887.0329534306871|73250&4&61.04738978876603|73255&4&966.6324367642085|73259&4&139.17671001604185|73262&4&145.3982625941856|73264&4&676.4198445733302|73267&4&47.21564268114609|73275&4&1151.5079939820314|73276&4&886.7179201619637|73279&4&634.1506790875022|73280&4&1091.7789841170688|73296&4&15.10462620196561|73300&4&171.19462254849623|73304&4&9.917309499094532,2|73189&4&493.664632476817|73194&4&323.9104748368553|73204&4&2.8421709430404007E-14|73206&4&464.46039040352457|73219&4&888.6046759243295|73222&4&607.7587822657406|73223&4&430.7984313826174|73224&4&232.8107810139697|73225&4&138.10886189915814|73226&4&395.8667485846903|73237&4&494.684486363229|73249&4&516.5005167974392|73258&4&565.7207758827326|73261&4&730.5781449864562|73262&4&1198.4549263396589|73263&4&589.5365484525835|73268&4&1591.6349640258231|73274&4&200.44983818857753|73278&4&1206.8430317977677|73297&4&73.18970359000417,2|73198&4&344.92639580925817|73203&4&335.92026695056074|73211&4&34.19187952253178|73212&4&771.4602523636621|73214&4&321.98372277976694|73217&4&1458.1255259667016|73223&4&85.85278576308797|73224&4&878.1342928699396|73238&4&224.3477067834716|73239&4&981.6629689231629|73243&4&902.0836545313832|73251&4&81.66032264860547|73266&4&1315.5781397811288|73286&4&1247.674020495343|73287&4&338.8221858141752|73296&4&126.15823436343307,2|73190&4&375.9556600767191|73193&4&391.4842481217232|73199&4&968.0390144589005|73209&4&1293.8000404255881|73218&4&1095.0971439361551|73228&4&1211.4313500237313|73230&4&364.2348300380704|73232&4&409.7323879493071|73234&4&212.66518119572945|73235&4&739.604730498971|73236&4&574.4819310112642|73237&4&551.6504632647445|73238&4&388.6025174610537|73241&4&63.34383480126149|73256&4&62.5099860389583|73257&4&1551.2221896546716|73269&4&340.0559336421862|73281&4&36.56715927855753|73285&4&698.5487207391964|73300&4&171.93258888531145|73306&4&159.44176935831075|73307&4&1.2653662570330653
140|4,130,1,1,1,1,1,1,1,1,1,1,1,1,1,1,1,1,1,1,1,1,1,1,1,1,1,1,1,1,1,1,1,1,1,1,1,1,1,1,1,1,1,1,1,1,1,1,1,1,1,1,1,1,1,1,1,1,1,1,1,1,1,1,1,1,1,1,1,1,1,1,1,1,1,1,1,1,1,1,1,1,1,1,1,1,1,1,1,1,1,1,1,1,1,1,1,1,1,1,1,1,0,0,0,0,0,0,0,0,0,0,0,0,0,0,0,0,0,0,0,0,2|73190&4&549.011634508088|73195&4&641.5334531035361|73196&4&14.386884765513983|73200&4&650.3355403624108|73207&4&1246.02912738459|73210&4&236.72021360323436|73246&4&384.17033143031836|73249&4&1018.1025498902386|73250&4&356.55015551694487|73251&4&251.37787227580915|73252&4&88.73216613093422|73253&4&671.8203369917181|73256&4&658.6751778373405|73263&4&480.02466410221047|73264&4&4.079730165478192|73270&4&799.4300114026546|73278&4&51.251232919250974|73295&4&46.4339677937925|73297&4&76.62761815003743|73299&4&26.91838495536586|73303&4&59.24236905102077,2|73195&4&187.25189946143615|73201&4&46.538028655482094|73213&4&704.976640926783|73216&4&523.1489546251139|73221&4&1646.0942199942895|73226&4&5.058024497557343|73231&4&712.6989976225739|73232&4&279.9704798335375|73236&4&189.27096953702474|73238&4&464.06527536272364|73240&4&1255.5103508233678|73241&4&690.7212478599752|73244&4&4.39038029158465|73256&4&343.6136201969276|73257&4&214.3463932564562|73265&4&421.0636858563157|73273&4&727.0631096170126|73277&4&25.126957232093083|73288&4&81.53282041562642|73295&4&50.100022163083565|73296&4&94.09165940939116|73307&4&11.8502581640742|73308&4&158.2192052718889,2|73191&4&409.94794525657903|73193&4&9.55967018554093|73202&4&285.2314724125989|73210&4&52.44997007994459|73215&4&1397.0177734345325|73229&4&1217.9330701641452|73230&4&265.21369982995725|73232&4&38.69037087127346|73247&4&403.120781870756|73253&4&495.5439889074584|73267&4&55.30955406596162|73271&4&496.4507860147776|73283&4&554.6871497267801|73288&4&443.61128756340776|73306&4&17.607618335848656,2|73192&4&595.5886416690594|73199&4&130.97756351775496|73201&4&1149.895574116151|73202&4&338.9878733367964|73204&4&1537.4667094325173|73211&4&54.35745635820308|73216&4&194.291626317812|73217&4&152.2818137262695|73234&4&0.0|73236&4&513.7008187959431|73237&4&82.99684713716483|73242&4&117.38713388399118|73245&4&764.6481827779304|73250&4&7.957804736652109|73252&4&348.81912912550035|73253&4&253.3375830810428|73254&4&265.46646049637036|73258&4&17.450917550170036|73284&4&246.1868326701619|73288&4&396.4295927809469|73302&4&14.97945042325149|73303&4&19.33267988928833|73306&4&55.66831410261268|73308&4&15.027560766143408,2|73193&4&140.5076877206588|73197&4&90.98157681703577|73203&4&168.77956651247982|73206&4&323.6577585428689|73210&4&246.90745495317984|73211&4&801.0328879465532|73217&4&64.27202254151507|73220&4&143.27887560482887|73222&4&158.62806484920694|73225&4&199.0004185018026|73230&4&277.5361860438193|73233&4&975.2219669242616|73234&4&0.0|73242&4&498.6553297048104|73248&4&423.66805812722765|73250&4&112.53890422044584|73252&4&498.8090103633088|73260&4&699.7709280036817|73261&4&345.07389668469864|73272&4&446.4251468698715|73275&4&377.9731329861314|73276&4&5.329070518200751E-15|73282&4&1185.908103666096|73293&4&10.040573997851094|73295&4&253.98973380582862|73296&4&169.67993323059167|73302&4&143.33205481746862,2|73189&4&291.3480734418238|73196&4&1421.9747117592228|73197&4&245.92078022804452|73208&4&382.7511282910807|73209&4&343.17137306073334|73217&4&31.076899809719787|73219&4&52.886183814887346|73222&4&170.9565982343607|73233&4&12.612309780798842|73242&4&644.0161584165854|73244&4&1149.158075782239|73251&4&449.9629512358033|73254&4&763.91959288999|73259&4&198.7625861644787|73263&4&484.0104877289673|73267&4&634.5476098865087|73270&4&363.5280421233706|73274&4&322.2635810601557|73276&4&508.858914683776|73277&4&439.9168169595516|73278&4&152.25046953134677|73300&4&37.50253762959749|73301&4&64.77947349840088|73302&4&155.0950320007438,2|73189&4&8.881784197001252E-15|73190&4&38.970065761289476|73205&4&310.82329810328355|73208&4&1446.865921255087|73214&4&402.2183897806631|73227&4&440.1935409523513|73245&4&426.38763666247667|73248&4&800.5034954046284|73250&4&47.48848713484894|73255&4&864.485815320808|73259&4&116.69356242754377|73262&4&102.04783352926485|73264&4&830.0134775706708|73267&4&25.074799504364254|73275&4&1043.0743446611084|73276&4&811.6606223017548|73279&4&762.808284518356|73280&4&1249.5365617538973|73296&4&9.411808620718318|73300&4&153.4611940572186|73304&4&7.186013376202986,2|73189&4&451.8399200521797|73194&4&502.41072500880557|73206&4&403.36225010217936|73219&4&914.9808861025322|73222&4&541.2146563978467|73223&4&411.88824558540466|73224&4&211.17062278029942|73225&4&113.94295640148593|73226&4&366.33748016579034|73237&4&580.6169731338357|73249&4&435.98604822317805|73258&4&559.8774133230056|73261&4&651.0837338107959|73262&4&1232.835954810691|73263&4&501.2891096681168|73268&4&1623.8027382944465|73274&4&177.53050600504267|73278&4&1117.0348946205838|73297&4&62.9922444854854,2|73198&4&411.0130689097078|73203&4&436.2759658041988|73211&4&28.32910667177911|73212&4&836.089721136539|73214&4&286.0410217897917|73217&4&1375.8810358044548|73223&4&63.00603613937356|73224&4&818.104594912925|73238&4&184.79375912240982|73239&4&987.6339829685866|73243&4&861.0680188828278|73251&4&76.55655248306763|73266&4&1202.724200325201|73270&4&239.4876271237839|73286&4&1381.3955482058736|73287&4&308.63667897120405|73296&4&119.14944356546457,2|73190&4&338.29975052400783|73193&4&582.6189584011435|73199&4&1020.9370796586278|73209&4&1309.450683107751|73218&4&994.858215965273|73228&4&1196.0927355035883|73230&4&336.25008227400065|73232&4&592.6351399891748|73234&4&0.0|73235&4&697.3256078018645|73236&4&532.6448056753969|73237&4&511.3647947588233|73238&4&360.65418016333945|73241&4&48.4249086100491|73256&4&46.22109207002427|73257&4&1531.89087464041|73269&4&308.70744222685084|73281&4&32.50414158094003|73285&4&714.8078346837127|73300&4&155.75592449547588|73306&4&144.49972313306696|73307&4&0.949024692774799
141|4,130,1,1,1,1,1,1,1,1,1,1,1,1,1,1,1,1,1,1,1,1,1,1,1,1,1,1,1,1,1,1,1,1,1,1,1,1,1,1,1,1,1,1,1,1,1,1,1,1,1,1,1,1,1,1,1,1,1,1,1,1,1,1,1,1,1,1,1,1,1,1,1,1,1,1,1,1,1,1,1,1,1,1,1,1,1,1,1,1,1,1,1,1,1,1,1,1,1,1,1,1,0,0,0,0,0,0,0,0,0,0,0,0,0,0,0,0,0,0,0,0,2|73190&4&515.5785058303768|73195&4&751.2813441651147|73196&4&9.105518605824063|73200&4&717.538356662731|73207&4&1349.1579921078126|73210&4&220.1656972446671|73246&4&341.04445219913396|73249&4&957.9361459787152|73250&4&330.8765626685947|73251&4&232.4408233996623|73252&4&82.39415426443892|73253&4&631.8764908235742|73256&4&620.0635872782389|73263&4&447.04401324763296|73264&4&-3.019806626980426E-14|73270&4&693.491581808458|73278&4&27.876538801545504|73295&4&42.21414772976968|73297&4&71.73203044995944|73299&4&24.36074325044237|73303&4&55.53435523385754,2|73195&4&143.21867932489178|73201&4&34.30462172013786|73213&4&636.0728904731092|73216&4&468.68174580648554|73221&4&1512.424179904834|73226&4&3.5346358208023587|73231&4&637.6742965400937|73232&4&245.908178235697|73236&4&152.14242625759533|73238&4&529.9917273445442|73240&4&1141.1633367570528|73241&4&646.0835211991362|73244&4&4.263256414560601E-14|73256&4&309.0430182321627|73257&4&154.95197305206995|73265&4&544.3230256111631|73273&4&644.6156253227135|73277&4&17.492467437277423|73288&4&76.43701913964976|73295&4&43.19056233126186|73296&4&81.34487284312922|73307&4&11.226560365965032|73308&4&172.9565624250456,2|73191&4&425.115371178295|73193&4&-8.526512829121202E-14|73202&4&250.09832512403983|73210&4&33.472659057857626|73215&4&1293.2189249617538|73220&4&124.5442293866347|73229&4&1202.7024767474836|73230&4&217.6672947477635|73232&4&18.803494617839718|73247&4&363.18787500302756|73253&4&413.3396794532429|73267&4&47.40818919939567|73271&4&658.5223147207194|73283&4&609.6038160259367|73288&4&385.6488234758454|73306&4&47.16173933648031|73307&4&24.890656233446066,2|73192&4&734.5434989075677|73199&4&108.13069182464196|73201&4&1129.7909279585124|73202&4&325.91882603149395|73204&4&1604.2303362490472|73211&4&46.59210544988835|73216&4&376.0853258494627|73217&4&141.40454131725025|73236&4&632.9844408403246|73237&4&62.84378445369398|73242&4&81.31891294299851|73245&4&897.5235222379295|73249&4&54.23167720688923|73250&4&3.4600123308779813|73252&4&301.62577715898897|73253&4&468.4140627186489|73254&4&401.66620488651347|73258&4&6.887827357245577|73284&4&344.20411952908313|73288&4&572.8460571360532|73300&4&90.9347263952086|73302&4&9.090118178928321|73303&4&38.68496349293986|73306&4&52.48899830797381|73308&4&9.180297653676325,2|73193&4&121.74297129460491|73197&4&152.51021606050878|73203&4&152.74936219860584|73206&4&371.88106116796484|73210&4&329.4862759911359|73211&4&872.9067795263409|73217&4&59.9872210387474|73218&4&101.7857616900593|73220&4&117.34556103055624|73222&4&150.4984352761984|73225&4&298.70305177140915|73230&4&375.2465436061906|73233&4&905.1440369667198|73242&4&541.3572676930057|73248&4&400.41979801689865|73250&4&173.4684076000049|73252&4&503.64064394104787|73260&4&858.0968373643652|73261&4&643.0211601433764|73272&4&478.8857824348046|73275&4&578.2081278518351|73282&4&1337.8480882793256|73293&4&5.961423199854689|73295&4&275.13674180091596|73296&4&156.40091305295675|73297&4&30.61746359340941|73302&4&130.7250471821906,2|73189&4&276.44826757386556|73196&4&1309.1015095884004|73197&4&209.9967526916743|73208&4&655.8159944542464|73209&4&282.3795215790832|73217&4&28.686369055125958|73219&4&27.302671506140477|73222&4&160.27181084471317|73233&4&7.4008492679932445|73242&4&586.7644751331786|73244&4&1201.5988649652493|73251&4&383.01366109136495|73254&4&686.7519838787381|73259&4&200.0328530158441|73263&4&668.4891766523256|73267&4&739.3512484340758|73270&4&342.36606111543557|73274&4&304.6388876103704|73276&4&525.1559461759252|73277&4&543.8257123648182|73278&4&125.7242017320436|73300&4&35.41906331684208|73301&4&59.724948499917645|73302&4&184.31273759415882,2|73190&4&21.546336813597364|73205&4&312.0763509967823|73208&4&1297.7271541438731|73214&4&380.28560044239066|73227&4&453.5749960370315|73245&4&369.9169097198776|73248&4&714.4814558683672|73250&4&33.929584480931844|73255&4&888.8834611642278|73259&4&94.21041483904563|73262&4&67.4355817700354|73264&4&848.297200358647|73267&4&9.578843929867745|73275&4&934.6406953401854|73276&4&736.6033244415457|73279&4&819.0126562646363|73280&4&1358.7063526221868|73296&4&4.833383695947742|73300&4&135.72776556594098|73304&4&5.2002880566591205,2|73189&4&410.0152076275424|73194&4&532.0451542408609|73206&4&345.7872649726751|73219&4&1033.9520655273045|73222&4&475.129137968205|73223&4&582.5806219468768|73224&4&189.53046454662913|73225&4&89.77705090381373|73226&4&336.80821174689027|73237&4&764.5818659074725|73249&4&363.71564336487023|73258&4&597.0780781169135|73261&4&575.8241031718059|73262&4&1272.0162019963195|73263&4&428.1201340292068|73268&4&1510.3559318236753|73274&4&154.61117382150775|73278&4&1051.9289603407915|73297&4&53.279163961230665,2|73198&4&378.7356568064717|73203&4&427.09281621229763|73211&4&22.466333821026435|73212&4&890.2096529212627|73214&4&259.04184524030876|73217&4&1352.2043683601212|73223&4&42.092173297777244|73224&4&769.0074239819094|73238&4&148.62893791528404|73239&4&961.7715430064201|73243&4&830.1004159818996|73251&4&343.89621602335103|73266&4&1097.5956968479081|73270&4&464.74391164022757|73286&4&1313.6538614372803|73287&4&278.4511721282328|73296&4&184.22104223963635,2|73190&4&300.6438409712965|73193&4&749.562831162001|73199&4&1141.1143625151099|73209&4&1222.8660670955642|73218&4&897.435605461723|73228&4&1087.1678454794521|73230&4&308.26533450993094|73232&4&655.5436023881938|73235&4&710.8224140725192|73236&4&490.80768033952967|73237&4&471.0791262529021|73238&4&332.7058428656251|73241&4&34.3775556366012|73256&4&34.16606462999236|73257&4&1612.0842225702509|73269&4&277.35895081151557|73281&4&28.441123883322526|73285&4&655.005836478801|73300&4&139.57926010564032|73306&4&129.55767690782324|73307&4&0.6326831285165326
142|4,130,1,1,1,1,1,1,1,1,1,1,1,1,1,1,1,1,1,1,1,1,1,1,1,1,1,1,1,1,1,1,1,1,1,1,1,1,1,1,1,1,1,1,1,1,1,1,1,1,1,1,1,1,1,1,1,1,1,1,1,1,1,1,1,1,1,1,1,1,1,1,1,1,1,1,1,1,1,1,1,1,1,1,1,1,1,1,1,1,1,1,1,1,1,1,1,1,1,1,1,1,0,0,0,0,0,0,0,0,0,0,0,0,0,0,0,0,0,0,0,0,2|73190&4&482.1453771526656|73195&4&1016.0610612966202|73196&4&3.8241524461341196|73200&4&668.924856723703|73207&4&1221.7822120349178|73210&4&203.61118088609982|73215&4&32.390525506452605|73246&4&298.6631192101919|73249&4&897.7697420671917|73250&4&305.20296982024456|73251&4&213.50377452351546|73252&4&76.05614239794363|73253&4&591.9326446554303|73256&4&581.4519967191372|73263&4&414.0633623930554|73270&4&596.4373768321191|73278&4&11.402642943183231|73295&4&37.994327665746866|73297&4&66.83644274988144|73299&4&25.60972869209413|73303&4&51.826341416694305,2|73195&4&106.51849819176368|73201&4&22.071214784793632|73213&4&633.3969848346411|73216&4&419.90131237598285|73221&4&1526.0954881120492|73226&4&2.0112471440473727|73230&4&43.27014120165791|73231&4&636.6783137328807|73232&4&211.84587663785652|73236&4&115.01388297816591|73238&4&717.1358697820594|73240&4&1292.1649015388184|73241&4&621.7967685653742|73256&4&274.47241626739776|73257&4&104.92005013420837|73265&4&535.0102776895549|73273&4&0.0|73277&4&13.143692689544627|73288&4&71.34121786367311|73295&4&36.28110249944015|73296&4&68.59808627686726|73307&4&10.602862567855864|73308&4&210.25433749264675,2|73191&4&387.32466861554775|73202&4&216.92542707465728|73210&4&18.489103582768514|73215&4&1194.178397381044|73220&4&281.977288407114|73229&4&1230.2318592098327|73230&4&180.6484028010966|73232&4&3.2283675071881137|73247&4&323.2549681352991|73253&4&338.21528413628783|73260&4&123.38905825189784|73267&4&39.50682433282972|73271&4&597.2384312672565|73283&4&688.8978824820223|73288&4&335.18291146228165|73306&4&76.2230953411256|73307&4&42.65834582881864,2|73192&4&653.4232182069961|73199&4&88.03560889790954|73201&4&1051.5771478070822|73202&4&305.4328749148274|73204&4&1750.7040787189653|73211&4&38.82675454157362|73216&4&387.5408764664406|73217&4&130.527268908231|73236&4&639.2618890855172|73237&4&45.86202857999128|73242&4&51.00522361284704|73245&4&1018.6409081126478|73249&4&123.36738647833582|73250&4&-1.687538997430238E-14|73252&4&254.43242519247747|73253&4&631.6024368391792|73254&4&473.30527433783897|73258&4&2.6645352591003757E-14|73273&4&0.0|73284&4&0.0|73288&4&707.6984752117321|73300&4&189.27238261938538|73301&4&10.629107953173161|73302&4&4.59626745973547|73303&4&58.117197637165944|73306&4&49.309682513334934|73308&4&5.3011803354443865,2|73193&4&102.97825486855103|73197&4&252.49276454081405|73203&4&137.76253604300123|73206&4&461.3433220462407|73210&4&413.83485470046736|73211&4&1039.1350778462217|73217&4&55.70241953597973|73218&4&273.91428315414345|73220&4&93.87695493376687|73222&4&142.36880570318985|73225&4&348.69694251742544|73230&4&354.6709487445977|73233&4&1036.0740196595539|73242&4&633.0462992821308|73248&4&484.8636339720262|73250&4&222.43397958333122|73252&4&492.40219396142805|73260&4&784.400577882516|73261&4&817.2424865233522|73272&4&716.1958775880695|73275&4&835.053437690193|73282&4&1476.397830389386|73293&4&1.8822724018582926|73295&4&263.2966189676576|73296&4&143.12189287532183|73297&4&61.15173725068259|73302&4&118.11803954691256,2|73189&4&287.47163773933596|73196&4&1196.228307417578|73197&4&174.58826996385585|73208&4&813.7385691096969|73209&4&222.4848690789317|73217&4&26.29583830053213|73219&4&8.966436274393308|73222&4&149.58702345506563|73233&4&2.189388755187604|73242&4&529.5127918497719|73244&4&1147.8577205094277|73251&4&325.64092223485306|73254&4&612.4940866675522|73259&4&249.18709699262754|73263&4&632.1630281325961|73267&4&780.6077105935163|73270&4&321.2040801075005|73274&4&287.01419416058513|73276&4&709.4744208356051|73277&4&503.154394778834|73278&4&99.19793393274043|73300&4&33.335589004086664|73301&4&54.931088056494524|73302&4&214.41628008213314,2|73190&4&12.40656953544821|73205&4&279.3782138905859|73208&4&1162.40143663541|73214&4&358.35281110411825|73227&4&422.746701194431|73245&4&313.44618277727847|73248&4&628.4594163321062|73250&4&20.37068182701475|73255&4&1091.6777623135133|73259&4&71.72726725054751|73262&4&40.388532322973234|73264&4&811.9072080665467|73267&4&5.362036414389806|73275&4&828.0572431846941|73276&4&661.5460265813368|73279&4&922.5347955882996|73280&4&1358.8193096849209|73296&4&1.6542951916686186|73300&4&124.5114786367941|73304&4&3.2145627371152545,2|73189&4&368.190495202905|73194&4&557.2625556643231|73206&4&296.81598427403526|73219&4&1029.7666202732755|73222&4&409.0436195385632|73223&4&585.5870279996618|73224&4&167.89030631295884|73225&4&69.63865655815432|73226&4&322.9164194689813|73237&4&808.8076930819566|73247&4&132.44282942027814|73249&4&298.8857027816792|73258&4&645.3459331915692|73261&4&511.5998707578558|73262&4&1514.84939221754|73263&4&363.04282056870255|73268&4&1381.8719538861158|73274&4&131.69184163797286|73278&4&1091.1185543487743|73297&4&44.46743416717255,2|73198&4&431.21559360716753|73203&4&401.61415874031394|73211&4&16.603560970273765|73212&4&832.8984621553411|73214&4&232.04266869082593|73217&4&1292.290845571584|73223&4&27.65263418177713|73224&4&742.6563414550369|73238&4&113.82879423154776|73239&4&905.8013634213964|73243&4&826.0569632463478|73251&4&513.3352273064424|73263&4&66.55328092179286|73266&4&992.4671933706156|73270&4&807.5718009685945|73286&4&1298.3525992038838|73287&4&248.26566528526166|73296&4&173.6082319680608,2|73190&4&262.9879314185853|73193&4&706.4331716661488|73199&4&1064.0071917706064|73209&4&1259.5032115120566|73218&4&805.3652301317165|73228&4&1147.9466430918171|73230&4&280.2805867458611|73232&4&797.3007641717719|73235&4&653.385998836105|73236&4&448.9705550036623|73237&4&430.7934577469808|73238&4&304.75750556791075|73241&4&23.559583021297982|73256&4&25.13634853873663|73257&4&1605.5447993960552|73269&4&436.4933841016015|73281&4&24.378106185705022|73285&4&628.4482957285727|73300&4&123.40259571580475|73306&4&114.61563068257946|73307&4&0.3163415642582663
143|4,130,1,1,1,1,1,1,1,1,1,1,1,1,1,1,1,1,1,1,1,1,1,1,1,1,1,1,1,1,1,1,1,1,1,1,1,1,1,1,1,1,1,1,1,1,1,1,1,1,1,1,1,1,1,1,1,1,1,1,1,1,1,1,1,1,1,1,1,1,1,1,1,1,1,1,1,1,1,1,1,1,1,1,1,1,1,1,1,1,1,1,1,1,1,1,1,1,1,1,1,1,0,0,0,0,0,0,0,0,0,0,0,0,0,0,0,0,0,0,0,0,2|73190&4&637.8302296311936|73195&4&1047.5399984679145|73196&4&-6.217248937900877E-15|73200&4&903.8708442399038|73207&4&1148.5336169386437|73210&4&187.05666452753252|73215&4&67.0065117363687|73246&4&261.7440972147483|73249&4&837.6033381556684|73250&4&279.5293769718944|73251&4&194.56672564736863|73252&4&69.71813053144834|73253&4&551.9887984872864|73256&4&542.8404061600356|73263&4&381.0827115384779|73270&4&509.9321544714683|73278&4&-6.750155989720952E-14|73295&4&33.77450760172405|73297&4&61.940855049803446|73299&4&34.309939712714424|73303&4&48.11832759953108,2|73192&4&84.44352672643686|73195&4&79.49047771916463|73201&4&9.8378078494494|73213&4&690.6943876737707|73216&4&372.34103077684836|73221&4&1600.0317157424993|73226&4&0.7781988194297648|73230&4&71.83484722463011|73231&4&714.1020169312173|73232&4&177.78357504001605|73236&4&81.9476397373662|73238&4&831.0715917679718|73240&4&1455.3156396351246|73241&4&708.2543175647036|73256&4&239.90181430263283|73257&4&67.5259976190781|73265&4&600.3173433831253|73277&4&10.514954151635715|73288&4&66.24541658769645|73295&4&29.37164266761845|73296&4&55.85129971060531|73307&4&9.979164769746696|73308&4&190.9514123587745,2|73191&4&501.76383156039986|73202&4&184.62691782079577|73210&4&6.762023534505167|73215&4&1096.3767156815607|73220&4&267.56706341329175|73229&4&1281.8431292270309|73230&4&149.35230966340464|73232&4&-2.042810365310288E-14|73247&4&286.74296820612767|73253&4&272.18612694808814|73260&4&139.245580591559|73266&4&79.55726763625717|73267&4&31.60545946626377|73271&4&567.1143447727011|73283&4&671.5395508026266|73286&4&16.967679520930687|73288&4&291.395695524655|73306&4&105.84616478414185|73307&4&40.46320189679409,2|73192&4&578.8016453243279|73199&4&69.02611094136853|73201&4&1046.5439741825135|73202&4&315.7925364666132|73204&4&1847.78636585815|73211&4&31.06140363325889|73216&4&459.7594404491406|73217&4&119.64999649921177|73236&4&727.0660829913495|73237&4&32.484645845833356|73242&4&27.27205227675847|73245&4&1080.931231670681|73249&4&117.0634379614018|73252&4&207.63449751848123|73253&4&784.9220153637547|73254&4&573.1264100184977|73273&4&174.10578109225548|73284&4&4.0987716008176065|73288&4&667.6682772199073|73300&4&222.3383074797566|73301&4&10.097652555514504|73302&4&1.5593653189490024|73303&4&61.15355437938115|73306&4&46.13036671869605|73308&4&1.422063017212448,2|73193&4&86.11406139232503|73197&4&363.9908594785019|73203&4&122.77570988739663|73206&4&483.49012491957166|73210&4&449.40394976209933|73211&4&963.4504632674092|73217&4&51.41761803321206|73218&4&407.08007706526257|73220&4&76.54263400179401|73222&4&218.3595041627462|73225&4&372.5383647316334|73230&4&334.0953538830048|73233&4&955.9456940694932|73242&4&857.7151133872546|73248&4&795.3215785905779|73250&4&396.77048882363835|73252&4&737.1827459975918|73260&4&717.7871792482604|73261&4&816.3466337299153|73272&4&872.591384764826|73275&4&1047.427380840398|73282&4&1683.4349345180608|73293&4&0.9411362009291326|73295&4&319.1112483020006|73296&4&129.84287269768691|73297&4&58.01760672916493|73302&4&105.51103191163452,2|73189&4&272.6216840942315|73196&4&1149.3986018019796|73197&4&144.4317826761791|73208&4&995.2869774020476|73209&4&167.59739342886124|73217&4&23.9053075459383|73219&4&1.0658141036401503E-14|73222&4&138.9022360654181|73233&4&-1.0658141036401503E-14|73242&4&472.2611085663652|73244&4&1271.7516802165417|73251&4&271.82653799925697|73254&4&541.7224177488308|73259&4&230.64064063507203|73263&4&595.8368796128666|73267&4&788.7924265059456|73270&4&300.0420990995654|73274&4&382.6002284911965|73276&4&669.4980953446947|73277&4&462.4830771928498|73278&4&72.67166613343724|73300&4&31.252114691331247|73301&4&50.98306949207742|73302&4&244.42295848049122,2|73190&4&7.10298335290558|73205&4&485.2902779180468|73208&4&1035.9465016803938|73214&4&336.4200217658458|73227&4&391.91840635183047|73245&4&260.17737004835885|73248&4&543.8172251570581|73250&4&6.8117791730976585|73255&4&1072.9956826708926|73259&4&49.24411966204939|73262&4&20.64932399091857|73264&4&758.9460296756669|73267&4&1.878744220437026|73275&4&729.3351285327955|73276&4&592.4957909181293|73279&4&992.6359651184436|73280&4&1359.6678111253916|73296&4&-1.199040866595169E-14|73300&4&113.96803929168166|73304&4&1.2288374175713888,2|73189&4&329.3608827722719|73194&4&608.1542850288829|73206&4&252.159395526219|73219&4&1072.5656172483823|73222&4&342.9950474815496|73223&4&694.0457453751399|73224&4&146.25014807928855|73225&4&54.46123908544209|73226&4&427.1311515253178|73237&4&762.2036956161909|73247&4&134.05960573282476|73249&4&238.8357914748796|73258&4&627.7939008777666|73261&4&457.1469831143275|73262&4&1564.951352538331|73263&4&301.8929306140692|73268&4&1287.0839105184239|73274&4&108.772509454438|73278&4&1300.5203377527127|73297&4&36.63078021877661,2|73198&4&464.9530182805938|73203&4&376.13550126833024|73211&4&10.740788119521094|73212&4&779.9799702192419|73214&4&205.04349214134308|73217&4&1305.7364713166705|73223&4&13.751050629147485|73224&4&686.5856459496141|73238&4&90.00162069707076|73239&4&894.645070782923|73243&4&990.7114878416631|73251&4&488.59857915508013|73263&4&107.36739253157765|73266&4&890.8319606488037|73270&4&975.5895177857827|73286&4&1178.2631064245484|73287&4&218.08015844229047|73296&4&267.9178409780851,2|73190&4&225.33202186587403|73193&4&657.5170906734028|73199&4&986.9000210261025|73209&4&1515.1821201826292|73218&4&719.1666481918339|73228&4&1299.7225961879683|73230&4&252.29583898179138|73232&4&870.2345655980714|73235&4&675.1819183770467|73236&4&407.13342966779504|73237&4&390.5077892410595|73238&4&276.80916827019644|73241&4&12.74161040599476|73256&4&16.106632447480923|73257&4&1636.9440639949137|73269&4&423.76407636582405|73281&4&207.9360754305974|73285&4&616.7597548888989|73300&4&107.22593132596919|73306&4&99.67358445733572|73307&4&0.0
144|4,130,1,1,1,1,1,1,1,1,1,1,1,1,1,1,1,1,1,1,1,1,1,1,1,1,1,1,1,1,1,1,1,1,1,1,1,1,1,1,1,1,1,1,1,1,1,1,1,1,1,1,1,1,1,1,1,1,1,1,1,1,1,1,1,1,1,1,1,1,1,1,1,1,1,1,1,1,1,1,1,1,1,1,1,1,1,1,1,1,1,1,1,1,1,1,1,1,1,1,1,1,0,0,0,0,0,0,0,0,0,0,0,0,0,0,0,0,0,0,0,0,2|73190&4&594.9412018956704|73195&4&973.7476484908693|73200&4&829.3340562985468|73207&4&1308.6702431104648|73210&4&170.50214816896522|73215&4&176.13253243656487|73246&4&335.3636891728064|73249&4&777.4369342441452|73250&4&253.8557841235442|73251&4&175.62967677122177|73252&4&63.38011866495304|73253&4&512.0449523191425|73256&4&551.8488410610737|73263&4&348.1020606839003|73270&4&433.6548391046965|73295&4&29.554687537701234|73297&4&57.04526734972545|73299&4&52.07289886732934|73303&4&44.410313782367844,2|73192&4&146.83189975788102|73195&4&56.6719828975256|73201&4&2.972912523022726|73213&4&614.3788215011141|73216&4&327.2059488933967|73221&4&1649.602590557882|73226&4&0.38909940971487944|73230&4&68.13492951039447|73231&4&681.8985851949535|73232&4&143.72127344217552|73236&4&54.67752924495329|73238&4&834.2705595421944|73240&4&1361.33924429957|73241&4&684.0666264758449|73256&4&205.33121233786787|73257&4&42.77506607969585|73265&4&628.9379853678829|73277&4&7.88621561372679|73288&4&61.1496153117198|73295&4&22.462182835796746|73296&4&43.10451314434336|73307&4&9.355466971637528|73308&4&212.75959062643136,2|73190&4&182.46186779098684|73191&4&503.8925507967745|73202&4&157.16112005729775|73210&4&4.085620730620576E-14|73215&4&1000.6657824353506|73220&4&253.15683841946944|73229&4&1170.3334526313226|73230&4&120.82513518846336|73247&4&252.34167318901734|73253&4&212.68681538909618|73260&4&236.94124326913933|73266&4&100.64606029821758|73267&4&23.704094599697818|73271&4&526.5516838873174|73281&4&11.828335120933787|73283&4&619.5969256877219|73286&4&164.5591458458025|73288&4&250.61084681302634|73306&4&134.31634491694876|73307&4&38.26805796476954,2|73192&4&512.188230064039|73195&4&32.785395908131534|73199&4&53.6053756855098|73201&4&1143.628491770478|73202&4&299.5835489191717|73204&4&1810.8888510363445|73210&4&74.1146951488144|73211&4&23.29605272494416|73216&4&552.7117588601822|73217&4&108.77272409019253|73236&4&886.2957255721257|73237&4&20.27423890055927|73242&4&11.749459941191471|73245&4&1072.9845274153304|73249&4&272.07265585424636|73252&4&163.62580749788088|73253&4&836.1559189826992|73254&4&613.5063020216064|73273&4&165.40049203764272|73284&4&3.893833020776726|73288&4&627.6380792280825|73300&4&228.5996827963003|73301&4&9.566197157855846|73302&4&-1.2434497875801753E-14|73303&4&97.521977988409|73306&4&42.95105092405717|73308&4&0.0,2|73193&4&69.24986791609902|73197&4&387.85878147504366|73203&4&107.78888373179203|73206&4&611.5136738043284|73210&4&423.67777994111054|73211&4&1043.31631008078|73217&4&47.13281653044439|73218&4&588.0312401330033|73220&4&61.258461189945585|73222&4&450.43416562970845|73225&4&376.2147626785215|73230&4&313.5197590214119|73233&4&875.8173684794322|73242&4&1169.9688113949824|73248&4&952.6916357150611|73250&4&402.44559809423106|73252&4&889.254040062028|73260&4&651.5534137765225|73261&4&795.4166146830635|73272&4&832.26563560994|73275&4&994.0015143339222|73282&4&1665.5870666026185|73293&4&-6.8833827526759706E-15|73295&4&342.5744116184196|73296&4&116.563852520052|73297&4&54.88347620764728|73302&4&92.90402427635648,2|73189&4&294.4544697207552|73196&4&1033.223224803396|73197&4&116.58689030901137|73208&4&1076.233896547552|73209&4&120.39978358687821|73217&4&21.51477679134447|73222&4&128.21744867577056|73242&4&415.00942528295843|73244&4&1179.9134316395025|73251&4&228.0441046070737|73254&4&473.4054500838608|73259&4&267.5919227451893|73263&4&559.5107310931372|73267&4&826.0943761480501|73270&4&278.8801180916304|73274&4&432.01028209689383|73276&4&629.5217698537842|73277&4&421.8117596068655|73278&4&46.14539833413406|73300&4&29.16864037857583|73301&4&47.50130036042407|73302&4&230.0907640315428,2|73190&4&4.735322235270404|73205&4&519.5447269537108|73208&4&914.1201623120955|73214&4&314.4872324275733|73227&4&361.09011150923004|73245&4&211.24380955315365|73248&4&469.57843510888046|73250&4&4.796163466380676E-14|73255&4&1061.0900215709505|73259&4&26.760972073551272|73262&4&9.651594335479903|73264&4&758.2731268898156|73267&4&-9.325873406851315E-15|73275&4&640.4379519057885|73276&4&523.4455552549217|73279&4&996.901239999765|73280&4&1332.5798881587896|73300&4&104.96611640995707|73304&4&5.329070518200751E-15,2|73189&4&292.5270680772149|73194&4&569.9667827387577|73206&4&207.87726538929456|73219&4&1148.223403707835|73222&4&286.86507080162187|73223&4&655.138339699731|73224&4&124.60998984561827|73225&4&40.01438422189628|73226&4&390.09371558525396|73237&4&715.5996981504248|73247&4&187.12463240450614|73249&4&178.7858801680801|73258&4&568.5298870737317|73261&4&409.4516084055585|73262&4&1481.584844141709|73263&4&240.83317140864764|73268&4&1395.5939074175715|73274&4&85.85317727090307|73278&4&1474.0479693557754|73297&4&29.84104981428748,2|73198&4&432.310199153564|73203&4&350.65684379634666|73211&4&4.878015268768422|73212&4&700.3192289953045|73214&4&178.0443155918602|73217&4&1247.2006549420673|73223&4&4.589062822840029|73224&4&638.1491308313482|73238&4&71.14419965312213|73239&4&819.3433555878963|73243&4&1049.259391504977|73251&4&460.2945125797471|73263&4&370.18243424602673|73266&4&795.0754514567302|73270&4&1082.9884325882635|73286&4&1061.9597608809577|73287&4&190.91702873189232|73296&4&252.0589097424296,2|73190&4&187.67611231316278|73193&4&612.2281971097977|73199&4&917.6798193707713|73209&4&1642.6429802194948|73218&4&639.5699517786395|73228&4&1401.1851188337605|73230&4&224.31109121772158|73232&4&819.5795508455703|73235&4&699.5673984625387|73236&4&365.2963043319278|73237&4&350.2221207351383|73238&4&248.86083097248212|73241&4&4.3943018996708805|73256&4&7.076916356225212|73257&4&1503.8671752016699|73269&4&456.77347850222384|73281&4&194.4920083858544|73285&4&552.8014040726847|73300&4&91.04926693613358|73306&4&84.73153823209195
145|4,130,1,1,1,1,1,1,1,1,1,1,1,1,1,1,1,1,1,1,1,1,1,1,1,1,1,1,1,1,1,1,1,1,1,1,1,1,1,1,1,1,1,1,1,1,1,1,1,1,1,1,1,1,1,1,1,1,1,1,1,1,1,1,1,1,1,1,1,1,1,1,1,1,1,1,1,1,1,1,1,1,1,1,1,1,1,1,1,1,1,1,1,1,1,1,1,1,1,1,1,1,0,0,0,0,0,0,0,0,0,0,0,0,0,0,0,0,0,0,0,0,2|73190&4&552.0521741601472|73195&4&899.9552985138241|73200&4&759.6240607740027|73207&4&1317.2401829774446|73210&4&153.94763181039795|73215&4&325.2109239099893|73246&4&294.1001687466829|73249&4&717.2705303326217|73250&4&228.18219127519401|73251&4&156.6926278950749|73252&4&57.04210679845774|73253&4&472.10110615099853|73256&4&689.6088828762611|73263&4&315.1214098293228|73270&4&367.41197184491665|73295&4&25.33486747367842|73297&4&52.149679649647446|73299&4&48.326197946264514|73303&4&40.70229996520462,2|73192&4&139.3642478668451|73195&4&35.82861501878823|73201&4&1.865174681370263E-14|73213&4&768.6111710196211|73216&4&285.22208354565464|73221&4&1726.9387077488827|73226&4&-2.55351295663786E-15|73230&4&64.43501179615882|73231&4&656.6406946512942|73232&4&109.65897184433504|73236&4&34.39360468831537|73238&4&782.3435083408475|73240&4&1293.5492915258126|73241&4&639.1324770611691|73256&4&170.76061037310296|73257&4&20.044011054509102|73265&4&584.7139114537572|73277&4&5.2574770758178655|73288&4&56.053814035743144|73295&4&15.552723003975043|73296&4&30.35772657808142|73307&4&8.73176917352836|73308&4&191.40111032248268,2|73190&4&173.3387744014375|73191&4&523.2179341756869|73201&4&132.17095633555437|73202&4&131.06735050734366|73215&4&914.0417148405515|73220&4&272.27699451810327|73229&4&1063.966341155963|73230&4&92.29796071352206|73247&4&221.19479685693275|73253&4&162.64910583972465|73260&4&363.6481394399903|73265&4&112.65734521628025|73266&4&242.51248699644748|73267&4&15.802729733131866|73271&4&608.4414358182481|73281&4&11.534195590074598|73283&4&642.4123447766071|73286&4&261.9450739113016|73288&4&211.69304012816968|73302&4&163.79940307833704|73306&4&126.95487954188422|73307&4&36.072914032745,2|73192&4&448.68991059367886|73195&4&142.38948708208136|73199&4&38.262752948144325|73201&4&1052.8078148894174|73202&4&372.5414888284955|73204&4&1672.098112087318|73210&4&164.80181052090472|73211&4&15.530701816629433|73216&4&576.2470269696105|73217&4&97.89545168117328|73236&4&1046.1331232203813|73237&4&11.361081010085204|73242&4&4.527161639621845|73245&4&1119.4139631420476|73249&4&493.76530293561314|73252&4&122.81211473061936|73253&4&899.1879742964603|73254&4&672.4933359730644|73273&4&195.6865735130183|73284&4&3.6888944407358455|73288&4&757.3530973862619|73300&4&215.8663740437832|73301&4&9.034741760197189|73303&4&92.17786214472304|73306&4&39.771735129418296,2|73193&4&52.385674439873|73197&4&399.1681822957658|73203&4&92.80205757618742|73206&4&671.2281473647583|73210&4&397.9516101201217|73211&4&1040.2804312000717|73217&4&42.848015027676716|73218&4&742.507358928858|73220&4&45.974288378097164|73222&4&593.8862118557422|73225&4&357.598854731661|73230&4&292.944164159819|73233&4&804.0093778387967|73242&4&1169.566738613542|73248&4&1018.0205322331749|73250&4&381.9424622152916|73252&4&913.7587391361984|73260&4&587.9182045457834|73261&4&774.1085565852547|73272&4&772.6087991823924|73275&4&978.1915944658587|73282&4&1750.542472153868|73295&4&319.4112395253935|73296&4&103.28483234241708|73297&4&51.74934568612962|73302&4&80.29701664107844,2|73189&4&276.28640195753036|73196&4&1030.2590769534092|73197&4&89.1917425236847|73208&4&1157.595160546692|73209&4&79.91404029753618|73217&4&19.12424603675064|73222&4&117.53266128612302|73242&4&357.75774199955174|73244&4&1078.5800419729383|73251&4&185.2783402976604|73254&4&410.4237707382064|73259&4&377.4031229528144|73263&4&523.1845825734079|73267&4&769.0263376673564|73270&4&257.7181370836953|73274&4&527.6680105569335|73276&4&589.5454443628738|73277&4&381.1404420208813|73278&4&19.619130534830873|73300&4&27.085166065820413|73301&4&44.01953122877074|73302&4&215.75856958259442,2|73190&4&2.3676611176352074|73205&4&558.5024477014858|73208&4&792.2938229437975|73214&4&292.5544430893009|73227&4&330.2618166666295|73245&4&164.51288090880328|73246&4&69.83610319620107|73248&4&408.24848744406285|73255&4&1042.2810604995668|73259&4&13.53416611413568|73262&4&3.3468931154007895|73264&4&802.3625838147108|73267&4&26.445877372914936|73275&4&555.8088245991762|73276&4&458.7791135199936|73279&4&930.6494253728051|73280&4&1385.1985860075274|73300&4&95.96419352823247,2|73189&4&255.69325338215788|73194&4&554.706737488528|73206&4&166.8368116456556|73219&4&1070.0191400494762|73222&4&237.09549276858806|73223&4&632.6393479610194|73224&4&102.969831611948|73225&4&25.56752935835048|73226&4&353.05627964519005|73237&4&668.9957006846591|73247&4&177.08558934272054|73249&4&121.24588606875511|73258&4&510.8183052650708|73261&4&362.91034907786116|73262&4&1426.8432363038205|73263&4&184.7821890535731|73268&4&1332.5681806619866|73274&4&64.69560992252286|73278&4&1459.875376837356|73297&4&24.160931416290765,2|73198&4&399.66738002653426|73203&4&325.17818632436297|73211&4&0.0|73212&4&700.0145100571619|73214&4&151.04513904237731|73217&4&1244.632252629733|73223&4&0.80438864772037|73224&4&752.6736027337898|73238&4&53.97523196215445|73239&4&733.7174948490807|73243&4&1034.9964719232003|73251&4&431.9904460044141|73263&4&681.8046112993791|73266&4&705.2216490071305|73270&4&1132.2821641291484|73286&4&949.1867489162565|73287&4&213.7986111725354|73296&4&236.1999785067741,2|73190&4&150.02020276045153|73193&4&579.3937023241226|73199&4&994.0322124825839|73209&4&1601.2767005308947|73218&4&576.0052756126537|73228&4&1552.3715680559121|73230&4&196.32634345365184|73232&4&783.901089906903|73235&4&709.3391100701012|73236&4&323.4591789960605|73237&4&309.936452229217|73238&4&220.9124936747678|73241&4&-1.2434497875801753E-14|73256&4&-2.6645352591003757E-14|73257&4&1613.1259178143137|73269&4&455.4224832348833|73281&4&181.0479413411114|73285&4&488.8430532564704|73300&4&74.87260254629801|73306&4&69.7894920068482
146|4,130,1,1,1,1,1,1,1,1,1,1,1,1,1,1,1,1,1,1,1,1,1,1,1,1,1,1,1,1,1,1,1,1,1,1,1,1,1,1,1,1,1,1,1,1,1,1,1,1,1,1,1,1,1,1,1,1,1,1,1,1,1,1,1,1,1,1,1,1,1,1,1,1,1,1,1,1,1,1,1,1,1,1,1,1,1,1,1,1,1,1,1,1,1,1,1,1,1,1,1,1,0,0,0,0,0,0,0,0,0,0,0,0,0,0,0,0,0,0,0,0,2|73190&4&509.1631464246241|73195&4&826.1629485367789|73200&4&689.9140652494584|73207&4&1544.5688193696064|73210&4&137.39311545183068|73215&4&467.7258763723276|73246&4&259.97421868661894|73249&4&657.1041264210983|73250&4&202.50859842684383|73251&4&137.75557901892807|73252&4&50.70409493196244|73253&4&432.15725998285455|73256&4&765.9331473459316|73263&4&282.14075897474527|73270&4&308.52774839875497|73295&4&21.115047409655602|73297&4&47.25409194956945|73299&4&49.42783662103379|73303&4&36.99428614804138,2|73192&4&183.9381253731638|73195&4&21.965549649109263|73213&4&1015.3828136829829|73216&4&248.90441077718793|73221&4&1870.0205583655072|73230&4&60.73509408192317|73231&4&872.7390131204997|73232&4&76.81142988623516|73233&4&14.407884622457686|73236&4&20.198072613445255|73238&4&730.4164571395007|73240&4&1242.6392287318022|73241&4&585.0313777843214|73256&4&136.190008408338|73257&4&1.1368683772161603E-13|73265&4&545.3017061639135|73276&4&21.86079006522891|73277&4&2.628738537908941|73288&4&50.95801275976649|73295&4&8.64326317215334|73296&4&17.61094001181947|73307&4&8.108071375419192|73308&4&170.04263001853394,2|73190&4&164.21568101188814|73191&4&514.8040949919184|73201&4&125.56240851877665|73202&4&106.48214358198615|73215&4&827.8628245635148|73220&4&309.54011638275813|73229&4&952.8478368253911|73230&4&63.77078623858077|73247&4&192.6979259729069|73253&4&120.32247779383472|73260&4&344.16776861895835|73265&4&107.02447795546624|73266&4&283.0000047695538|73267&4&7.901364866565914|73271&4&569.5421737943517|73281&4&10.927914972768534|73283&4&661.7660954276373|73286&4&487.0856193024551|73288&4&179.1125938526913|73295&4&161.0656165040737|73302&4&203.1404544235132|73306&4&119.59341416681973|73307&4&33.87777010072045,2|73192&4&387.02988274969016|73195&4&215.53753715532326|73199&4&24.770566521391483|73201&4&961.9871380083571|73202&4&457.9042954939183|73204&4&1523.867083721346|73210&4&183.04502917715615|73211&4&7.765350908314705|73216&4&542.0371232321153|73217&4&87.01817927215404|73236&4&1045.246551967244|73237&4&5.803667793963664|73242&4&2.263580819810902|73245&4&1102.8034396431785|73249&4&681.5763906167717|73252&4&92.94704408572963|73253&4&1027.054833700567|73254&4&632.5567614748387|73273&4&300.7645185347631|73284&4&3.483955860694965|73288&4&737.3274346022287|73300&4&203.13306529126612|73301&4&8.503286362538532|73303&4&86.83374630103705|73306&4&36.59241933477942,2|73193&4&35.521480963646994|73197&4&506.75285224419395|73203&4&77.81523142058283|73206&4&699.270041469861|73210&4&372.22544029913297|73211&4&952.7969806132645|73217&4&38.563213524909045|73218&4&731.9529171191766|73220&4&30.690115566248735|73222&4&621.7872354354454|73225&4&575.5747822157992|73230&4&272.3685692982262|73233&4&725.8370992239367|73242&4&1155.9818469148145|73248&4&956.2320449655278|73250&4&358.9626339725955|73252&4&911.5202063080054|73260&4&527.6024105488488|73261&4&725.2621630513402|73272&4&857.4434103830711|73275&4&934.7715581028465|73282&4&1723.0918726822129|73295&4&296.24806743236746|73296&4&90.00581216478216|73297&4&48.61521516461197|73302&4&67.6900090058004,2|73189&4&361.90348511165746|73196&4&1196.3624808308134|73197&4&61.79659473835804|73208&4&1256.7019956156864|73209&4&39.42829700819409|73217&4&16.733715282156812|73222&4&106.84787389647548|73242&4&300.50605871614493|73244&4&977.2466523063742|73251&4&148.99984170435016|73254&4&355.4601190702064|73259&4&588.5475518601781|73263&4&486.85843405367837|73267&4&711.9582991866629|73270&4&236.5561560757602|73274&4&717.305261595832|73276&4&549.5691188719634|73277&4&340.46912443489714|73278&4&3.552713678800501E-14|73300&4&25.001691753064996|73301&4&40.537762097117394|73302&4&201.42637513364602,2|73190&4&1.0658141036401503E-14|73205&4&524.0620003155965|73208&4&670.4674835754994|73214&4&270.6216537510285|73227&4&299.43352182402896|73245&4&126.50192267275182|73246&4&256.79663462635324|73247&4&71.08597228236329|73248&4&352.1451939962771|73255&4&1071.3309966717168|73259&4&1.565036344887834|73262&4&2.042810365310288E-14|73264&4&854.6092353315278|73267&4&25.123583504269188|73275&4&477.50663318361177|73276&4&394.1126717850655|73279&4&864.397610745845|73280&4&1505.3813693093382|73300&4&86.96227064650787,2|73189&4&218.85943868710083|73194&4&517.2012270612914|73206&4&126.89215617144811|73219&4&991.8148763911173|73222&4&189.98620588193143|73223&4&600.9166343169134|73224&4&81.3296733782777|73225&4&12.113838513555306|73226&4&316.0188437051262|73237&4&688.5056759387378|73247&4&167.04654628093493|73249&4&78.44266127312999|73258&4&571.981449178809|73261&4&316.36908975016377|73262&4&1500.5372147561611|73263&4&141.3263131503466|73268&4&1414.7776104400482|73274&4&47.855037804732625|73278&4&1541.685686463957|73297&4&18.480813018294047,2|73198&4&367.02456089950465|73203&4&299.6995288523793|73212&4&811.042364221333|73214&4&124.04596249289445|73217&4&1204.5744618877463|73223&4&-5.10702591327572E-15|73224&4&888.6250046882118|73238&4&37.57636645879707|73239&4&764.2566591483439|73243&4&1020.7849073397673|73251&4&403.686379429081|73263&4&851.9586949145469|73266&4&620.5893992651738|73270&4&1350.5400211484252|73286&4&837.5410859442159|73287&4&295.1700807363661|73296&4&220.34104727111855,2|73190&4&112.36429320774025|73193&4&548.3077977169443|73199&4&986.260877045404|73209&4&1685.518884323328|73218&4&518.6802250370158|73228&4&1455.5849665761689|73230&4&168.34159568958208|73232&4&730.802282326462|73235&4&649.4108475393324|73236&4&281.62205366019316|73237&4&269.65078372329583|73238&4&192.9641563770535|73257&4&2112.793944516604|73269&4&420.3782125029912|73281&4&167.6038742963684|73285&4&731.1653474434216|73300&4&58.69593815646244|73306&4&56.92814888256737
147|4,130,1,1,1,1,1,1,1,1,1,1,1,1,1,1,1,1,1,1,1,1,1,1,1,1,1,1,1,1,1,1,1,1,1,1,1,1,1,1,1,1,1,1,1,1,1,1,1,1,1,1,1,1,1,1,1,1,1,1,1,1,1,1,1,1,1,1,1,1,1,1,1,1,1,1,1,1,1,1,1,1,1,1,1,1,1,1,1,1,1,1,1,1,1,1,1,1,1,1,1,1,0,0,0,0,0,0,0,0,0,0,0,0,0,0,0,0,0,0,0,0,2|73190&4&466.2741186891009|73195&4&752.3705985597338|73200&4&630.4558673763281|73207&4&1452.6572138082643|73210&4&120.8385990932634|73215&4&453.0881076604493|73246&4&232.64098470017933|73249&4&596.937722509575|73250&4&176.83500557849368|73251&4&118.81853014278123|73252&4&44.36608306546714|73253&4&392.2134138147106|73256&4&819.8364962932988|73263&4&249.1601081201677|73270&4&262.07902824985257|73295&4&16.895227345632787|73297&4&42.35850424949145|73299&4&64.73055827526869|73303&4&33.28627233087815,2|73192&4&244.4730938180792|73195&4&10.342099578919772|73213&4&1053.05610488297|73216&4&212.58673800872117|73221&4&1828.2014067257487|73230&4&57.03517636768753|73231&4&1013.9779973099039|73232&4&51.74657964236361|73233&4&13.687490391334801|73236&4&11.375517622796103|73238&4&678.4894059381538|73240&4&1177.1279080138606|73241&4&538.1654730331638|73256&4&101.61940644357307|73265&4&505.8895008740699|73276&4&140.17131391876606|73277&4&1.687538997430238E-14|73288&4&45.862211483789835|73295&4&4.3168815643869864|73296&4&7.050266173174913|73307&4&7.4843735773100235|73308&4&149.92615464455758,2|73190&4&158.5930358814196|73191&4&485.30931426697794|73201&4&118.95386070199893|73202&4&89.44780676786789|73215&4&741.6839342864779|73220&4&416.9323571465972|73229&4&841.7293324948197|73230&4&36.899712786284084|73247&4&165.89435421753902|73253&4&82.25299900250313|73260&4&382.7638964947499|73265&4&101.39161069465223|73266&4&494.6955566369559|73267&4&-3.730349362740526E-14|73271&4&633.2387263433623|73281&4&28.420119952065853|73283&4&750.6269845557963|73286&4&746.4954236086268|73288&4&146.53214757721287|73295&4&200.66918340851007|73302&4&240.22407619000998|73306&4&112.23194879175522|73307&4&31.6826261686959,2|73192&4&330.1313706677362|73195&4&266.87261666916174|73199&4&11.72331987007245|73201&4&871.1664611272968|73202&4&434.13911848219|73204&4&1406.2096873951084|73210&4&173.28622211723044|73211&4&-2.3092638912203256E-14|73216&4&588.4426567821558|73217&4&76.1409068631348|73236&4&1051.9750672814691|73237&4&2.252370962979478|73242&4&-7.105427357601002E-15|73245&4&1035.7295721107625|73249&4&719.6051479258363|73252&4&68.67435662240389|73253&4&1233.4420541265301|73254&4&603.6599600112077|73273&4&294.98488539240054|73284&4&3.2790172806540845|73288&4&762.486562609684|73300&4&190.39975653874905|73301&4&7.9718309648798735|73303&4&81.4896304573511|73306&4&33.41310354014054,2|73193&4&18.657287487420977|73197&4&671.6196984921239|73203&4&62.82840526497823|73206&4&653.6270073171011|73210&4&346.4992704781442|73211&4&868.2650736192394|73217&4&34.278412022141374|73218&4&747.3069442400501|73220&4&21.718719168486246|73222&4&744.3644805170616|73225&4&557.2388731077695|73230&4&251.7929744366333|73233&4&652.6686829390444|73242&4&1225.1899527326118|73248&4&1108.5098978200595|73250&4&335.9828057298995|73252&4&848.2355652805401|73260&4&467.2866165519141|73261&4&680.3361063690661|73272&4&946.1798767284107|73275&4&1000.193133711342|73282&4&1650.8784526010481|73295&4&273.08489533934136|73296&4&76.72679198714724|73297&4&45.48108464309431|73302&4&55.083001370522375,2|73189&4&358.52553231082027|73196&4&1222.2700394717656|73197&4&45.41510988358628|73208&4&1226.8522267272656|73209&4&16.35623836584051|73217&4&14.343184527562983|73222&4&96.16308650682794|73242&4&243.2543754327382|73244&4&911.8368881571996|73251&4&115.31486020819281|73254&4&305.5109189279427|73259&4&548.7184614366741|73263&4&450.532285533949|73267&4&654.8902607059696|73270&4&215.39417506782513|73274&4&682.2722339928898|73276&4&509.59279338105284|73277&4&299.79780684891284|73300&4&22.91821744030958|73301&4&37.05599296546406|73302&4&187.09418068469756,2|73205&4&489.62155292970704|73208&4&560.9716422058657|73214&4&260.6824931967053|73227&4&268.60522698142853|73232&4&5.041107871401266|73245&4&91.0050807530036|73246&4&321.90740406345833|73247&4&93.04931409048744|73248&4&296.04190054849136|73255&4&1061.0507600102958|73259&4&1.021405182655144E-14|73264&4&820.6209158082769|73267&4&93.49352442637422|73275&4&405.834555651679|73276&4&333.18016849909236|73279&4&812.7194148977987|73280&4&1635.2780478767104|73300&4&77.96034776478328,2|73189&4&182.02562399204382|73194&4&479.69571663405463|73206&4&93.15005125230435|73219&4&913.6106127327585|73222&4&145.89251209573155|73223&4&663.2759577807398|73224&4&63.266607864669325|73225&4&6.447099376258672|73226&4&278.9814077650623|73237&4&717.0864440977866|73247&4&157.00750321914933|73249&4&49.16449205638635|73252&4&76.92074230353467|73258&4&700.1382860215649|73261&4&269.8278304224663|73262&4&1641.8315122564345|73263&4&105.54962767215699|73268&4&1524.2108290561462|73274&4&38.66639831560315|73278&4&1574.12400309979|73297&4&13.475308738163012,2|73198&4&334.3817417724749|73203&4&274.22087138039564|73212&4&928.745178438671|73214&4&97.04678594341156|73217&4&1306.0727534571545|73224&4&952.801015621104|73238&4&21.53799937887257|73239&4&745.9495947811617|73243&4&965.3923596545868|73251&4&375.38231285374803|73263&4&917.3489096258887|73266&4&536.1173005785671|73270&4&1272.5775002620012|73286&4&738.7725119623358|73287&4&323.30977712895924|73296&4&204.4821160354631,2|73190&4&74.708383655029|73193&4&692.5957343298269|73199&4&1005.6986363322711|73209&4&1780.5722478189869|73218&4&461.35517446137806|73228&4&1421.652551174965|73230&4&140.3568479255123|73232&4&677.7034747460209|73235&4&589.4825850085635|73236&4&239.7849283243259|73237&4&229.36511521737458|73238&4&165.0158190793392|73257&4&2212.086227962449|73269&4&397.3337324444108|73281&4&154.1598072516254|73285&4&796.6036540322402|73300&4&42.51927376662687|73306&4&47.71816189642115
148|4,130,1,1,1,1,1,1,1,1,1,1,1,1,1,1,1,1,1,1,1,1,1,1,1,1,1,1,1,1,1,1,1,1,1,1,1,1,1,1,1,1,1,1,1,1,1,1,1,1,1,1,1,1,1,1,1,1,1,1,1,1,1,1,1,1,1,1,1,1,1,1,1,1,1,1,1,1,1,1,1,1,1,1,1,1,1,1,1,1,1,1,1,1,1,1,1,1,1,1,1,1,0,0,0,0,0,0,0,0,0,0,0,0,0,0,0,0,0,0,0,0,2|73190&4&423.3850909535778|73195&4&678.5782485826887|73200&4&745.3290929763323|73207&4&1314.6070547218922|73210&4&104.28408273469611|73215&4&427.6328953703472|73246&4&207.396412036054|73249&4&536.7713185980516|73250&4&151.1614127301435|73251&4&99.88148126663438|73252&4&38.02807119897184|73253&4&352.26956764656666|73256&4&758.0862335365658|73263&4&216.17945726559014|73270&4&215.63030810095012|73295&4&12.675407281609969|73297&4&37.46291654941345|73299&4&59.77684839665759|73303&4&29.57825851371492,2|73192&4&406.8832595142994|73195&4&9.947598300641403E-14|73213&4&1254.1751960858373|73216&4&178.20679223135096|73221&4&1734.52925758869|73230&4&458.5289318351977|73231&4&1007.1126363388936|73232&4&29.540546913188226|73233&4&12.967096160211916|73236&4&5.6877588113980435|73238&4&917.7382311360459|73240&4&1278.321209072018|73241&4&588.2740773638787|73256&4&67.09340940486979|73265&4&466.4772955842261|73276&4&222.08993007625773|73288&4&40.76641020781318|73295&4&1.4400058645545937|73296&4&2.058444188711089|73307&4&6.8606757792008555|73308&4&131.79352008473265,2|73190&4&318.0446827466873|73191&4&441.28390673493874|73201&4&262.7201931038652|73202&4&72.41346995374963|73215&4&661.071233940738|73220&4&539.9728091687084|73222&4&152.18416701826652|73229&4&765.4694579200486|73230&4&12.925987453747378|73247&4&139.0907824621711|73253&4&53.30350947530006|73260&4&653.2838677203532|73265&4&95.75874343383822|73266&4&670.0079657830408|73271&4&735.7536664988495|73281&4&63.46423711260654|73283&4&808.6814683534712|73286&4&848.6263449202294|73288&4&114.08402274215752|73295&4&241.52124043477306|73302&4&227.2750478113701|73306&4&104.87048341669069|73307&4&29.487482236671354,2|73192&4&273.82135350404843|73195&4&498.943895125249|73199&4&4.7637407622003645|73201&4&780.3457842462362|73202&4&404.25823451548723|73204&4&1261.802030592397|73210&4&163.52741505730472|73216&4&710.9246833458305|73217&4&65.26363445411556|73234&4&21.199858807737904|73236&4&1001.8406233577001|73237&4&0.0|73245&4&1229.5304050885288|73249&4&792.2931975997625|73252&4&45.078359039006|73253&4&1289.6218701233418|73254&4&758.7679738626962|73273&4&322.8615919985757|73284&4&3.074078700613204|73288&4&723.0253153182505|73300&4&177.666447786232|73301&4&7.440375567221215|73303&4&76.14551461366511|73306&4&30.23378774550166,2|73193&4&2.5093879273582935|73197&4&682.0313397619695|73203&4&47.84157910937364|73206&4&727.1570690575763|73210&4&320.7731006571554|73211&4&837.5648561336247|73217&4&29.993610519373703|73218&4&702.2066270916426|73220&4&15.735104862874376|73222&4&700.4361941978433|73225&4&533.6463369466783|73230&4&231.21737957504047|73233&4&579.500266654152|73242&4&1250.939255092916|73248&4&1260.1508526926987|73250&4&313.0029774872035|73252&4&784.9509242530747|73260&4&406.97082255497946|73261&4&710.5632057817722|73272&4&883.0591043762356|73275&4&1145.3323679292669|73282&4&1585.9330320120735|73295&4&249.9217232463153|73296&4&63.447771809512304|73297&4&42.34695412157666|73302&4&46.832801223853046,2|73189&4&334.16923837631504|73196&4&1207.5089663123151|73197&4&34.5318999207025|73208&4&1205.2717145901483|73209&4&3.517072125248177|73217&4&11.952653772969153|73222&4&85.4782991171804|73242&4&186.00269214933144|73244&4&930.7632499693857|73251&4&81.62987871203543|73254&4&255.56171878567903|73259&4&708.8243880811102|73263&4&414.2061370142195|73267&4&597.8222222252759|73270&4&194.23219405989008|73274&4&637.6315393451164|73276&4&469.6164678901424|73277&4&259.12648926292866|73300&4&20.834743127554162|73301&4&33.57422383381072|73302&4&172.7619862357492,2|73205&4&455.1811055438177|73207&4&216.15876543999786|73208&4&462.63731911733396|73214&4&276.98680675464124|73218&4&41.05929452704345|73227&4&237.77693213882802|73232&4&61.154681988200025|73245&4&55.50823883325537|73246&4&304.9867225028295|73247&4&125.40956320442817|73248&4&246.29472025778682|73255&4&1264.4372252564797|73264&4&773.7321316233028|73267&4&189.7408337767535|73275&4&335.4722107440437|73276&4&276.00437249448294|73279&4&745.7389193318932|73280&4&1679.4096992441046|73300&4&68.95842488305868,2|73189&4&145.19180929698683|73194&4&452.06788048643233|73206&4&66.11423090030475|73219&4&835.4063490743999|73222&4&113.99433248757211|73223&4&697.65404901807|73224&4&46.75681165147006|73225&4&2.8678849082671958|73226&4&241.9439718249984|73237&4&663.2522247829882|73247&4&146.96846015736372|73249&4&23.09984850541982|73252&4&73.07470518835794|73258&4&740.4856473127385|73261&4&228.31814209362898|73262&4&1512.9562746105391|73263&4&79.6963651158803|73268&4&1396.2277277095254|73274&4&31.267715418463794|73278&4&1645.4828367159325|73285&4&91.19138980547984|73294&4&104.83004969926748|73297&4&8.469804458031978,2|73198&4&434.41949825971926|73203&4&248.74221390841197|73212&4&909.5529697815268|73214&4&70.04760939392871|73217&4&1352.8826706939813|73224&4&960.9859254369705|73238&4&5.499632298948065|73239&4&943.175910474037|73243&4&941.447735596415|73251&4&347.078246278415|73263&4&866.0285472015121|73266&4&453.6880994499376|73270&4&1392.1040889854985|73286&4&646.7237494818728|73287&4&321.8978940901152|73296&4&217.24494623368486|73300&4&131.276581280458,2|73190&4&42.6962434993311|73193&4&733.2289179197082|73199&4&911.2081216453923|73209&4&1974.682040710952|73218&4&404.0301238857402|73228&4&1370.4803956952048|73230&4&112.37210016144255|73232&4&624.6046671655798|73235&4&529.5543224777946|73236&4&197.94780298845865|73237&4&189.07944671145333|73238&4&137.06748178162488|73257&4&2187.9702760488226|73269&4&361.68947217885295|73281&4&140.7157402068824|73285&4&726.2734178289118|73300&4&32.85859382729461|73306&4&39.69713552548043
149|4,130,1,1,1,1,1,1,1,1,1,1,1,1,1,1,1,1,1,1,1,1,1,1,1,1,1,1,1,1,1,1,1,1,1,1,1,1,1,1,1,1,1,1,1,1,1,1,1,1,1,1,1,1,1,1,1,1,1,1,1,1,1,1,1,1,1,1,1,1,1,1,1,1,1,1,1,1,1,1,1,1,1,1,1,1,1,1,1,1,1,1,1,1,1,1,1,1,1,1,1,1,0,0,0,0,0,0,0,0,0,0,0,0,0,0,0,0,0,0,0,0,2|73190&4&380.4960632180546|73195&4&604.7858986056435|73200&4&846.2195231750923|73204&4&318.86678360773294|73207&4&1187.1492814164947|73210&4&87.72956637612884|73215&4&436.3773743199034|73246&4&183.42930548671907|73249&4&476.6049146865282|73250&4&125.48781988179331|73251&4&0.0|73252&4&31.690059332476537|73253&4&312.3257214784227|73256&4&828.9882204185258|73263&4&183.19880641101258|73270&4&169.18158795204766|73295&4&8.455587217587153|73297&4&32.56732884933545|73299&4&64.18314623648273|73303&4&25.870244696551687,2|73192&4&637.47462796155|73213&4&1208.4504881610378|73216&4&145.51995941943633|73221&4&1572.3088803147552|73230&4&467.11712567744115|73231&4&1103.159155829955|73232&4&11.427636696654835|73233&4&12.246701929089031|73236&4&-3.730349362740526E-14|73238&4&1171.933806625956|73240&4&1238.9991631432003|73241&4&601.2061968901119|73256&4&34.013925072545405|73265&4&427.0650902943824|73276&4&272.7952659607606|73288&4&35.670608931836526|73295&4&-1.1102230246251565E-14|73296&4&-3.552713678800501E-15|73307&4&6.236977981091687|73308&4&115.81755163312033,2|73190&4&453.9920613013999|73191&4&397.2584992028996|73201&4&272.2374589534773|73202&4&55.379133139631364|73215&4&580.4585335949981|73220&4&507.506147255631|73222&4&248.56018128173469|73229&4&787.0594837887886|73230&4&-1.4210854715202004E-13|73247&4&113.72656176992268|73253&4&31.427970018145423|73260&4&752.6954138381597|73265&4&90.12587617302421|73266&4&756.1168114714351|73271&4&827.9629940124333|73281&4&67.4143810819077|73283&4&747.9989165207218|73286&4&996.1526027570767|73288&4&81.63589790710215|73295&4&284.6714743024728|73302&4&328.4130946478749|73306&4&97.50901804162618|73307&4&27.292338304646805,2|73192&4&228.1796544675152|73195&4&513.4889586381458|73199&4&3.375077994860476E-14|73201&4&689.7499801026512|73202&4&370.9423092765185|73204&4&1120.3240646850238|73210&4&153.76860799737904|73216&4&737.4481556161927|73217&4&54.38636204509631|73234&4&20.13986586735101|73236&4&1105.0525357113631|73245&4&1285.7765457288579|73249&4&839.0377635006857|73252&4&23.254976779996163|73253&4&1307.3037110514297|73254&4&708.4995818626686|73273&4&505.6384810412987|73284&4&2.8691401205723235|73288&4&901.3125566483386|73300&4&164.93313903371487|73301&4&6.908920169562557|73303&4&70.80139876997914|73306&4&27.054471950862784,2|73193&4&0.0|73197&4&740.3125495895997|73203&4&32.85475295376904|73206&4&767.6751475875868|73210&4&295.04693083616667|73211&4&845.3323046453443|73217&4&25.708809016606033|73218&4&657.1063099432354|73220&4&14.235991994271789|73222&4&656.507907878625|73225&4&585.0060141437187|73230&4&210.64178471344758|73233&4&506.33185036925966|73242&4&1498.6871577318911|73248&4&1394.5253168461622|73250&4&290.0231492445074|73252&4&721.6662832256095|73260&4&358.9048821567368|73261&4&657.5573199158155|73272&4&820.4062768412637|73275&4&1169.1966092002867|73282&4&1441.2922604014054|73295&4&226.7585511532892|73296&4&50.168751631877385|73297&4&39.212823600059004|73302&4&38.58260107718375,2|73189&4&309.8129444418098|73196&4&1164.211779254972|73197&4&24.67698460104102|73208&4&1350.023793768943|73209&4&0.0|73217&4&9.562123018375324|73222&4&74.79351172753286|73242&4&133.2303536237563|73244&4&1155.852964801344|73251&4&0.0|73254&4&208.59814849393538|73259&4&661.6520558835837|73263&4&377.87998849449014|73267&4&540.7541837445824|73270&4&173.07021305195502|73274&4&592.9908446973428|73276&4&429.640142399232|73277&4&243.50342906416645|73300&4&18.751268814798745|73301&4&30.092454702157383|73302&4&158.4297917868008,2|73198&4&13.577944680566475|73205&4&420.74065815792824|73207&4&288.5918197599359|73208&4&365.68892849398395|73214&4&329.9028892902291|73218&4&103.02059346254072|73227&4&206.94863729622753|73232&4&345.9837196218478|73245&4&28.653199428000477|73246&4&288.06604094220063|73247&4&121.22313390117822|73248&4&205.33367817645808|73252&4&164.34519194121287|73255&4&1312.02576331205|73264&4&712.1300414061973|73267&4&199.44085060883555|73275&4&269.0604621363693|73276&4&220.3503772583825|73279&4&678.7584237659875|73280&4&1549.3896399348146|73300&4&59.956502001334094|73306&4&8.555818116290993,2|73189&4&108.3579946019298|73194&4&414.06848634521486|73206&4&42.69664642493667|73219&4&757.2020854160411|73222&4&87.76836171961496|73223&4&811.1016868706607|73224&4&36.43155617165229|73225&4&1.687538997430238E-14|73226&4&332.4722574215283|73237&4&609.4180054681897|73247&4&136.92941709557815|73249&4&7.255780103244233|73252&4&69.22866807318121|73258&4&815.045018041106|73261&4&190.70867098204442|73262&4&1463.226029053|73263&4&53.8431025596036|73268&4&1268.2446263629051|73274&4&23.86903252132442|73278&4&1668.3188763671656|73282&4&137.36428039149342|73285&4&159.65593416447484|73294&4&141.13620989115853|73297&4&5.292639247128406,2|73198&4&402.14463362167334|73203&4&223.26355643642827|73212&4&895.9193974701384|73214&4&47.194021064860074|73217&4&1381.951470589352|73224&4&884.2094118956877|73238&4&-3.730349362740526E-14|73239&4&1043.9489854522483|73243&4&850.8427326560429|73251&4&0.0|73263&4&814.7081847771352|73266&4&379.99511935088464|73270&4&1416.1195382759565|73286&4&564.3121113936608|73287&4&330.88125354470696|73296&4&250.70408083780262|73300&4&177.30258248428055,2|73190&4&20.011771800894206|73193&4&801.9188794729926|73199&4&816.7176069585134|73209&4&1813.4115036551866|73218&4&346.70507331010236|73228&4&1391.5627692237283|73230&4&84.38735239737278|73232&4&571.5058595851386|73235&4&469.6260599470256|73236&4&156.11067765259133|73237&4&148.79377820553208|73238&4&109.11914448391059|73257&4&2238.714261529973|73269&4&326.0452119132952|73281&4&131.3346908597569|73285&4&658.5512112972065|73300&4&23.19791388796239|73306&4&32.77108001084805
150|4,130,1,1,1,1,1,1,1,1,1,1,1,1,1,1,1,1,1,1,1,1,1,1,1,1,1,1,1,1,1,1,1,1,1,1,1,1,1,1,1,1,1,1,1,1,1,1,1,1,1,1,1,1,1,1,1,1,1,1,1,1,1,1,1,1,1,1,1,1,1,1,1,1,1,1,1,1,1,1,1,1,1,1,1,1,1,1,1,1,1,1,1,1,1,1,1,1,1,1,1,1,0,0,0,0,0,0,0,0,0,0,0,0,0,0,0,0,0,0,0,0,2|73190&4&337.6070354825314|73195&4&531.8616744488893|73200&4&915.4584787549109|73204&4&556.3516972669204|73207&4&1067.431080884999|73210&4&71.17505001756157|73215&4&454.8940894168374|73220&4&9.449546441567492|73246&4&159.46219893738413|73249&4&416.4385107750049|73250&4&99.81422703344313|73251&4&332.75628727162234|73252&4&25.352047465981236|73253&4&272.3818753102788|73256&4&1177.5185750837322|73263&4&150.21815555643508|73270&4&122.73286780314521|73295&4&4.235767153564336|73297&4&27.671741149257453|73299&4&78.24830355721758|73303&4&22.16223087938846,2|73192&4&719.8509203021138|73213&4&1192.5392756655624|73216&4&114.04018152095225|73221&4&1469.952416800662|73230&4&529.6773364960803|73231&4&1058.7746711139412|73232&4&-3.907985046680551E-14|73233&4&11.526307697966146|73238&4&1089.4138905790862|73240&4&1114.7363077893249|73241&4&544.7225129542442|73256&4&8.984347094507397|73265&4&387.65288500453863|73275&4&82.13101136468447|73276&4&348.4969769303231|73288&4&30.574807655859875|73300&4&44.555854026163196|73307&4&5.613280182982519|73308&4&101.24222017650831,2|73190&4&543.4730632277264|73191&4&416.8105031720991|73201&4&342.6693224894581|73202&4&38.3447963255131|73215&4&499.8458332492582|73220&4&475.0394853425535|73222&4&244.59714782987214|73229&4&0.0|73247&4&88.36234107767426|73253&4&14.63737238344822|73260&4&708.8439622220751|73265&4&84.4930089122102|73266&4&744.8476849143293|73268&4&188.2399559082162|73271&4&930.835165839227|73281&4&63.71095433342156|73283&4&744.753121793578|73286&4&1192.624025203656|73288&4&52.15627411964695|73295&4&330.6666383176851|73302&4&367.7352378310276|73306&4&90.14755266656168|73307&4&25.097194372622255,2|73192&4&192.77144795920123|73195&4&484.7608238038384|73201&4&599.5438375983085|73202&4&337.6263840375499|73204&4&987.8472267488073|73210&4&144.00980093745332|73216&4&687.5313307570176|73217&4&43.509089636077064|73234&4&87.96607218932691|73236&4&1250.3624579086838|73245&4&1412.9293496593768|73249&4&1115.7265801623337|73252&4&8.62322660696796|73253&4&1220.2987030222373|73254&4&812.3601358760827|73273&4&611.6346536695369|73284&4&3.8006105349454833|73288&4&920.9090309317102|73300&4&152.19983028119782|73301&4&6.377464771903899|73303&4&65.45728292629317|73306&4&23.87515615622391,2|73197&4&690.8660592205432|73203&4&17.867926798164444|73206&4&1016.8053329835392|73210&4&269.32076101517794|73211&4&966.3706075368036|73217&4&21.42400751383836|73218&4&612.005992794828|73220&4&12.736879125669201|73222&4&612.5796215594069|73225&4&538.3450239868972|73230&4&190.06618985185472|73233&4&434.9103644111359|73242&4&1489.418807653267|73248&4&1312.7338075623084|73250&4&267.0433210018113|73252&4&658.3816421981442|73260&4&314.5424042338203|73261&4&604.5514340498587|73272&4&757.7534493062917|73275&4&1085.0211505819839|73282&4&1312.0984519228055|73295&4&203.59537906026313|73296&4&36.88973145424247|73297&4&36.07869307854135|73302&4&30.358072336529865,2|73189&4&564.9310311035404|73196&4&1122.1125509337642|73197&4&16.133045801391333|73208&4&1446.9558645585914|73217&4&7.171592263781496|73222&4&64.10872433788532|73242&4&92.84927618025733|73244&4&1355.1080647462366|73254&4&161.63457820219168|73259&4&641.2062679466326|73263&4&341.5538399747607|73267&4&490.7102741187644|73270&4&151.90823204401994|73274&4&548.3501500495693|73276&4&389.6638169083215|73277&4&351.5131069192232|73300&4&16.66779450204333|73301&4&26.61068557050404|73302&4&144.0975973378524,2|73198&4&12.899047446538152|73205&4&386.3002107720388|73207&4&273.62183185833914|73208&4&276.8201185641937|73214&4&601.0756686954007|73218&4&439.31913640158564|73224&4&5.506286154847714|73227&4&365.30298620676547|73232&4&611.944261786988|73245&4&9.640236343540948|73246&4&345.07765899938653|73247&4&146.81167541368646|73248&4&169.93100793477484|73252&4&471.4564773778917|73255&4&1316.011038957974|73264&4&650.5279511890915|73267&4&188.60325259331444|73275&4&203.75111173185434|73276&4&167.12961602628747|73279&4&611.7779282000818|73280&4&1419.369580625525|73300&4&50.95457911960949|73306&4&8.128027210476443,2|73189&4&74.99067934891605|73194&4&376.06909220399746|73206&4&22.164925136709975|73219&4&678.9978217576823|73222&4&64.77991370793436|73223&4&746.0328762581162|73224&4&26.106300691834583|73226&4&322.4859193679903|73237&4&555.5837861533912|73247&4&126.89037403379255|73249&4&-1.2434497875801753E-14|73252&4&65.38263095800448|73258&4&762.0405714447061|73261&4&153.09919987045987|73262&4&1730.4625562595138|73263&4&27.9898400033269|73268&4&1140.261525016285|73274&4&16.470349624185047|73278&4&1524.6478227998498|73282&4&241.0218401171682|73285&4&218.6521645606445|73294&4&265.20752573712747|73297&4&3.3457843948327293,2|73198&4&369.8697689836274|73203&4&197.78489896444458|73212&4&988.8487231510767|73214&4&24.34043273579142|73217&4&1423.7575092442798|73224&4&807.4328983544051|73239&4&1142.1440640002556|73243&4&836.1510768187551|73263&4&1038.259687427043|73266&4&317.4262449059694|73270&4&1343.5785319228307|73286&4&493.4877183682625|73287&4&325.47385506918386|73296&4&230.87660383487992|73300&4&168.10926190686536,2|73190&4&10.900007214723445|73193&4&777.2620540067869|73199&4&783.0212484549368|73209&4&1830.7041036144128|73218&4&289.9687807620711|73228&4&1317.7605600089187|73230&4&56.402604633303014|73232&4&518.4070520046977|73235&4&723.4466959767788|73236&4&114.27355231672406|73237&4&108.50810969961083|73238&4&81.17080718619627|73257&4&2217.398800976255|73269&4&364.1295791742933|73281&4&121.9536415126314|73285&4&600.1803865105765|73300&4&14.080425743220779|73306&4&25.845024496215686
151|4,130,1,1,1,1,1,1,1,1,1,1,1,1,1,1,1,1,1,1,1,1,1,1,1,1,1,1,1,1,1,1,1,1,1,1,1,1,1,1,1,1,1,1,1,1,1,1,1,1,1,1,1,1,1,1,1,1,1,1,1,1,1,1,1,1,1,1,1,1,1,1,1,1,1,1,1,1,1,1,1,1,1,1,1,1,1,1,1,1,1,1,1,1,1,1,1,1,1,1,1,1,0,0,0,0,0,0,0,0,0,0,0,0,0,0,0,0,0,0,0,0,2|73190&4&294.7180077470083|73195&4&461.38121288821503|73200&4&849.353763841237|73204&4&563.0811387144005|73207&4&951.4284348519244|73210&4&54.62053365899429|73215&4&634.1009465252885|73220&4&8.977069119489117|73246&4&136.78409813268277|73249&4&356.2721068634815|73250&4&74.14063418509296|73251&4&443.30093389387247|73252&4&19.014035599485936|73253&4&232.43802914213487|73256&4&1201.917907586851|73263&4&117.23750470185752|73270&4&84.61914621897122|73295&4&1.4180700588710298|73297&4&22.776153449179454|73299&4&81.9011022364754|73303&4&18.550886410790877,2|73192&4&680.190595889811|73213&4&1218.0521678157827|73216&4&93.57659970501228|73221&4&1476.284252418259|73230&4&691.671511510245|73231&4&1051.4606340818318|73233&4&165.66511850930578|73238&4&1006.8939745322165|73240&4&1152.5387468111264|73241&4&489.53959391047084|73256&4&1.0658141036401503E-14|73265&4&348.240679714695|73275&4&157.70711629448323|73276&4&336.1630196604406|73288&4&25.479006379883224|73300&4&109.25329224695443|73307&4&4.989582384873351|73308&4&86.66688871989626,2|73190&4&561.9673499541027|73191&4&369.60622506499794|73201&4&428.03356251935304|73202&4&21.31045951139484|73215&4&419.23313290351825|73220&4&442.57282342947605|73222&4&345.8656499065456|73247&4&65.8758934803407|73253&4&1.812454318000025|73260&4&664.9925106059903|73265&4&78.86014165139619|73266&4&815.5168183135469|73268&4&292.64152187987304|73271&4&1020.6653245562543|73281&4&60.00752758493542|73283&4&681.1987321055483|73286&4&1123.4297190656382|73288&4&22.676650332191777|73295&4&378.2299319173929|73302&4&346.183079425503|73306&4&82.78608729149715|73307&4&22.90205044059771,2|73192&4&162.58212710682017|73195&4&536.0050806343756|73201&4&509.3376950939657|73202&4&304.31045879858135|73204&4&863.5063937288678|73210&4&134.2509938775276|73216&4&637.6145058978428|73217&4&32.631817227057816|73234&4&225.7327682186856|73236&4&1159.501366793166|73245&4&1411.265640178337|73249&4&1308.703568982881|73252&4&-4.263256414560601E-14|73253&4&1266.3777256982253|73254&4&953.3812076256866|73273&4&631.935523439746|73284&4&3.5388515051839007|73288&4&1097.8437244850109|73300&4&139.46652152868072|73301&4&5.846009374245241|73303&4&60.113167082607205|73306&4&20.695840361585034,2|73197&4&722.6235941801211|73203&4&6.2636638194076975|73206&4&945.3307625263835|73210&4&243.59459119418915|73211&4&1139.289605874203|73217&4&17.13920601107069|73218&4&566.9056756464205|73220&4&11.257774206237777|73222&4&568.6513352401885|73225&4&611.1852854392996|73230&4&169.49059499026185|73233&4&364.5801507046597|73242&4&1658.0135056232198|73248&4&1217.4911910986832|73250&4&244.0634927591153|73252&4&595.0970011706789|73260&4&272.9180914296478|73261&4&669.3198790014769|73272&4&695.1006217713199|73275&4&1000.8456919636809|73282&4&1183.4910414797964|73295&4&180.43220696723702|73296&4&23.61071127660755|73297&4&32.944562557023694|73302&4&22.133543595875974,2|73189&4&633.9406469171563|73196&4&1088.223267125196|73197&4&7.751437066978808|73208&4&1421.728790889657|73217&4&4.781061509187667|73222&4&53.42393694823778|73242&4&58.23982854937759|73244&4&1381.8563650554238|73254&4&117.43006487385593|73259&4&744.0685957637852|73263&4&305.2276914550313|73267&4&441.1844174587227|73270&4&130.74625103608486|73274&4&503.7094554017956|73276&4&349.687491417411|73277&4&373.449650249167|73300&4&14.584320189287912|73301&4&23.1289164388507|73302&4&129.765402888904,2|73198&4&12.220150212509829|73205&4&351.85976338614944|73207&4&343.72031498510603|73208&4&204.27802715236132|73214&4&764.2023970714733|73218&4&476.5765044707384|73224&4&5.230971847105328|73227&4&366.2777308150296|73232&4&643.6866823725798|73245&4&4.263256414560601E-14|73246&4&513.3279350462045|73247&4&138.37663928621723|73248&4&134.5283376930916|73252&4&598.1760756899705|73255&4&1408.3049333319595|73264&4&588.9258609719858|73267&4&177.76565457779336|73275&4&150.5146448907181|73276&4&120.85593763152048|73279&4&599.2249498519714|73280&4&1289.3495213162355|73300&4&41.952656237884895|73306&4&32.23361322444591,2|73189&4&52.98934758222525|73194&4&345.5713794387438|73206&4&7.387087534432717|73219&4&603.1739079164848|73222&4&44.87951578856796|73223&4&687.5325555118957|73224&4&15.78104521201688|73226&4&293.75612700910557|73237&4&604.2125920586325|73247&4&116.85133097200696|73252&4&61.53659384282775|73258&4&700.1431255110392|73261&4&115.48972875887534|73262&4&1883.578514642659|73263&4&10.925478539132229|73268&4&1020.9175220261775|73274&4&9.071666727045674|73278&4&1380.9767692325333|73282&4&468.1319822005146|73285&4&236.94525006152568|73294&4&251.3191300450826|73297&4&1.3989295425370567,2|73198&4&337.5949043455814|73203&4&323.1253290942842|73212&4&1147.0365839636372|73214&4&7.560911979613322|73217&4&1679.4738920778038|73224&4&730.6563848131221|73239&4&1112.1287699537288|73243&4&907.1354253012112|73263&4&1137.8173259958276|73266&4&256.8087014016701|73270&4&1246.1380081973016|73286&4&431.02983547407723|73287&4&457.28878301866484|73296&4&211.0491268319572|73300&4&158.9159413294502,2|73190&4&4.704248546071865|73193&4&774.3222550291459|73199&4&723.9124317605408|73209&4&1719.753676272468|73218&4&241.66605576837452|73228&4&1229.8008596903935|73230&4&35.06617956744131|73232&4&465.30824442425654|73235&4&653.7793347410975|73236&4&80.95056536545027|73237&4&68.80701770109643|73238&4&53.22246988848196|73257&4&2109.803374191777|73269&4&415.3228936009228|73281&4&112.57259216550591|73285&4&541.8095617239462|73300&4&4.96293759847917|73306&4&18.918968981583312
152|4,130,1,1,1,1,1,1,1,1,1,1,1,1,1,1,1,1,1,1,1,1,1,1,1,1,1,1,1,1,1,1,1,1,1,1,1,1,1,1,1,1,1,1,1,1,1,1,1,1,1,1,1,1,1,1,1,1,1,1,1,1,1,1,1,1,1,1,1,1,1,1,1,1,1,1,1,1,1,1,1,1,1,1,1,1,1,1,1,1,1,1,1,1,1,1,1,1,1,1,1,1,0,0,0,0,0,0,0,0,0,0,0,0,0,0,0,0,0,0,0,0,2|73190&4&251.8289800114851|73195&4&391.7660266959305|73200&4&783.2490489275633|73204&4&631.0718945243106|73207&4&837.8225740053811|73210&4&38.06601730042701|73215&4&631.865712669829|73220&4&8.504591797410743|73238&4&47.058256005893895|73246&4&116.9653279469255|73249&4&296.80656210478094|73250&4&48.46704133674278|73251&4&553.7692725741924|73252&4&12.676023732990638|73253&4&192.49418297399095|73256&4&1107.0079773911405|73263&4&84.25685384727997|73270&4&49.28381210486869|73295&4&9.325873406851315E-15|73297&4&17.880565749101454|73299&4&94.13080054551821|73303&4&15.747454602510059,2|73192&4&672.7224962504921|73213&4&1224.2751937600067|73216&4&73.11301788907238|73221&4&1437.4217910971315|73230&4&662.9588287104759|73231&4&1143.0909640368927|73233&4&359.6194912076499|73238&4&924.3740584853468|73240&4&1233.4561852177321|73241&4&434.3566748666975|73265&4&308.8284744248512|73275&4&187.10288535363992|73276&4&371.6987341227882|73288&4&20.383205103906572|73300&4&166.232556303618|73307&4&4.365884586764183|73308&4&75.47059249473625,2|73190&4&727.1165366633118|73191&4&426.19110142070633|73201&4&553.6700832682235|73202&4&4.276122697276577|73215&4&341.93893170703484|73220&4&410.10616151639863|73222&4&463.0189811152007|73242&4&144.05112868170272|73247&4&43.38944588300711|73253&4&-3.1086244689504383E-15|73260&4&621.1410589899058|73265&4&73.22727439058218|73266&4&1012.9219363542686|73268&4&294.69162651643245|73271&4&953.7330230896209|73281&4&56.30410083644927|73283&4&617.6443424175184|73286&4&1054.2354129276205|73288&4&5.809712704397836|73295&4&356.00862336932653|73302&4&388.8241851601783|73306&4&75.42462191643264|73307&4&24.180753059869154,2|73192&4&135.5407384577195|73195&4&580.5652406337326|73201&4&429.52650914197443|73202&4&738.5389018732421|73204&4&740.9421360787995|73210&4&173.6715637242307|73216&4&684.2726621207795|73217&4&21.754544818038568|73234&4&221.3325983602538|73236&4&1068.6402756776483|73245&4&1466.6587582235993|73249&4&1228.3743389152085|73253&4&1172.7185161337738|73254&4&1062.4708781290988|73273&4&593.033844877126|73284&4&3.277092475422318|73288&4&1191.7696017845471|73300&4&126.73321277616363|73301&4&5.314553976586582|73303&4&54.769051238921236|73306&4&17.516524566946156,2|73197&4&669.1169025446327|73203&4&0.36777230712254116|73206&4&1015.1105918680895|73210&4&217.8684213732004|73211&4&1050.3304208174743|73217&4&12.854404508303022|73218&4&521.8053584980131|73220&4&9.77866928680635|73222&4&524.7230489209702|73225&4&638.1220814752314|73230&4&148.91500012866896|73233&4&294.3493935264157|73242&4&1528.9147617868289|73248&4&1122.248574635058|73250&4&381.8420977004901|73252&4&531.8123601432136|73260&4&231.2937786254753|73261&4&633.5820371325668|73272&4&632.447794236348|73275&4&916.6702333453778|73282&4&1059.420478252253|73295&4&157.26903487421097|73296&4&15.178350825714718|73297&4&29.810432035506043|73302&4&13.909014855222082,2|73189&4&590.2436525139427|73196&4&1063.9160444874676|73197&4&5.167624711319226|73208&4&1504.0599116121598|73217&4&2.390530754593839|73222&4&42.73914955859024|73242&4&28.87204207958773|73244&4&1410.645978340771|73254&4&81.63769525007518|73259&4&692.8182518216063|73263&4&268.90154293530185|73267&4&391.6585607986809|73270&4&109.5842700281498|73274&4&490.3660585986332|73276&4&309.7111659265006|73277&4&394.61029393923286|73300&4&12.500845876532495|73301&4&19.647147307197358|73302&4&115.43320843995559,2|73198&4&11.541252978481506|73205&4&317.41931600026|73207&4&713.9043991431442|73208&4&144.04164103742633|73214&4&862.0909644651504|73218&4&631.3293726985416|73224&4&130.02765471964787|73227&4&481.4875825164032|73232&4&608.8811334619969|73246&4&483.2672598752681|73247&4&231.1051848659078|73248&4&100.94468908420221|73252&4&624.186038056406|73255&4&1288.664493761175|73264&4&527.3237707548801|73267&4&166.92805656227227|73275&4&99.8581677134975|73276&4&81.77975352657953|73279&4&570.3776301172513|73280&4&1167.6040175787411|73283&4&97.08393067365341|73300&4&32.9507333561603|73306&4&30.57915347264216,2|73189&4&36.115690672463266|73194&4&307.19690122872817|73206&4&8.881784197001252E-15|73219&4&555.8271738138671|73222&4&28.550793294002435|73223&4&656.1298819484995|73224&4&5.455789732199175|73226&4&259.3816059771473|73237&4&922.9917319745819|73247&4&106.81228791022136|73252&4&57.690556727651014|73258&4&638.2456795773725|73261&4&82.19606700934769|73262&4&1766.6754108508662|73263&4&-7.460698725481052E-14|73268&4&907.7015296028203|73274&4&6.010558601945755|73278&4&1393.2044862403438|73282&4&655.5103818234586|73285&4&370.973081661983|73294&4&237.43073435303776|73297&4&-9.325873406851315E-15,2|73198&4&305.32003970753544|73203&4&470.9327673642515|73212&4&1081.5895421276778|73214&4&0.08506638185115617|73217&4&1712.0730828881892|73224&4&653.8798712718394|73239&4&1072.9189696786623|73243&4&1037.595956435239|73263&4&1321.5564504919391|73266&4&199.58414732386026|73270&4&1148.6974844717722|73286&4&368.5719525798919|73287&4&451.3441603239595|73296&4&211.50345731271995|73300&4&149.72262075203503,2|73190&4&2.1316282072803006E-14|73193&4&716.9717350703899|73199&4&797.9555668131756|73209&4&1873.326210158306|73218&4&197.71803924155702|73228&4&1312.6359865477948|73230&4&22.680911279450143|73232&4&412.20943684381547|73235&4&595.5881473292535|73236&4&47.62757841417654|73237&4&35.09872129628209|73238&4&28.017308758888092|73257&4&1973.8821866513308|73269&4&415.36313956267315|73281&4&103.19154281838041|73285&4&483.438736937316|73300&4&1.6315361703680964|73306&4&13.216529660059214
153|4,130,1,1,1,1,1,1,1,1,1,1,1,1,1,1,1,1,1,1,1,1,1,1,1,1,1,1,1,1,1,1,1,1,1,1,1,1,1,1,1,1,1,1,1,1,1,1,1,1,1,1,1,1,1,1,1,1,1,1,1,1,1,1,1,1,1,1,1,1,1,1,1,1,1,1,1,1,1,1,1,1,1,1,1,1,1,1,1,1,1,1,1,1,1,1,1,1,1,1,1,1,0,0,0,0,0,0,0,0,0,0,0,0,0,0,0,0,0,0,0,0,2|73190&4&208.93995227596196|73195&4&325.16728074469074|73200&4&717.1443340138894|73204&4&681.3248605248763|73207&4&737.3847834583421|73210&4&21.562018081851704|73215&4&934.7962543039577|73220&4&8.032114475332369|73238&4&388.11169861883275|73246&4&98.781466119159|73249&4&238.74154657304035|73250&4&24.30348614943753|73251&4&696.3065764204985|73252&4&6.338011866495339|73253&4&152.55033680584702|73256&4&1012.09804719543|73263&4&51.27620299270242|73270&4&19.94580387250266|73297&4&12.984978049023452|73299&4&105.9505135500563|73303&4&12.944022794229248,2|73192&4&629.9365872333026|73213&4&1223.761922717558|73216&4&52.64943607313246|73221&4&1413.4727054734503|73230&4&793.188179299374|73231&4&1264.5105350281633|73233&4&565.0687343883305|73238&4&841.854142438477|73240&4&1374.035255869358|73241&4&430.41452272428774|73265&4&269.4162691350075|73275&4&348.1352054848586|73276&4&609.9066337328516|73288&4&15.287403827929921|73300&4&226.8189119444752|73307&4&3.742186788655015|73308&4&64.27429626957627,2|73190&4&743.0644536310433|73191&4&377.4151494429881|73201&4&775.3392673490968|73202&4&0.0|73215&4&267.00990165964686|73220&4&377.63949960332116|73222&4&457.5204171367883|73242&4&231.58755260091885|73247&4&26.33985981459763|73260&4&577.2896073738211|73265&4&67.59440712976817|73266&4&1108.278495777061|73268&4&343.0890485622618|73271&4&886.800721622988|73281&4&52.60067408796313|73283&4&554.0899527294887|73286&4&985.0411067896025|73288&4&4.440892098500626E-14|73295&4&333.7873148212601|73302&4&423.2977125634233|73306&4&68.06315654136813|73307&4&35.981059248676914,2|73192&4&112.8628838674023|73195&4&711.2981143541082|73201&4&359.8907106206311|73202&4&715.6014263906743|73204&4&618.5283738709699|73210&4&208.61062108753106|73216&4&787.1054674025369|73217&4&10.877272409019321|73234&4&209.35386136051977|73236&4&1093.384851692668|73245&4&1565.2033163688016|73249&4&1148.0451088475356|73253&4&1079.0593065693222|73254&4&1004.6155435015332|73273&4&554.1321663145059|73284&4&3.0153334456607355|73288&4&1129.662747539097|73300&4&113.99990402364654|73301&4&4.783098578927924|73303&4&49.42493539523526|73306&4&14.337208772307278,2|73197&4&615.6102109091444|73203&4&0.0|73206&4&962.454331138118|73210&4&192.14225155221163|73211&4&1100.466957116158|73217&4&8.569603005535352|73218&4&476.70504134960566|73220&4&8.299564367374924|73222&4&480.79476260175187|73225&4&589.590825352124|73230&4&128.3394052670761|73233&4&232.45478507184194|73242&4&1399.8160179504382|73248&4&1178.4927742163352|73250&4&467.7479145224321|73252&4&468.5277191157483|73260&4&189.66946582130282|73261&4&710.0338864434585|73272&4&569.7949667013761|73275&4&832.4947747270751|73282&4&941.4570821960205|73295&4&134.10586278118487|73296&4&8.68867432420845|73297&4&26.676301513988392|73302&4&8.572988646373238,2|73189&4&748.2628828789657|73192&4&88.27924368467256|73196&4&1061.557690691509|73197&4&2.58381235565962|73208&4&1602.0664029759678|73217&4&1.0658141036401503E-14|73222&4&32.0543621689427|73242&4&6.308974595880432|73244&4&1327.6809157762445|73254&4&57.098856577685794|73259&4&642.3268109988555|73263&4&232.57539441557242|73267&4&342.13270413863916|73270&4&88.42228902021473|73274&4&551.376246374027|73276&4&269.7348404355901|73277&4&480.4967236963054|73300&4&10.417371563777078|73301&4&16.16537817554402|73302&4&101.10101399100718,2|73198&4&10.862355744453183|73205&4&410.6616711324421|73207&4&816.817541373508|73208&4&94.43960029127774|73214&4&827.94051526556|73218&4&803.9500786263256|73224&4&123.49874055289125|73227&4&454.78811995356676|73229&4&16.714901267121235|73232&4&574.0755845514141|73246&4&468.86004114038104|73247&4&323.45528524503226|73248&4&71.04465222337967|73252&4&652.6895325684053|73255&4&1181.8468320044572|73264&4&465.7216805377744|73267&4&156.0904585467512|73275&4&55.48187940987968|73276&4&49.729155251517604|73279&4&503.8552848166545|73280&4&1045.858513841247|73283&4&92.22973413997074|73300&4&23.948810474435707|73306&4&50.572997986964566,2|73189&4&19.24203376270127|73194&4&268.8224230187126|73209&4&258.14770454710515|73219&4&481.6861810715681|73222&4&18.94540309733981|73223&4&703.7247700528137|73224&4&1.8513003360086893|73226&4&293.7957984652803|73237&4&978.3604526762839|73247&4&96.77324484843575|73252&4&53.84451961247428|73258&4&579.0449387965103|73261&4&55.261762748148115|73262&4&1619.4660943137658|73268&4&797.619297084202|73271&4&41.31970544423717|73274&4&3.5846076451630373|73278&4&1605.2245357063098|73282&4&957.4405575360397|73285&4&391.1395821788616|73294&4&241.5953265984072|73295&4&191.1050115061495,2|73198&4&273.04517506948946|73203&4&428.8718030060746|73212&4&1000.9949509238008|73214&4&-5.273559366969494E-16|73217&4&1651.9298144804554|73224&4&577.1033577305566|73239&4&1056.8500666919692|73243&4&1027.332043962367|73263&4&1538.5548627360963|73266&4&145.5022738000729|73270&4&1162.098048780274|73286&4&306.1720320089567|73287&4&435.09525715864515|73296&4&190.66188993561295|73300&4&140.52930017461986,2|73193&4&858.5104867740326|73199&4&735.3022779266249|73209&4&1693.6319824968098|73218&4&157.2357517147421|73228&4&1192.3742121949774|73230&4&10.295642991458912|73232&4&359.11062926337434|73235&4&537.3969599174095|73236&4&15.922416508256545|73237&4&13.68819451249665|73238&4&8.096376195604702|73257&4&2066.2513355205906|73269&4&498.1569294853524|73281&4&93.81049347125492|73285&4&429.17015331987625|73300&4&7.549516567451064E-15|73306&4&8.81034347384166
154|4,130,1,1,1,1,1,1,1,1,1,1,1,1,1,1,1,1,1,1,1,1,1,1,1,1,1,1,1,1,1,1,1,1,1,1,1,1,1,1,1,1,1,1,1,1,1,1,1,1,1,1,1,1,1,1,1,1,1,1,1,1,1,1,1,1,1,1,1,1,1,1,1,1,1,1,1,1,1,1,1,1,1,1,1,1,1,1,1,1,1,1,1,1,1,1,1,1,1,1,1,1,0,0,0,0,0,0,0,0,0,0,0,0,0,0,0,0,0,0,0,0,2|73190&4&166.05092454043879|73191&4&214.18791439830588|73195&4&271.7546100559157|73200&4&651.0396191002156|73204&4&890.8175308124414|73207&4&646.9687282711337|73210&4&7.139258671578038|73215&4&875.7970618296656|73220&4&7.559637153253995|73238&4&655.0756673360539|73246&4&82.92229229437683|73249&4&180.67653104129974|73250&4&10.245117593869168|73251&4&663.6908076734038|73252&4&4.085620730620576E-14|73253&4&114.29468513315695|73256&4&926.5493629095342|73263&4&24.818443009355363|73266&4&156.94663404084793|73270&4&4.345627042762477|73279&4&69.26466327936475|73297&4&9.497922736117937|73299&4&107.11724350339946|73303&4&10.140590985948437,2|73192&4&587.150678216113|73213&4&1254.4915935146469|73216&4&32.185854257192545|73221&4&1551.5658267535139|73230&4&815.4611742031627|73231&4&1388.6878473662302|73233&4&741.2492596246934|73238&4&759.3342263916072|73240&4&1506.4621966810425|73241&4&497.9870426230489|73265&4&230.00406384516373|73275&4&540.2521692799861|73276&4&574.6542326645279|73288&4&10.19160255195327|73300&4&214.65278799168453|73307&4&3.1184889905458464|73308&4&57.25016581976083,2|73190&4&772.5258067347381|73191&4&336.5102024619892|73201&4&830.2479818164543|73215&4&201.41582761420358|73220&4&345.1728376902437|73222&4&638.3228085929359|73242&4&270.15367643791205|73247&4&0.0|73260&4&695.0030404313952|73265&4&61.96153986895416|73266&4&1037.8543595396548|73268&4&410.442232414462|73271&4&819.8684201563547|73281&4&48.897247339477|73283&4&490.59176212638346|73286&4&915.8468006515848|73295&4&311.5660062731937|73302&4&458.07095454987746|73306&4&60.70169116630363|73307&4&46.55307009789631,2|73192&4&94.70353332912904|73195&4&869.7939173115255|73201&4&300.7530412504517|73202&4&693.6000236950725|73204&4&505.4331188007134|73210&4&440.5270901158424|73216&4&834.2076273000687|73217&4&7.460698725481052E-14|73234&4&197.37512436078572|73236&4&1178.64523555002|73245&4&1661.795161377243|73249&4&1067.715878779863|73253&4&1001.134497149322|73254&4&1258.7737841282903|73273&4&515.2304877518858|73284&4&2.7535744158991533|73288&4&1065.878771368824|73300&4&101.26659527112946|73301&4&4.251643181269266|73303&4&44.08081955154929|73306&4&11.1578929776684,2|73197&4&576.3357549820969|73206&4&908.1380167907331|73210&4&166.41608173122287|73211&4&1269.0523372944672|73217&4&4.284801502767683|73218&4&431.6047242011982|73220&4&6.820459447943499|73222&4&436.86647628253354|73225&4&541.0595692290167|73230&4&107.76381040548324|73233&4&179.13832550122046|73242&4&1270.7172741140475|73248&4&1277.7968254938523|73250&4&610.6701270385944|73252&4&405.243078088283|73260&4&148.0451530171303|73261&4&858.071812672049|73272&4&507.14213916640415|73275&4&748.3193161087721|73282&4&831.5991773213525|73295&4&110.94269068815876|73296&4&4.2329450372687365|73297&4&23.542170992470737|73302&4&4.432532483050805,2|73189&4&887.3052839547679|73192&4&83.86528150043894|73196&4&1209.3755924839384|73197&4&1.4210854715202004E-14|73208&4&1928.3274715323748|73219&4&21.93792786947165|73222&4&21.36957477929516|73242&4&4.085620730620576E-14|73244&4&1229.1781068160224|73254&4&35.071426365279365|73259&4&591.8353701761046|73263&4&196.249245895843|73267&4&292.6068474785974|73270&4&67.26030801227967|73274&4&499.80989946825287|73276&4&229.75851494467966|73277&4&582.1703839556299|73300&4&8.33389725102166|73301&4&12.683609043890677|73302&4&86.76881954205876,2|73198&4&10.18345851042486|73205&4&370.8156792294577|73207&4&963.0583587083172|73208&4&49.068171631534085|73214&4&781.0531577955144|73215&4&309.54329284745063|73218&4&854.531305394372|73224&4&116.96982638613463|73227&4&413.4324381082076|73229&4&102.9121801005313|73232&4&569.816853321501|73246&4&438.0166931476422|73247&4&0.0|73248&4&45.86561536120803|73252&4&787.7618094942021|73255&4&1356.1978837216855|73264&4&404.1195903206687|73267&4&145.25286053123008|73275&4&22.64295901796872|73276&4&395.23680557999717|73279&4&439.81138698900736|73280&4&924.113010103753|73283&4&87.37553760628808|73300&4&14.946887592711109|73306&4&47.836123021854505,2|73189&4&7.68903340254516|73194&4&230.447944808697|73209&4&473.2873911596017|73219&4&407.5451883292689|73222&4&9.34001290067714|73223&4&641.5121404247383|73224&4&3.1086244689504383E-15|73226&4&549.1951109533431|73237&4&925.9764390800831|73247&4&0.0|73252&4&49.998482497297545|73258&4&519.8441980156483|73261&4&31.55639535986377|73262&4&1472.2567777766656|73268&4&692.0405282462298|73271&4&86.26549018235036|73274&4&2.389738430108685|73278&4&1651.6698629915004|73282&4&979.9026166564087|73285&4&368.6913655431771|73294&4&226.80428150949166|73295&4&251.11060818645137,2|73198&4&240.77031043144348|73203&4&386.8108386478976|73212&4&917.3217369770887|73217&4&1649.0611362659427|73224&4&500.32684418927386|73239&4&963.9404894538819|73243&4&1001.0254158319528|73263&4&1653.0124016578447|73266&4&95.8698479994149|73270&4&1304.0534142304082|73286&4&243.77211143802145|73287&4&401.1698741718468|73296&4&169.82032255850592|73300&4&131.3359795972047,2|73193&4&819.1722087907132|73199&4&888.7216093756937|73209&4&1529.9700121723458|73218&4&122.6012053145333|73228&4&1072.1124378421598|73230&4&4.263256414560601E-14|73232&4&306.01182168293326|73235&4&506.5023196477|73236&4&1.0658141036401503E-14|73237&4&-1.4210854715202004E-13|73238&4&-8.526512829121202E-14|73257&4&1877.6730187582348|73269&4&458.27882733565616|73281&4&84.42944412412942|73285&4&382.89712524767873|73306&4&4.404157287624102
155|4,130,1,1,1,1,1,1,1,1,1,1,1,1,1,1,1,1,1,1,1,1,1,1,1,1,1,1,1,1,1,1,1,1,1,1,1,1,1,1,1,1,1,1,1,1,1,1,1,1,1,1,1,1,1,1,1,1,1,1,1,1,1,1,1,1,1,1,1,1,1,1,1,1,1,1,1,1,1,1,1,1,1,1,1,1,1,1,1,1,1,1,1,1,1,1,1,1,1,1,1,1,0,0,0,0,0,0,0,0,0,0,0,0,0,0,0,0,0,0,0,0,2|73190&4&129.32140009280943|73191&4&330.46035024240837|73195&4&228.52820390099464|73200&4&602.2713258113216|73204&4&1020.2631607716833|73207&4&568.8954097708904|73210&4&-4.085620730620576E-14|73215&4&816.7978693553735|73220&4&7.0871598311756205|73235&4&102.38860924853793|73238&4&641.5348601332533|73244&4&125.47524180995208|73246&4&67.06311846959466|73248&4&341.06094471092445|73249&4&130.9556325442498|73250&4&9.947598300641403E-14|73251&4&858.3359609346695|73253&4&77.6780115129483|73256&4&1062.7593043080317|73263&4&199.4235344558362|73266&4&429.6117498935066|73270&4&0.0|73279&4&238.29239016812642|73297&4&7.489865606926907|73299&4&118.05958494704387|73303&4&7.337159177667625,2|73192&4&544.3647691989235|73213&4&1181.5416207513274|73216&4&11.722272441252631|73221&4&1736.8669532901001|73230&4&799.2491081295542|73231&4&1469.0046160739903|73233&4&895.3317888078266|73238&4&676.8143103447376|73240&4&1597.4303623412102|73241&4&439.450946539752|73265&4&190.59185855532002|73275&4&588.3773080763125|73276&4&539.4018315962041|73288&4&5.095801275976618|73300&4&202.48666403889385|73307&4&2.494791192436678|73308&4&50.22603536994541,2|73190&4&844.5597653488865|73191&4&302.5618462034843|73201&4&780.1784355493573|73215&4&147.5520499311671|73220&4&312.70617577716627|73222&4&730.7505460509149|73242&4&625.9049737142201|73260&4&797.8833248997669|73265&4&56.32867260814015|73266&4&967.430223302249|73268&4&531.2565328788658|73271&4&752.9361186897218|73281&4&45.19382059099086|73283&4&427.2958229317951|73286&4&998.3120414014269|73295&4&289.34469772512733|73302&4&493.0132262973326|73306&4&53.340225791239114|73307&4&56.69277134278234,2|73192&4&76.54418279085581|73195&4&814.6639633907546|73201&4&245.95173730924364|73202&4&634.6286368126089|73204&4&410.07724089679687|73210&4&598.6103379950814|73216&4&792.8210798828987|73228&4&79.02715274898264|73234&4&185.3963873610517|73236&4&1072.908773161506|73245&4&1626.155462907332|73249&4&1045.5781043447685|73253&4&1064.9237815499769|73254&4&1164.4584536564464|73273&4&476.32880918926577|73284&4&216.71681131157925|73288&4&1027.9774326705492|73300&4&88.53328651861237|73301&4&3.7201877836106076|73303&4&38.73670370786331|73306&4&7.978577183029524,2|73197&4&553.820836114638|73206&4&853.447075624277|73210&4&140.68991191023412|73211&4&1206.511042561242|73217&4&1.4210854715202004E-14|73218&4&386.50440705279084|73220&4&5.341354528512072|73222&4&392.93818996331527|73225&4&537.3304961613237|73230&4&87.18821554389035|73233&4&136.5760057847708|73242&4&1141.618530277657|73248&4&1164.873817800813|73250&4&723.327126902286|73252&4&341.95843706081774|73260&4&115.09913761873143|73261&4&842.843030384384|73272&4&444.48931163143226|73275&4&664.143857490469|73282&4&729.6484780272102|73295&4&92.29585225778686|73296&4&-1.7763568394002505E-15|73297&4&20.408040470953082|73302&4&1.5595409619432545,2|73189&4&823.881217977271|73192&4&130.51146322287107|73196&4&1257.8284606763057|73208&4&2124.897620297684|73219&4&20.84103147599807|73222&4&10.684787389647617|73244&4&1114.6300129299045|73254&4&25.088484776049754|73259&4&541.3439293533538|73263&4&159.92309737611356|73267&4&243.0809908185557|73270&4&46.098327004344604|73274&4&448.24355256247884|73276&4&189.7821894537692|73277&4&547.4052197121356|73285&4&112.12597560600932|73300&4&108.44927596430131|73301&4&9.201839912237338|73302&4&72.43662509311037,2|73198&4&9.504561276396537|73205&4&332.7869696133713|73207&4&981.147949661751|73208&4&17.353164186239276|73214&4&720.7313024841302|73215&4&477.1986967127427|73218&4&830.8255186584008|73224&4&123.19758156036681|73227&4&0.0|73229&4&168.80643778654445|73232&4&700.7447765414653|73246&4&512.8034594931421|73248&4&26.651660498918726|73252&4&1056.2524039395798|73255&4&1407.0276729081263|73264&4&342.51750010356295|73267&4&134.415262515709|73275&4&5.970554228533166|73276&4&519.7712751694277|73279&4&376.8579028421792|73280&4&860.6087756080592|73283&4&82.52134107260541|73300&4&5.944964710986514|73306&4&56.77174645797328,2|73189&4&3.8445167012725743|73194&4&192.07346659868136|73209&4&614.123327929442|73219&4&333.40419558696976|73222&4&4.263256414560601E-14|73223&4&579.2995107966631|73226&4&510.2146839776351|73237&4&839.8655557223761|73252&4&46.15244538212081|73258&4&460.64345723478635|73261&4&14.939159026261887|73262&4&1325.047461239565|73268&4&591.3308638213516|73271&4&81.84891640962225|73274&4&1.1948692150543399|73278&4&1601.8064265815938|73282&4&930.4060139640007|73285&4&346.24314890749247|73294&4&212.0132364205761|73295&4&305.71103684715035,2|73198&4&208.4954457933975|73203&4&344.74987428972065|73212&4&833.6485230303766|73217&4&1505.1027856019418|73224&4&423.5503306479911|73239&4&874.2389545173685|73243&4&1036.7926753136774|73263&4&1540.9203234872384|73266&4&54.76805859639584|73270&4&1299.344749800198|73286&4&181.37219086708623|73287&4&367.2448602955345|73296&4&148.97875518139895|73300&4&122.1426590197895,2|73193&4&749.5489724684443|73199&4&1019.5443865989115|73209&4&1373.3472430420409|73218&4&90.00790849573366|73228&4&953.0981212879798|73232&4&255.78534588977618|73235&4&446.9463048787493|73257&4&1988.8193277597647|73269&4&441.470165452816|73281&4&75.04839477700392|73285&4&341.99349005501745|73306&4&1.4909527084073164
156|4,130,1,1,1,1,1,1,1,1,1,1,1,1,1,1,1,1,1,1,1,1,1,1,1,1,1,1,1,1,1,1,1,1,1,1,1,1,1,1,1,1,1,1,1,1,1,1,1,1,1,1,1,1,1,1,1,1,1,1,1,1,1,1,1,1,1,1,1,1,1,1,1,1,1,1,1,1,1,1,1,1,1,1,1,1,1,1,1,1,1,1,1,1,1,1,1,1,1,1,1,1,0,0,0,0,0,0,0,0,0,0,0,0,0,0,0,0,0,0,0,0,2|73190&4&101.04579743351911|73191&4&393.7397192561169|73195&4&185.30179774607353|73200&4&535.2997898164087|73203&4&133.49456246846722|73204&4&1124.2270560927402|73207&4&493.31937109679353|73215&4&757.7986768810813|73220&4&16.44208152773548|73235&4&97.26917878611104|73238&4&781.4246782188297|73244&4&414.45845685147344|73246&4&52.87581667666009|73248&4&505.67468523150325|73249&4&88.3180209343758|73251&4&808.1116955718552|73253&4&46.46386640670887|73256&4&1041.4522392979118|73263&4&365.6567428317147|73266&4&644.9655515795782|73279&4&226.2046090015217|73297&4&5.481808477735886|73299&4&128.0882501015513|73303&4&4.533727369386813,2|73192&4&501.57886018173406|73213&4&1166.844044867541|73216&4&-8.171241461241152E-14|73221&4&1801.9914609808704|73230&4&858.7469818642076|73231&4&1366.3342908695663|73233&4&945.7394780183511|73238&4&594.2943942978678|73240&4&1604.4464759217713|73241&4&381.2289302523018|73265&4&151.17965326547625|73275&4&748.8417655757878|73276&4&504.1494305278804|73288&4&-3.375077994860476E-14|73300&4&190.32054008610316|73307&4&1.8710933943275094|73308&4&43.20190492012998,2|73190&4&788.0741321292506|73191&4&274.9740967278007|73201&4&868.7881577548251|73215&4&100.09845935193752|73220&4&280.2395138640888|73222&4&829.372361426445|73242&4&896.9776056423156|73260&4&797.433093827058|73265&4&317.159641363939|73266&4&897.0060870648431|73267&4&55.78962143152086|73268&4&500.53580814414363|73271&4&686.0150658584325|73281&4&41.490393842504716|73283&4&367.3279883377936|73286&4&1254.5993106502306|73295&4&267.1233891770609|73302&4&525.754507333529|73306&4&45.978760416174595|73307&4&76.47908148529015,2|73192&4&58.38483225258258|73195&4&788.5057768193224|73201&4&191.16696610209272|73202&4&694.4256164210128|73204&4&332.6002524217191|73210&4&562.4609426076578|73216&4&887.8856591841658|73228&4&162.97241588893434|73234&4&0.0|73236&4&1084.5464974628164|73245&4&1564.118533224743|73249&4&1060.95468789972|73253&4&1210.473652326475|73254&4&1070.1431231846022|73273&4&437.42713062664563|73284&4&205.7438024855456|73288&4&1130.8726407801691|73300&4&75.79997776609528|73301&4&3.1887323859519494|73303&4&33.392587864177344|73306&4&4.799261388390646,2|73197&4&553.4138171872493|73206&4&841.9648125096965|73210&4&114.96374208924536|73211&4&1105.7959854999065|73218&4&341.40408990438345|73220&4&3.862249609080646|73222&4&349.009903644097|73225&4&600.4426024436206|73230&4&67.11348060155359|73233&4&104.55519127294656|73242&4&1028.8256181649972|73248&4&1051.9508101077731|73250&4&708.6017000100007|73252&4&288.55545757661923|73260&4&87.09942756171658|73261&4&944.3011292944979|73272&4&443.204913107276|73275&4&579.9683988721662|73282&4&729.1461810047747|73295&4&75.23133188660188|73297&4&17.27390994943543|73302&4&0.0,2|73189&4&882.9029073847577|73192&4&199.7130224334049|73196&4&1270.2028388849014|73208&4&2279.840331804662|73219&4&234.3034972979634|73222&4&7.460698725481052E-14|73244&4&1000.3445527326099|73254&4&38.86121257355356|73259&4&492.70308427362676|73263&4&123.5969488563841|73267&4&193.55513415851397|73270&4&24.93634599640954|73274&4&401.06170515559637|73276&4&149.80586396285875|73277&4&546.6916025397629|73285&4&202.9855443042215|73300&4&101.25585900024414|73301&4&5.720070780583998|73302&4&58.10443064416195,2|73198&4&8.825664042368214|73205&4&294.7582599972849|73207&4&1031.1773629656868|73208&4&2.1316282072803006E-14|73214&4&660.409447172746|73215&4&452.5649036449869|73218&4&780.1169471780365|73224&4&531.2753912365838|73227&4&74.58295797880106|73229&4&160.0649588311397|73232&4&717.4607500212066|73241&4&85.15829961645164|73246&4&476.6786057834913|73248&4&13.025148097928431|73252&4&1113.4986223367587|73255&4&1295.4671677142646|73264&4&283.8398481348908|73267&4&123.5776645001879|73275&4&2.794738836410956|73276&4&486.4964559985659|73279&4&319.28085146484955|73280&4&972.8492580638788|73283&4&103.22013296957851|73300&4&1.9905716959039859|73306&4&80.72797518458651,2|73189&4&8.881784197001252E-16|73194&4&220.81133345310565|73209&4&988.0239160105604|73219&4&260.36877330423283|73223&4&517.0868811685878|73226&4&476.8261485953923|73237&4&944.3749261327894|73252&4&42.306408266944075|73258&4&479.2742166504619|73261&4&0.9165509389191868|73262&4&1282.6883775982376|73268&4&498.4617733437319|73271&4&77.43234263689413|73274&4&-5.329070518200751E-15|73278&4&1658.8817920287388|73282&4&874.590423927343|73285&4&323.79493227180797|73294&4&197.22219133166053|73295&4&361.93495664818727,2|73198&4&176.2205811553515|73203&4&302.68890993154366|73212&4&807.9871772720843|73217&4&1378.3521507327691|73224&4&349.6015208552133|73235&4&83.15598684522439|73239&4&784.537419580855|73243&4&1108.376025155361|73263&4&1428.8282453166328|73266&4&27.201664649905243|73270&4&1178.5892339503043|73286&4&128.26899119822593|73287&4&373.0262039079195|73296&4&128.1371878042919|73300&4&112.94933844237434,2|73193&4&679.9257361461753|73199&4&1145.8945597669933|73209&4&1222.4860056442108|73218&4&62.65423465188528|73228&4&842.7345081586368|73232&4&206.74845142447694|73235&4&387.39029010979857|73257&4&1939.3485456779667|73269&4&400.43859128977704|73281&4&65.66734542987842|73285&4&301.5486630429692|73306&4&1.021405182655144E-14
157|4,130,1,1,1,1,1,1,1,1,1,1,1,1,1,1,1,1,1,1,1,1,1,1,1,1,1,1,1,1,1,1,1,1,1,1,1,1,1,1,1,1,1,1,1,1,1,1,1,1,1,1,1,1,1,1,1,1,1,1,1,1,1,1,1,1,1,1,1,1,1,1,1,1,1,1,1,1,1,1,1,1,1,1,1,1,1,1,1,1,1,1,1,1,1,1,1,1,1,1,1,1,0,0,0,0,0,0,0,0,0,0,0,0,0,0,0,0,0,0,0,0,2|73190&4&75.8101336245612|73191&4&372.6643391424095|73195&4&146.13665839981755|73200&4&468.3282538214959|73203&4&171.5952518874254|73204&4&1054.867881107461|73207&4&421.0326006601071|73215&4&698.7994844067891|73220&4&15.478234254725193|73235&4&92.14974832368415|73238&4&737.8241111274577|73244&4&393.4218459043749|73246&4&38.68851488372553|73248&4&735.9872225785425|73249&4&50.79250216049399|73251&4&757.887430209041|73253&4&23.730777025656323|73256&4&1038.0475775548693|73263&4&381.1751114178438|73266&4&677.4394968914111|73279&4&239.06527259746179|73297&4&3.473751348544867|73299&4&137.47112661858768|73303&4&2.0113299429532088,2|73192&4&458.7929511645444|73213&4&1126.524639360216|73221&4&1635.034488289241|73230&4&799.0697992041871|73231&4&1264.6004469540756|73233&4&1058.033468539572|73238&4&516.4762879271364|73240&4&1562.6094069083697|73241&4&329.19926113754934|73265&4&118.09863702237453|73275&4&753.6185567288154|73276&4&468.89702945955673|73300&4&178.1544161333125|73307&4&1.247395596218341|73308&4&36.177774470314546,2|73190&4&770.757225673915|73191&4&247.38634725211716|73201&4&1157.7195197121318|73215&4&56.46830521163425|73220&4&247.77285195101132|73222&4&829.1599414952368|73242&4&848.799603363808|73247&4&45.39644707067174|73260&4&804.5271016194538|73265&4&298.2035823022943|73266&4&826.5819508274373|73267&4&53.000140359944815|73268&4&533.0466039289993|73271&4&619.0940130271434|73281&4&37.78696709401858|73283&4&316.7378764878813|73286&4&1420.8129274002188|73295&4&244.90208062899453|73302&4&556.1265674158634|73306&4&38.61729504111008|73307&4&86.099764905975,2|73192&4&44.81906580879957|73195&4&932.8662319033015|73201&4&145.69732468525163|73202&4&641.7684378495906|73204&4&268.81001492332865|73210&4&613.5226972861781|73216&4&888.8530043515384|73228&4&487.3999709889159|73236&4&975.5357001095538|73245&4&1487.9326065901814|73249&4&1203.628683698404|73253&4&1363.8065795988698|73254&4&975.8277927127582|73273&4&398.52545206402567|73284&4&349.53942969813176|73288&4&1242.5956346546268|73300&4&63.06666901357819|73301&4&2.657276988293291|73303&4&28.04847202049137|73306&4&1.6199455937517695,2|73197&4&501.2092322297989|73206&4&822.8106421709963|73210&4&89.23757226825659|73211&4&1005.0809284385713|73218&4&296.30377275597596|73220&4&2.38314468964922|73222&4&305.08161732487866|73225&4&564.9085336035319|73230&4&49.50598801513409|73233&4&77.81684995524168|73242&4&925.9810907361518|73248&4&939.0278024147335|73250&4&652.870286970197|73252&4&237.94347819531563|73260&4&64.65408525710833|73261&4&940.0234371752098|73272&4&382.4532181628947|73275&4&495.79294025386304|73282&4&685.101109565706|73295&4&59.74571052015924|73297&4&14.139779427917778,2|73189&4&932.4893993787462|73192&4&188.93762662433295|73196&4&1299.2740748753836|73208&4&2355.0819250647137|73219&4&373.9649853838274|73244&4&893.0237596564565|73254&4&145.36768279121463|73259&4&444.0622391938997|73263&4&87.27080033665466|73267&4&144.49770777761879|73270&4&9.04889827209568|73274&4&349.2761332748777|73276&4&109.82953847194831|73277&4&537.3413111502348|73285&4&192.5559521499954|73300&4&94.06244203618698|73301&4&2.907498700631706|73302&4&43.772236195213544,2|73198&4&107.37731077085718|73205&4&412.39811581144716|73207&4&1157.4198276331676|73214&4&600.0875918613617|73215&4&427.93111057723115|73218&4&922.7970311435499|73221&4&350.12380896811237|73224&4&761.2664043584527|73227&4&70.853810079861|73229&4&151.32347987573496|73232&4&734.1449656679488|73238&4&61.50249781871037|73241&4&398.4893150281172|73246&4&440.5537520738404|73248&4&-9.592326932761353E-14|73252&4&1313.8263089606999|73255&4&1186.0138718207613|73264&4&225.16219616621868|73267&4&112.74006648466681|73275&4&-1.865174681370263E-14|73276&4&609.9196652729827|73279&4&261.70380008751994|73280&4&889.8341023763298|73283&4&234.69215483875587|73300&4&9.325873406851315E-15|73306&4&102.50100730251182,2|73194&4&315.34157788256954|73209&4&1060.280713466521|73219&4&202.06740188586008|73223&4&492.39977532968106|73226&4&443.4376132131494|73237&4&1081.9751346496905|73252&4&38.46037115176734|73258&4&756.6540643794906|73261&4&-9.769962616701378E-15|73262&4&1575.388909495381|73268&4&406.061399450694|73271&4&73.01576886416602|73278&4&1760.5054917334496|73282&4&818.7748338906849|73285&4&301.3467156361234|73294&4&182.43114624274497|73295&4&417.9655312783693,2|73198&4&143.94571651730553|73203&4&268.92685036181115|73212&4&889.19199085312|73217&4&1410.6333449011397|73224&4&291.7595215043656|73235&4&280.6643464099762|73239&4&872.1648987965418|73243&4&1123.112465273138|73263&4&1316.736167146027|73266&4&12.97993634113363|73267&4&86.37972743765667|73270&4&1186.8748708137014|73286&4&88.3008044222447|73287&4&357.4141917430717|73296&4&107.29562042718491|73300&4&103.75601786495918,2|73193&4&610.3024998239063|73199&4&1074.7353304619703|73209&4&1082.3761612033225|73218&4&35.300560808036884|73228&4&739.1157076017798|73232&4&157.71155695917776|73235&4&329.66836418223505|73257&4&1963.1447634638644|73269&4&595.449045824634|73281&4&56.286296082752926|73285&4&261.1038360309211
158|4,130,1,1,1,1,1,1,1,1,1,1,1,1,1,1,1,1,1,1,1,1,1,1,1,1,1,1,1,1,1,1,1,1,1,1,1,1,1,1,1,1,1,1,1,1,1,1,1,1,1,1,1,1,1,1,1,1,1,1,1,1,1,1,1,1,1,1,1,1,1,1,1,1,1,1,1,1,1,1,1,1,1,1,1,1,1,1,1,1,1,1,1,1,1,1,1,1,1,1,1,1,0,0,0,0,0,0,0,0,0,0,0,0,0,0,0,0,0,0,0,0,2|73190&4&56.22626920376423|73191&4&351.5889590287021|73195&4&112.74245961236306|73200&4&401.3567178265832|73203&4&162.68175288688298|73204&4&1118.231668469631|73207&4&358.2349647925769|73215&4&639.800291932497|73220&4&161.10880353993804|73235&4&87.03031786125726|73238&4&694.2235440360857|73244&4&489.87562642814646|73246&4&33.161584186050504|73248&4&1000.1493114237998|73249&4&23.395444585816435|73251&4&707.6631648462267|73253&4&10.935733936837146|73256&4&1096.1417709742918|73263&4&542.588049335464|73266&4&640.394793164346|73279&4&461.04658313368736|73297&4&1.4656942193538474|73299&4&147.19611143473605|73303&4&0.5101417252225531,2|73192&4&416.00704214735487|73213&4&1079.5128602387058|73221&4&1484.1970030998443|73230&4&760.1459878512302|73231&4&1161.8832976852045|73233&4&994.8760509850869|73238&4&443.38593907848156|73240&4&1431.3718857763467|73241&4&286.19184201438367|73265&4&85.01762077927279|73275&4&790.0420015048969|73276&4&433.64462839123297|73300&4&165.98829218052185|73307&4&0.6236977981091726|73308&4&29.15364402049911,2|73190&4&841.7381318311645|73191&4&219.79859777643352|73201&4&1102.7071982878783|73215&4&24.640427155740614|73220&4&215.30619003793387|73222&4&901.5435512220785|73242&4&800.6216010853005|73247&4&43.12662471713816|73260&4&797.3192523983494|73265&4&443.3348831281055|73266&4&756.1578145900315|73267&4&50.210659288368774|73268&4&1029.7238811113327|73271&4&552.1729601958541|73281&4&34.083540345532434|73283&4&273.51511636005876|73286&4&1478.0758583550746|73295&4&222.6807720809281|73302&4&583.9416103386691|73306&4&31.255829666045575|73307&4&95.62715898383065,2|73192&4&32.57566741244161|73195&4&985.5374452979652|73201&4&109.85019670111035|73202&4&587.456733720236|73204&4&209.66596477660687|73210&4&573.0127443954574|73216&4&885.448520410888|73228&4&641.6363641434465|73236&4&968.8322572532894|73245&4&1444.6875573082948|73249&4&1361.9856012946666|73253&4&1393.8346047900584|73254&4&881.5124622409141|73273&4&359.6237735014056|73284&4&0.0|73288&4&1135.592933043625|73300&4&50.33336026106111|73301&4&2.125821590634633|73303&4&22.704356176805398|73306&4&-1.7763568394002505E-14,2|73197&4&449.0046472723486|73206&4&832.9632750418439|73210&4&67.0304520283558|73211&4&964.0223178042976|73218&4&251.20345560756857|73220&4&0.9040397702177937|73222&4&261.1533310056604|73225&4&519.3541774997539|73230&4&31.898495428714593|73233&4&58.63196110050971|73242&4&823.1365633073065|73248&4&826.104794721694|73250&4&601.6999038616856|73252&4&195.1589791936707|73260&4&44.74420031139445|73261&4&1102.031503641108|73272&4&323.0937674816429|73275&4&411.6174816355602|73282&4&627.6488657939271|73295&4&45.872550196717526|73297&4&11.005648906400125,2|73189&4&856.9864033449635|73192&4&178.16223081526098|73196&4&1430.7064960606724|73208&4&2221.056897342405|73219&4&769.8582662157103|73244&4&791.3354383259035|73254&4&138.2741139707002|73259&4&395.4213941141727|73263&4&54.15593070774521|73267&4&103.46033748587001|73270&4&4.524449136047878|73274&4&442.7841526609975|73276&4&69.85321298103784|73277&4&514.7568235311966|73285&4&182.1263599957693|73300&4&86.86902507212982|73301&4&0.9857470946027164|73302&4&29.440041746265134,2|73198&4&266.76313981547236|73205&4&366.58597792384836|73207&4&1083.3806258590425|73214&4&578.4238028463453|73215&4&803.68941577485|73218&4&1154.5989898618263|73221&4&546.4208393674822|73224&4&867.6290627093031|73227&4&67.12466218092095|73229&4&381.2866874973135|73232&4&900.7169034829469|73238&4&155.98497626993617|73241&4&438.7081983687717|73246&4&404.4288983641896|73252&4&1264.8322024064155|73255&4&1076.5605759272576|73264&4&368.16604793214475|73267&4&101.90246846914572|73276&4&688.88155361031|73279&4&204.12674871019033|73280&4&892.6660860903293|73283&4&301.67508046410086|73306&4&122.08015073808772,2|73194&4&460.8193027520134|73209&4&1149.612075553322|73219&4&148.35213443083887|73223&4&616.1316370333575|73226&4&410.0490778309066|73237&4&1220.342046634319|73252&4&34.614334036590606|73258&4&686.6228180210559|73262&4&1532.3496773955148|73266&4&115.41535501176975|73268&4&320.3564050777072|73271&4&100.52236855649491|73278&4&1650.7857903268496|73282&4&762.959243854027|73285&4&278.8984990004388|73294&4&167.64010115382942|73295&4&472.72009363415737,2|73192&4&0.2566018275419424|73198&4&111.67085187925954|73203&4&274.56178710007987|73212&4&797.5894771776387|73217&4&1424.4272696025864|73224&4&245.4679244131945|73235&4&306.10275491967155|73239&4&1012.4042374431801|73243&4&1029.4018152230028|73263&4&1204.6440889754208|73266&4&4.459815776432307|73267&4&283.4455825146069|73270&4&1163.6037385116465|73286&4&56.96983634891819|73287&4&344.0929266712843|73296&4&93.46284384804639|73300&4&94.56269728754401,2|73193&4&540.6792635016374|73199&4&1082.5812789738225|73209&4&952.9005082784971|73218&4&11.753888432428978|73228&4&648.3118472663448|73232&4&111.44760094077029|73235&4&292.4281997420137|73257&4&2131.490270329534|73269&4&549.5306719652247|73281&4&46.90524673562743|73285&4&220.6590090188729
159|4,130,1,1,1,1,1,1,1,1,1,1,1,1,1,1,1,1,1,1,1,1,1,1,1,1,1,1,1,1,1,1,1,1,1,1,1,1,1,1,1,1,1,1,1,1,1,1,1,1,1,1,1,1,1,1,1,1,1,1,1,1,1,1,1,1,1,1,1,1,1,1,1,1,1,1,1,1,1,1,1,1,1,1,1,1,1,1,1,1,1,1,1,1,1,1,1,1,1,1,1,1,0,0,0,0,0,0,0,0,0,0,0,0,0,0,0,0,0,0,0,0,2|73190&4&41.29447137070216|73191&4&330.5135789149946|73195&4&83.6468420064057|73200&4&502.8636519868902|73203&4&153.76825388634052|73204&4&1338.06400188908|73207&4&295.4373289250467|73215&4&580.8010994582049|73220&4&152.8152354390166|73235&4&81.91088739883037|73238&4&650.6229769447139|73244&4&710.921001712502|73246&4&27.63465348837542|73248&4&1017.4756520521248|73249&4&7.674589128637944|73251&4&657.4388994834123|73253&4&4.618527782440651E-14|73256&4&1012.5283002397889|73263&4&668.2862841071045|73266&4&603.350089437281|73279&4&435.9455540319075|73297&4&1.021405182655144E-14|73299&4&136.25283895935175|73303&4&0.0,2|73192&4&373.22113313016536|73213&4&1043.7889673573266|73221&4&1344.6878302191317|73230&4&699.4311366258567|73231&4&1074.3051539341877|73233&4&963.9231799368936|73238&4&381.3489647866963|73240&4&1309.849994542962|73241&4&249.91581419528677|73265&4&110.01312308507815|73275&4&1072.1514529391839|73276&4&398.3922273229092|73299&4&23.261233326617457|73300&4&153.82216822773117|73302&4&65.22273681727465|73307&4&4.218847493575595E-15|73308&4&22.12951357068368,2|73190&4&776.822813487559|73191&4&192.21084830074994|73201&4&1067.3741229820716|73215&4&6.169755315742378|73220&4&182.83952812485643|73222&4&998.7673950778662|73242&4&752.443598806793|73247&4&40.85680236360457|73260&4&936.5514822933263|73265&4&416.1744560720881|73266&4&685.7336783526257|73267&4&47.42117821679273|73268&4&1310.983601518024|73271&4&485.2519073645649|73281&4&0.0|73283&4&232.86679880121812|73286&4&1477.2726977427324|73295&4&200.45946353286172|73302&4&539.632499338292|73306&4&23.89436429098106|73307&4&117.61946147254392,2|73192&4&21.64832839141211|73195&4&932.4707671292321|73201&4&77.05734234902741|73202&4&643.2226838895372|73204&4&155.85026492867055|73210&4&532.5027915047367|73216&4&808.4397138041618|73228&4&729.9605696191517|73236&4&1072.343008562017|73245&4&1559.896270872541|73249&4&1481.9745188474183|73253&4&1356.5966254229882|73254&4&787.1971317690699|73273&4&406.6334156976884|73284&4&41.868671503011974|73288&4&1031.4443043933438|73300&4&37.60005150854402|73301&4&1.594366192975975|73303&4&33.549854978754716,2|73197&4&396.8000623148985|73206&4&752.9167219100435|73210&4&45.38382489498909|73211&4&1092.006525822098|73218&4&206.10313845916116|73220&4&1.5543122344752192E-15|73222&4&217.2250446864421|73225&4&467.99232439729843|73230&4&18.7655799149279|73233&4&39.44707224577776|73242&4&721.7564354383989|73248&4&731.2306709976776|73250&4&581.8679184724084|73252&4&156.19357284242113|73260&4&27.186319649874157|73261&4&1089.2511799409956|73272&4&301.89051864457724|73275&4&337.175618932989|73282&4&665.9990997381678|73295&4&33.71768998032129|73297&4&7.871518384882473,2|73189&4&864.0103918834302|73192&4&167.38683500618905|73196&4&1463.8955755046861|73208&4&2027.7360079330174|73219&4&847.4746562650434|73244&4&699.8088406364456|73254&4&374.3973038148875|73259&4&430.0664376976173|73263&4&30.467746747996873|73267&4&70.04156893840806|73270&4&0.0|73274&4&446.74102127082824|73276&4&43.59192951274356|73277&4&474.2764865727622|73285&4&272.2553309374972|73300&4&154.11935846939843|73301&4&2.220446049250313E-16|73302&4&20.00182754991366,2|73198&4&252.8714027094797|73205&4&501.50933754565744|73207&4&1009.3414240849174|73214&4&836.1127737183183|73215&4&1136.4532420194791|73218&4&1195.6861771762783|73221&4&780.931209220872|73224&4&878.2725156434619|73227&4&205.70055925642512|73229&4&486.08457175444266|73232&4&879.650438689024|73238&4&288.3654627515416|73241&4&517.98002417956|73246&4&368.3040446545387|73252&4&1310.2735239718916|73255&4&967.1072800337539|73264&4&664.5979223042079|73267&4&91.06487045362464|73276&4&919.4883754576499|73279&4&153.08037275071308|73280&4&953.6919378380368|73283&4&284.66329286907677|73306&4&141.17700809468445,2|73194&4&530.7344876414057|73209&4&1221.086908671678|73219&4&106.66095971667364|73223&4&749.3297017601408|73226&4&376.6605424486637|73237&4&1360.0157349473993|73242&4&88.8514281152585|73252&4&30.76829692141387|73258&4&625.7564986195293|73262&4&1559.9557912005102|73266&4&226.22903520600704|73268&4&256.7736171937363|73271&4&267.04142522950315|73278&4&1505.5374126592262|73282&4&707.1436538173692|73285&4&256.4502823647543|73294&4&152.84905606491384|73295&4&507.01645848717544,2|73192&4&24.765646390289263|73198&4&90.36019876651335|73203&4&348.63185457793077|73212&4&878.2541402340172|73217&4&1616.9772107239119|73224&4&209.76997472847157|73235&4&479.5946985978954|73239&4&948.3235686033993|73243&4&938.860136807044|73263&4&1092.552010804815|73266&4&0.1268023169148677|73267&4&426.86864063542293|73270&4&1185.25387646358|73283&4&47.61080532582878|73286&4&33.852507328113845|73287&4&314.2168895129074|73296&4&92.53516896537398|73300&4&85.36937671012883,2|73193&4&525.7194444416108|73198&4&217.715214538583|73199&4&994.8457194950338|73209&4&839.9357740027745|73218&4&-1.0302869668521453E-13|73228&4&557.5079869309095|73232&4&75.85078526463278|73235&4&255.1880353017924|73257&4&2115.446589783089|73269&4&542.2070295309773|73281&4&0.0|73285&4&180.21418200682473
160|4,130,1,1,1,1,1,1,1,1,1,1,1,1,1,1,1,1,1,1,1,1,1,1,1,1,1,1,1,1,1,1,1,1,1,1,1,1,1,1,1,1,1,1,1,1,1,1,1,1,1,1,1,1,1,1,1,1,1,1,1,1,1,1,1,1,1,1,1,1,1,1,1,1,1,1,1,1,1,1,1,1,1,1,1,1,1,1,1,1,1,1,1,1,1,1,1,1,1,1,1,1,0,0,0,0,0,0,0,0,0,0,0,0,0,0,0,0,0,0,0,0,2|73190&4&28.367697173435786|73191&4&309.4381988012872|73195&4&54.55122440044835|73200&4&722.5503305745353|73203&4&144.85475488579806|73204&4&1247.2772959603235|73207&4&232.6396930575166|73215&4&521.8019069839128|73220&4&144.52166733809514|73235&4&76.79145693640348|73238&4&607.0224098533417|73244&4&904.3577717226103|73246&4&22.107722790700336|73248&4&1008.6187007911594|73249&4&-5.5067062021407764E-14|73251&4&644.7090226661421|73256&4&997.4253743386373|73263&4&893.8577197283422|73266&4&566.3053857102159|73279&4&410.8445249301276|73299&4&125.30956648396742,2|73192&4&330.4352241129758|73201&4&44.85800501336976|73213&4&941.8263016722293|73221&4&1210.1201202094817|73230&4&754.9212410951056|73231&4&1093.7867175094661|73233&4&1046.2143795859733|73238&4&320.9736151785072|73240&4&1188.3281033095764|73241&4&221.8434454275425|73265&4&263.10297589146865|73275&4&1006.5862586245198|73276&4&363.1398262545855|73299&4&47.625040273300144|73300&4&141.65604427494048|73302&4&127.78756412716774|73308&4&15.10538312086825,2|73190&4&711.9074951439532|73191&4&164.62309882506634|73201&4&990.112894388513|73215&4&0.0|73220&4&150.37286621177896|73222&4&1048.3097247409275|73242&4&704.2655965282854|73247&4&38.58698001007099|73260&4&926.0171554504652|73265&4&389.0140290160706|73266&4&615.3095421152199|73267&4&44.63169714521669|73268&4&1338.0283294331432|73271&4&420.24640045318574|73283&4&192.34877090790363|73286&4&1595.2580239768322|73295&4&178.23815498479536|73302&4&495.32338833791505|73306&4&16.532898915916547|73307&4&130.69968278878542,2|73192&4&10.720989370382618|73195&4&898.7455717019811|73201&4&49.84088996543765|73202&4&591.239485680588|73204&4&106.3749665288039|73210&4&663.5907470918634|73216&4&850.5036833034047|73228&4&755.8902579737749|73236&4&1251.5451889579924|73245&4&1536.370946224184|73249&4&1506.8198518709569|73253&4&1329.4837524463464|73254&4&692.881801297226|73273&4&363.4361710971232|73284&4&39.775237927861376|73288&4&1046.6502831467556|73300&4&24.86674275602693|73301&4&1.062910795317317|73303&4&27.396258402786977,2|73197&4&344.5954773574483|73204&4&312.38683111506117|73206&4&677.0185551986866|73210&4&23.73719776162237|73211&4&1108.6354128490311|73218&4&161.00282131075375|73222&4&177.26128497818752|73225&4&416.6304712948432|73230&4&5.632664401141193|73233&4&22.02939085771561|73242&4&623.5491585227466|73248&4&641.555923414967|73250&4&560.1541989233638|73252&4&150.72507274337528|73260&4&11.331400308673423|73261&4&1218.3161927270262|73272&4&266.8215581616871|73275&4&272.00443126327895|73282&4&940.5559981459704|73295&4&23.330242059191484|73297&4&4.73738786336482,2|73189&4&883.8962727828398|73190&4&83.83669787691832|73192&4&156.6114391971171|73196&4&1490.770221925784|73208&4&2213.7048302107023|73219&4&873.0098001890482|73244&4&613.3771681879986|73254&4&530.2112491360114|73259&4&377.26129818473163|73263&4&10.514516068718585|73267&4&42.465992290143745|73274&4&402.7953869981466|73276&4&23.53248821500778|73277&4&469.74452235697504|73285&4&306.01114112741413|73300&4&145.39140201566818|73302&4&12.242305807345474,2|73198&4&238.97966560348704|73205&4&471.9774831376049|73207&4&1123.113770563442|73214&4&847.4329472716956|73215&4&1270.750377814118|73218&4&1114.8954652892905|73221&4&892.1460169342439|73224&4&827.1467685726058|73227&4&194.85615910876285|73229&4&459.1341285931196|73232&4&885.5418910878291|73238&4&480.82557862278|73241&4&537.3712886658986|73246&4&332.17919094488786|73252&4&1220.9724894324163|73255&4&857.6539841402506|73264&4&738.3738695508252|73267&4&80.22727243810354|73276&4&1135.254288816519|73279&4&114.14692592408295|73280&4&1141.4829697363693|73283&4&267.6515052740527|73306&4&132.57131697345375,2|73194&4&621.4531744175049|73209&4&1438.809863365863|73219&4&77.1126380703095|73220&4&22.377640904874937|73223&4&699.8452138913005|73226&4&343.2720070664209|73237&4&1360.5159548001307|73242&4&150.560442449481|73252&4&26.922259806237136|73257&4&165.0956124746417|73258&4&564.8901792180028|73262&4&1639.2115946996348|73266&4&292.01238360164115|73268&4&209.68542216908924|73271&4&387.0554868316929|73278&4&1493.2795401790745|73279&4&170.25447593942891|73282&4&651.3280637807113|73285&4&234.00206572906973|73294&4&138.0580109759983|73295&4&560.9346560708483,2|73192&4&64.42473840067846|73198&4&71.35947965902508|73203&4&318.5813983768985|73212&4&1010.2695550097513|73217&4&1639.1851517365255|73224&4&179.6740349867931|73235&4&524.8310285208895|73239&4&928.3866793290456|73243&4&848.3184583910853|73263&4&980.459932634209|73266&4&-2.220446049250313E-16|73267&4&444.78824271641463|73270&4&1307.0037414767141|73283&4&198.9393588621115|73286&4&13.193893611587056|73287&4&286.463544923674|73296&4&78.05713730141218|73300&4&76.17605613271367,2|73193&4&611.6927095218092|73198&4&206.82945381165385|73199&4&952.4636055912553|73209&4&728.3098278863636|73228&4&475.3919945539436|73232&4&45.00524715585232|73235&4&222.75288912182265|73257&4&1921.4570710760893|73269&4&494.35891910030983|73285&4&149.79259796747277
161|4,130,1,1,1,1,1,1,1,1,1,1,1,1,1,1,1,1,1,1,1,1,1,1,1,1,1,1,1,1,1,1,1,1,1,1,1,1,1,1,1,1,1,1,1,1,1,1,1,1,1,1,1,1,1,1,1,1,1,1,1,1,1,1,1,1,1,1,1,1,1,1,1,1,1,1,1,1,1,1,1,1,1,1,1,1,1,1,1,1,1,1,1,1,1,1,1,1,1,1,1,1,0,0,0,0,0,0,0,0,0,0,0,0,0,0,0,0,0,0,0,0,2|73190&4&18.911798115623817|73191&4&346.06469403738515|73195&4&25.909605855695066|73200&4&771.1648117593402|73203&4&135.94125588525563|73204&4&1156.490590031567|73207&4&177.5423461360837|73215&4&462.8027145096206|73220&4&136.2280992371737|73235&4&71.67202647397659|73238&4&563.4218427619699|73244&4&975.0529872669204|73246&4&16.580792093025252|73248&4&948.4902614782061|73251&4&845.4144173281155|73256&4&970.5445771584003|73263&4&859.2334893318405|73266&4&529.2606819831509|73279&4&385.74349582834776|73299&4&114.36629400858308,2|73192&4&287.6493150957862|73201&4&42.61510476270127|73213&4&839.8636359871316|73221&4&1079.4630098164982|73230&4&838.3700700305169|73231&4&984.1648348087001|73233&4&974.09379247973|73238&4&264.4949071531795|73240&4&1194.5547508938514|73241&4&194.91449486320363|73265&4&355.5101417981056|73275&4&1020.0908377783205|73276&4&327.8874251862618|73299&4&73.00146722562617|73300&4&129.48992032214983|73302&4&186.4969438044567|73308&4&8.861936948394796,2|73190&4&646.9921768003475|73191&4&137.0353493493827|73201&4&912.8516657949546|73220&4&117.9062042987015|73222&4&976.7075900463216|73242&4&656.0875942497779|73247&4&36.317157656537404|73260&4&1072.1158508067538|73265&4&361.85360196005314|73266&4&544.885405877814|73267&4&41.84221607364065|73268&4&1334.4777671505171|73271&4&358.66997035728485|73283&4&155.17562634702335|73286&4&1585.797533291022|73295&4&156.01684643672894|73302&4&451.014277337538|73306&4&10.051814457644468|73307&4&154.59793830528653,2|73192&4&6.750155989720952E-14|73195&4&1088.1909612233117|73201&4&34.1616598625468|73202&4&539.9764523147713|73204&4&63.926248377109204|73210&4&756.8713039419188|73216&4&950.0187943808307|73228&4&748.847361897459|73236&4&1337.2591191551962|73245&4&1567.1551088713327|73249&4&1500.6418888058477|73253&4&1299.3724673697784|73254&4&611.8397938502005|73273&4&395.0889642983782|73284&4&109.30814344594279|73288&4&1177.646639977032|73300&4&12.133434003509844|73301&4&0.5314553976586589|73303&4&49.937098664997905,2|73197&4&292.39089239999805|73204&4&483.0341265232527|73206&4&601.143544502692|73210&4&10.940307436109226|73211&4&1236.5522679784522|73218&4&115.90250416234632|73222&4&141.46262823197773|73225&4&386.584632366717|73230&4&3.375077994860476E-14|73233&4&11.593275306661223|73242&4&525.7543985429487|73248&4&551.8811758322564|73250&4&553.822885265046|73252&4&204.7052194917821|73260&4&0.0|73261&4&1168.7875205111757|73272&4&0.0|73275&4&208.1645226374988|73282&4&1047.1590444513904|73295&4&14.810085557209238|73297&4&1.6032573418471663|73300&4&111.86047711833118,2|73189&4&814.5275770520208|73190&4&127.74308545122209|73192&4&145.83604338804514|73196&4&1483.564244186632|73208&4&2250.219086770705|73218&4&209.4912902046542|73219&4&828.3319189780289|73244&4&534.703923853844|73254&4&557.1767929713751|73259&4&329.0180965021356|73263&4&5.6843418860808015E-14|73267&4&23.59834589543521|73274&4&358.849752725465|73276&4&10.680704769075724|73277&4&605.8576368614952|73285&4&415.97052273615236|73300&4&136.6634455619379|73302&4&6.2381956063831225,2|73198&4&225.08792849749437|73205&4&547.4879814233548|73207&4&1245.2189874013275|73214&4&784.5223590189628|73215&4&1266.7593874516726|73218&4&1034.1047534023028|73221&4&936.9804057600269|73224&4&777.5456957046567|73227&4&184.01175896110058|73229&4&432.18368543179656|73232&4&916.421618712651|73238&4&499.56409717793986|73241&4&506.7113755354069|73246&4&363.03174922522925|73252&4&1131.6714548929413|73255&4&797.3615908455711|73264&4&712.2435500249555|73267&4&69.38967442258244|73276&4&1068.5886040566156|73279&4&84.54273263913569|73280&4&1263.0412946812319|73283&4&250.6397176790286|73306&4&123.96562585222301,2|73194&4&749.1298549869379|73203&4&68.86938870025048|73209&4&1350.775966226715|73219&4&51.387116982801686|73220&4&157.5810933788607|73223&4&846.9186494727642|73226&4&309.88347168417806|73237&4&1390.256077198589|73242&4&173.5917605958224|73252&4&23.0762226910604|73257&4&401.19148537957216|73258&4&635.3242097590055|73262&4&1694.2936120856007|73266&4&276.5432265266382|73268&4&170.82197205543665|73271&4&365.6834957545565|73278&4&1570.5361705612045|73279&4&366.8544555706883|73282&4&595.5124737440534|73285&4&211.55384909338517|73294&4&171.54682322474196|73295&4&598.4746286100212,2|73192&4&167.71617740263528|73198&4&57.22661828364113|73203&4&294.4861031168141|73212&4&1044.335642903409|73217&4&1599.0569539820522|73224&4&149.57809524511467|73235&4&546.2332007539118|73239&4&1029.7754984501755|73243&4&793.1742350006231|73263&4&868.3678544636031|73267&4&513.4395530009019|73270&4&1405.5148977967274|73271&4&206.5585129090215|73283&4&281.47397961270053|73286&4&5.213735411326394|73287&4&256.48137313683986|73296&4&63.57910563745037|73300&4&66.9827355552985,2|73193&4&856.6561923450696|73198&4&195.94369308472469|73199&4&922.6855992672861|73209&4&621.5522274220646|73228&4&397.8025548324475|73232&4&24.417510122648316|73235&4&191.31427492474828|73257&4&1731.8117383577137|73269&4&446.51080866964253|73285&4&123.28490586946351
162|4,130,1,1,1,1,1,1,1,1,1,1,1,1,1,1,1,1,1,1,1,1,1,1,1,1,1,1,1,1,1,1,1,1,1,1,1,1,1,1,1,1,1,1,1,1,1,1,1,1,1,1,1,1,1,1,1,1,1,1,1,1,1,1,1,1,1,1,1,1,1,1,1,1,1,1,1,1,1,1,1,1,1,1,1,1,1,1,1,1,1,1,1,1,1,1,1,1,1,1,1,1,0,0,0,0,0,0,0,0,0,0,0,0,0,0,0,0,0,0,0,0,2|73190&4&9.455899057811862|73191&4&322.1042201561874|73195&4&5.01291843563524|73200&4&917.5343660910156|73203&4&127.02775688471318|73204&4&1065.7038841028107|73207&4&134.01267952601276|73215&4&403.80352203532846|73220&4&127.93453113625225|73235&4&66.5525960115497|73238&4&519.8212756705979|73244&4&950.5489179783535|73246&4&11.053861395350168|73248&4&1108.6485740233209|73251&4&787.4114804720439|73256&4&882.5639321747608|73263&4&844.4699095102641|73266&4&492.21597825608586|73279&4&360.6424667265679|73299&4&103.42302153319874,2|73192&4&244.86340607859674|73201&4&40.37220451203278|73213&4&993.4599025217613|73221&4&949.4212154976249|73230&4&912.084925364147|73231&4&965.6930359382717|73233&4&984.1769831241035|73238&4&212.61458212802|73240&4&1422.5694919237515|73241&4&167.98554429886474|73265&4&327.73148070716445|73275&4&1093.545461062863|73276&4&292.6350241179381|73299&4&99.42402585223547|73300&4&117.32379636935916|73302&4&176.68141801977058|73308&4&4.111110340152929,2|73190&4&582.0768584567417|73191&4&112.11327919182006|73201&4&835.590437201396|73220&4&91.66675385495577|73222&4&1009.425927188953|73242&4&607.9095919712704|73247&4&34.04733530300382|73260&4&1044.5876724155269|73265&4&334.6931749040357|73266&4&474.4612696404082|73267&4&39.05273500206461|73268&4&1346.4599352686114|73271&4&308.1955306630556|73283&4&123.24226589259798|73286&4&1637.1217512829464|73295&4&133.79553788866255|73302&4&406.70516633716096|73306&4&5.092455095243596|73307&4&179.6420664204721,2|73195&4&1321.8565330395975|73201&4&21.55476313291684|73202&4&489.0666048447337|73204&4&31.195176028871916|73210&4&886.09992391184|73216&4&950.6859804939579|73228&4&886.7852614289977|73234&4&102.31051802314812|73236&4&1312.7446347286964|73245&4&1493.222005371354|73249&4&1402.731469367598|73253&4&1381.2344330673877|73254&4&538.271439773923|73273&4&348.14921780772204|73284&4&165.04363244633234|73288&4&1120.3912613841394|73300&4&3.9468615707531587|73301&4&8.881784197001252E-16|73303&4&65.84036135233654,2|73197&4&243.56601132744495|73204&4&575.7549767854979|73206&4&729.3912636631603|73210&4&2.9188221372676644|73211&4&1410.426547481594|73218&4&75.89147509844193|73222&4&105.66397148576797|73225&4&532.7793815276805|73233&4&1.1571597556067985|73242&4&431.65993465539003|73248&4&462.20642824954575|73250&4&501.4654324599385|73252&4&261.54954818174815|73261&4&1267.761064465294|73272&4&0.0|73275&4&155.35314125463003|73282&4&1290.53815749211|73295&4&8.32961619968044|73297&4&-5.773159728050814E-15|73300&4&106.26745326241462,2|73189&4&906.039342220274|73190&4&319.6711461452976|73192&4&135.0606475789732|73196&4&1386.1007768864333|73208&4&2183.2139907764704|73218&4&359.7971425125067|73219&4&935.1790752599513|73244&4&463.32803406775815|73254&4&717.8442099066278|73259&4&318.4656086290966|73267&4&11.88090103240427|73274&4&314.90411845278334|73276&4&0.0|73277&4&581.6759318988832|73285&4&391.6584574800461|73300&4&127.93548910820762|73302&4&2.11137489749081,2|73198&4&211.1961913915017|73205&4&500.03220255177916|73207&4&1281.5706754635587|73214&4&721.61177076623|73215&4&1237.714107539201|73218&4&953.3140415153151|73221&4&1097.3746522861816|73224&4&825.9945999876904|73227&4&173.1673588134383|73229&4&469.1424714982763|73232&4&986.3091293256387|73238&4&658.7960740861305|73241&4&476.051462404915|73246&4&323.5580249160788|73252&4&1042.3704203534658|73255&4&923.4955797655125|73264&4&680.0350175975999|73267&4&58.552076407061364|73276&4&1001.9229192967125|73279&4&60.71674774523353|73280&4&1217.7961362810029|73283&4&233.62793008400448|73306&4&115.3599347309923,2|73194&4&699.0503521744454|73203&4&65.42591926523795|73209&4&1382.2759528743281|73219&4&34.30528494442149|73220&4&149.64609460765544|73223&4&844.0314363106015|73226&4&292.0040029360822|73237&4&1363.788050444613|73242&4&395.1387580493294|73252&4&19.230185575883667|73257&4&677.0208168207594|73258&4&662.8986330274406|73262&4&1857.219761533881|73266&4&370.39654670766777|73268&4&133.0053651258297|73271&4&344.31150467742003|73278&4&1461.3130824505142|73279&4&451.0386247667325|73282&4&539.6968837073955|73285&4&189.10563245770058|73294&4&154.34178526894343|73295&4&631.0685535592365,2|73192&4&250.32525061735402|73198&4&43.09375690825722|73203&4&271.16678442244785|73212&4&958.5356698473176|73217&4&1531.2932513994915|73224&4&119.8228771564527|73235&4&546.9402555115705|73239&4&1101.6042826467826|73243&4&806.422345050418|73263&4&756.2757762929972|73267&4&771.780930930738|73270&4&1665.219595343723|73271&4&196.2305872635704|73283&4&395.4321087176221|73286&4&0.0|73287&4&226.49920135000576|73296&4&116.95882604201049|73300&4&57.78941497788333,2|73193&4&794.2076944802502|73198&4&311.26509906026456|73199&4&881.9053039923161|73209&4&514.7946269577658|73220&4&203.57997726322122|73228&4&320.21311511095115|73232&4&8.60074973675701|73235&4&163.31466338716857|73257&4&1551.7040340745975|73269&4&595.9262467437525|73273&4&228.37239254953505|73285&4&96.96059002751161
163|4,130,1,1,1,1,1,1,1,1,1,1,1,1,1,1,1,1,1,1,1,1,1,1,1,1,1,1,1,1,1,1,1,1,1,1,1,1,1,1,1,1,1,1,1,1,1,1,1,1,1,1,1,1,1,1,1,1,1,1,1,1,1,1,1,1,1,1,1,1,1,1,1,1,1,1,1,1,1,1,1,1,1,1,1,1,1,1,1,1,1,1,1,1,1,1,1,1,1,1,1,1,0,0,0,0,0,0,0,0,0,0,0,0,0,0,0,0,0,0,0,0,2|73190&4&-9.237055564881302E-14|73191&4&451.88074126989386|73195&4&-1.5987211554602254E-14|73200&4&838.3235460667416|73203&4&118.11425788417074|73204&4&974.9171781740542|73207&4&90.48301291594191|73215&4&346.42385583635894|73220&4&119.6409630353308|73235&4&61.4331655491228|73238&4&476.22070857922586|73244&4&891.8943907093146|73246&4&5.526930697675084|73248&4&1353.9824214862483|73251&4&748.4984923017253|73254&4&267.69255392176046|73256&4&893.1123778557096|73263&4&791.3649464885996|73266&4&455.1712745290208|73279&4&335.54143762478805|73299&4&92.64296246173075,2|73192&4&202.0774970614072|73201&4&38.12930426136429|73213&4&1010.1174152034097|73221&4&827.1148795481143|73230&4&894.8832359765212|73231&4&1005.7221757079047|73233&4&986.9506851722433|73238&4&171.6234437758217|73240&4&1474.6983048776624|73241&4&142.0741424358797|73250&4&201.61003690232485|73265&4&403.232556619057|73275&4&1178.9299353643432|73276&4&257.3826230496143|73299&4&126.59992800976505|73300&4&105.15767241656849|73302&4&166.86589223508446|73308&4&2.0555551700764534,2|73190&4&517.1615401131359|73191&4&87.3422658940612|73201&4&758.3292086078372|73220&4&73.61031693570052|73222&4&1112.5970360230913|73242&4&764.1789656339607|73247&4&35.65330556681354|73260&4&972.7656359876369|73265&4&307.53274784801823|73266&4&404.03713340300243|73267&4&36.26325393048857|73268&4&1318.5623193778279|73271&4&257.72109096882645|73281&4&119.18852231294755|73283&4&97.78904996302707|73286&4&1626.4571370505519|73295&4&111.57422934059616|73302&4&362.39605533678406|73306&4&1.706268833708172|73307&4&194.6413613447021,2|73195&4&1400.0815831438013|73201&4&8.947866403286863|73202&4&506.939091112769|73204&4&12.293990921602504|73210&4&896.729128117679|73216&4&1083.5465438267538|73228&4&956.4609635314496|73234&4&97.19499212199071|73236&4&1348.7117428165518|73245&4&1422.8744498557369|73249&4&1269.191693625467|73253&4&1527.2542233483302|73254&4&469.32238798999015|73273&4&301.20947131706583|73284&4&156.29836994001005|73288&4&1098.759581334157|73300&4&0.9045087651933635|73303&4&60.280661732927015,2|73197&4&200.2125147958754|73204&4&581.9406627960749|73206&4&807.7875593790179|73210&4&-2.042810365310288E-14|73211&4&1297.827255792106|73218&4&44.74133651196685|73222&4&69.86531473955822|73225&4&630.9519939388827|73233&4&0.7714398370712274|73242&4&343.9001363447294|73248&4&377.91628547010794|73250&4&452.01954477410777|73252&4&480.07671983097504|73261&4&1226.303191901113|73275&4&116.95222922545076|73282&4&1341.0775465632084|73295&4&2.2792931711105715|73300&4&100.67442940649806|73302&4&166.0238663420048,2|73189&4&829.9227822461729|73190&4&472.62045348658114|73192&4&124.28525176990127|73196&4&1380.9793201265443|73208&4&2075.7268278997253|73218&4&528.7683071339392|73219&4&996.8138879454259|73244&4&394.30526987520324|73254&4&677.2564339787363|73259&4&272.3913581458794|73267&4&4.493808958228421|73274&4&294.253589527854|73277&4&536.3568637409768|73285&4&367.3463922239398|73300&4&119.20753265447735|73302&4&1.0658141036401503E-14,2|73197&4&190.52272365305475|73198&4&197.30445428550905|73205&4&0.0|73207&4&1434.407186556356|73214&4&658.7011825134972|73215&4&1158.4354983706792|73218&4&872.5233296283274|73221&4&1316.4381532314894|73224&4&769.8100749534873|73227&4&162.32295866577604|73229&4&438.996566875563|73232&4&1075.9093573277578|73238&4&681.2508134411487|73241&4&445.39154927442314|73246&4&306.12649396914577|73252&4&953.0693858139905|73255&4&1130.992515017184|73264&4&767.8054705296511|73267&4&47.714478391540275|73276&4&935.2572345368092|73279&4&45.194130431093626|73280&4&1105.151801524545|73283&4&216.6161424889804|73306&4&151.74273953285063,2|73194&4&719.4263081004062|73203&4&61.98244983022543|73209&4&1659.1119776941623|73219&4&20.141495173685225|73220&4&141.71109583645023|73223&4&916.8936582481015|73226&4&296.44681837603673|73237&4&1263.263697957578|73242&4&374.3077228352008|73252&4&15.384148460706934|73257&4&888.9464841520818|73258&4&693.7306873673595|73262&4&1895.6167671975231|73266&4&452.03097805402587|73268&4&95.18875819622275|73271&4&322.9395136002836|73278&4&1567.540599324818|73279&4&529.4572626127292|73282&4&483.8812936707375|73285&4&166.65741582201605|73294&4&137.1367473131449|73295&4&660.2382907051651,2|73192&4&338.32390050449834|73198&4&33.170143903568494|73203&4&247.8474657280816|73212&4&964.1082374229127|73217&4&1608.0257943607894|73224&4&91.48287873343598|73235&4&558.7654026379332|73239&4&1088.6459915772837|73243&4&926.5977359792279|73263&4&647.5113621684809|73267&4&888.7870364941682|73270&4&1769.2940134306227|73271&4&219.42351356265533|73283&4&440.34408784283823|73287&4&196.51702956317166|73296&4&143.16025372773944|73300&4&48.59609440046816|73303&4&20.737869870117947,2|73193&4&726.9982237560749|73198&4&338.53336938379596|73199&4&947.0198037595594|73201&4&204.16087595507366|73209&4&414.1981145149008|73220&4&242.73678380274407|73228&4&251.021446648812|73232&4&1.7359497997720725|73235&4&135.32019849604163|73244&4&304.57370516865086|73257&4&1377.2742010933025|73269&4&547.7391051231175|73272&4&62.43823470698571|73273&4&299.1719753539107|73285&4&109.34088754351944|73290&4&48.11129533225039
164|4,130,1,1,1,1,1,1,1,1,1,1,1,1,1,1,1,1,1,1,1,1,1,1,1,1,1,1,1,1,1,1,1,1,1,1,1,1,1,1,1,1,1,1,1,1,1,1,1,1,1,1,1,1,1,1,1,1,1,1,1,1,1,1,1,1,1,1,1,1,1,1,1,1,1,1,1,1,1,1,1,1,1,1,1,1,1,1,1,1,1,1,1,1,1,1,1,1,1,1,1,1,0,0,0,0,0,0,0,0,0,0,0,0,0,0,0,0,0,0,0,0,2|73191&4&484.99912026435123|73200&4&774.2426229053062|73203&4&109.20075888362831|73204&4&884.1304722452978|73207&4&49.52961333175342|73215&4&290.85596526265135|73220&4&111.34739493440935|73235&4&56.3137350866959|73238&4&432.62014148785397|73244&4&833.2398634402757|73246&4&0.0|73248&4&1340.2069715629534|73251&4&721.1383518247184|73254&4&317.9199057043485|73256&4&796.6764104184158|73263&4&945.4925328955769|73266&4&418.1265708019558|73279&4&310.44040852300816|73299&4&82.4068387433233,2|73192&4&163.5137643805395|73201&4&35.8864040106958|73213&4&939.345685597746|73221&4&715.6202214964048|73230&4&814.0701491714899|73231&4&895.0643931506492|73233&4&988.4922538572921|73238&4&138.40553040765263|73240&4&1359.5718575780202|73241&4&122.76838179097084|73250&4&303.9888520833414|73265&4&511.1282728964348|73275&4&1107.2827210820114|73276&4&222.13022198129056|73299&4&153.59589952454775|73300&4&208.25381453246348|73302&4&157.05036645039837|73308&4&-3.552713678800501E-15,2|73190&4&452.2462217695301|73191&4&70.34135557447631|73201&4&681.0679800142788|73220&4&55.553880016445355|73222&4&1215.8338012364347|73242&4&830.1952191771012|73247&4&56.02187178541578|73260&4&1070.103905946392|73265&4&280.3723207920008|73266&4&337.59086054740953|73267&4&33.473772858912525|73268&4&1344.6346625247297|73271&4&208.80464112254268|73281&4&0.0|73283&4&74.153616923377|73286&4&1671.2129347799873|73295&4&89.35292079252976|73302&4&318.086944336407|73306&4&2.220446049250313E-15|73307&4&220.06655241916405,2|73195&4&1300.7162533403646|73201&4&-2.8421709430404007E-14|73202&4&584.1255688372216|73204&4&5.035582397243154|73210&4&981.1505816484771|73216&4&1034.8196509368568|73228&4&1029.6120851804587|73234&4&92.0794662208333|73236&4&1367.8312817337996|73245&4&1456.9297793489245|73249&4&1305.5482618019257|73253&4&1679.6510025639227|73254&4&406.63270692448583|73273&4&262.97501388102233|73284&4&147.55310743368776|73288&4&1023.8905597638225|73300&4&-1.5543122344752192E-15|73303&4&55.02544597939327,2|73197&4&163.17974935520766|73204&4&549.2752614289229|73206&4&770.4478624311078|73211&4&1389.6830901120404|73218&4&20.946996549144345|73222&4&38.27267439497674|73225&4&572.8883526342163|73233&4&0.3857199185356137|73242&4&269.4407260156113|73248&4&310.580683167278|73250&4&411.89934732636686|73252&4&562.9605476627695|73261&4&1236.6566676725802|73275&4&91.45874168323789|73282&4&1262.9571458195614|73295&4&-2.6645352591003757E-15|73300&4&95.08140555058151|73302&4&200.7380255874058,2|73189&4&822.1100387366205|73190&4&452.239065667811|73192&4&113.50985596082933|73196&4&1302.1899563432726|73208&4&1995.8298993982075|73218&4&659.8221663621202|73219&4&1099.4406024555774|73244&4&336.63504276400255|73254&4&636.6686580508447|73259&4&327.797117126999|73267&4&-3.019806626980426E-14|73274&4&392.5760564848573|73277&4&491.0377955830703|73285&4&343.03432696783347|73300&4&110.47957620074708,2|73197&4&341.5624550770002|73198&4&183.4127171795164|73205&4&150.2996930693274|73207&4&1510.3290985407657|73214&4&595.7905942607645|73215&4&1079.1568892021571|73218&4&791.7326177413396|73221&4&1470.5074370339314|73224&4&763.0780470845832|73227&4&151.47855851811377|73229&4&408.85066225284993|73232&4&1088.6898816294765|73238&4&655.7363050700994|73241&4&414.7316361439313|73246&4&545.7810503515142|73252&4&863.7683512745152|73255&4&1076.4744613695239|73264&4&772.5925202202282|73267&4&36.87688037601919|73276&4&868.5915497769058|73279&4&36.35315060671197|73280&4&1009.4936227167145|73283&4&199.60435489395627|73306&4&140.8876236154655,2|73194&4&673.2825787611154|73203&4&58.5389803952129|73209&4&1670.23816733818|73219&4&11.39087189543193|73220&4&133.77609706524498|73223&4&920.8544254603794|73226&4&289.67448079058465|73237&4&1190.4666840525638|73242&4&353.4766876210722|73252&4&11.5381113455302|73257&4&841.2984354714213|73258&4&644.0256569625994|73262&4&1835.7300366460106|73266&4&425.96721150201313|73268&4&58.70187417963672|73271&4&301.56752252314715|73278&4&1546.586403650751|73279&4&635.9112474907504|73282&4&428.0657036340796|73285&4&144.2091991863315|73294&4&193.79566057683604|73295&4&614.3375433006743,2|73192&4&349.0769440663141|73198&4&26.53611512285477|73203&4&224.52814703371536|73212&4&871.261975491766|73217&4&1657.315030344794|73224&4&63.14288031041928|73235&4&597.8471996038525|73239&4&1050.5356249683784|73243&4&1003.328953068836|73263&4&540.9540368267583|73267&4&837.4721845697699|73270&4&1839.136559753186|73271&4&225.31856302091532|73283&4&464.4056493174365|73287&4&166.53485777633756|73296&4&170.43581443338977|73300&4&39.402773823052996|73303&4&41.70715096491084,2|73193&4&659.7887530318998|73194&4&27.948656631529445|73198&4&319.1140308524641|73199&4&860.3626664631956|73201&4&350.7396169381433|73209&4&331.0228327072456|73220&4&246.89246960063215|73228&4&194.92045637541554|73232&4&0.8295403162749401|73235&4&111.09198952676344|73241&4&93.41432933233378|73244&4&307.4126005328834|73257&4&1210.703067367572|73269&4&628.2658469419831|73272&4&230.78995956807583|73273&4&384.4680378712634|73285&4&85.5823245975524|73290&4&76.54983111679454
165|4,130,1,1,1,1,1,1,1,1,1,1,1,1,1,1,1,1,1,1,1,1,1,1,1,1,1,1,1,1,1,1,1,1,1,1,1,1,1,1,1,1,1,1,1,1,1,1,1,1,1,1,1,1,1,1,1,1,1,1,1,1,1,1,1,1,1,1,1,1,1,1,1,1,1,1,1,1,1,1,1,1,1,1,1,1,1,1,1,1,1,1,1,1,1,1,1,1,1,1,1,1,0,0,0,0,0,0,0,0,0,0,0,0,0,0,0,0,0,0,0,0,2|73191&4&502.33213719874357|73200&4&710.161699743871|73203&4&100.28725988308587|73204&4&793.3437663165414|73207&4&22.560730059788625|73215&4&240.91594081898285|73220&4&103.0538268334879|73235&4&51.194304624269|73238&4&389.01957439648197|73244&4&774.5853361712368|73248&4&1291.8102514388538|73251&4&741.5620232375184|73254&4&480.57249092851254|73256&4&702.6214442541291|73263&4&1374.3379663905584|73266&4&381.0818670748908|73279&4&285.3393794212283|73299&4&73.19498455232916,2|73192&4&128.28055916806008|73201&4&33.64350376002731|73213&4&1026.9147521371647|73221&4&614.1423964340497|73230&4&733.2570623664585|73231&4&786.4916383126836|73233&4&922.528840882766|73238&4&107.81266556212974|73240&4&1233.168600405958|73241&4&104.86628242063244|73250&4&288.2853843869185|73265&4&577.8224651909848|73275&4&1280.483528703487|73276&4&186.87782091296685|73299&4&144.92889108704924|73300&4&190.32457727623853|73302&4&147.23484066571228,2|73190&4&396.45399681547383|73191&4&55.88353119655024|73201&4&603.8067514207202|73220&4&37.497443097190185|73222&4&1254.6296810976191|73242&4&765.5740168705984|73247&4&52.41665089086488|73260&4&1050.8127853598485|73265&4&253.21189373598332|73266&4&272.39792049400523|73267&4&30.684291787336484|73268&4&1268.5715986931268|73271&4&160.92429143017648|73283&4&50.518183883726934|73286&4&1611.2743942682591|73295&4&67.13161224446337|73302&4&273.77783333602997|73307&4&205.8467246928272,2|73195&4&1257.7038251030208|73202&4&533.1098265536816|73204&4&3.057363203973351|73210&4&1016.1124266594431|73216&4&972.3669753430281|73228&4&1164.6546166479127|73234&4&86.96394031967588|73236&4&1435.0831891346652|73245&4&1612.8239413939648|73249&4&1467.3934210060577|73253&4&1598.7094858442224|73254&4&347.54330292945394|73273&4&224.7405564449789|73284&4&138.80784492736547|73288&4&1009.8535769796108|73303&4&51.75654162836969,2|73196&4&246.36953619679105|73197&4&128.4022429129296|73204&4&516.6098600617711|73206&4&736.2939432578959|73211&4&1352.0673833719031|73218&4&7.26551359898805|73222&4&18.900549422475123|73225&4&516.300321264481|73233&4&0.0|73242&4&213.32596726224344|73248&4&253.39295399018246|73250&4&373.13805463013495|73252&4&634.634875394444|73261&4&1219.6555568844049|73275&4&66.22805936950581|73282&4&1349.6834798069776|73300&4&89.48838169466495|73302&4&190.2860646421805,2|73189&4&771.4717575601348|73190&4&427.0117039693483|73192&4&102.73446015175738|73196&4&1172.4085935013638|73208&4&1988.530271322535|73218&4&762.7000861345534|73219&4&1027.441236086421|73244&4&279.8102419301046|73254&4&596.0808821229531|73259&4&512.190319416956|73274&4&520.3883855367703|73277&4&445.7187274251638|73285&4&318.7222617117271|73300&4&101.7516197470168,2|73197&4&324.0080255140176|73198&4&169.52098007352376|73205&4&188.9201663456402|73207&4&1453.6308058688164|73214&4&589.9387588407263|73215&4&1062.7429373418424|73218&4&710.9419058543518|73221&4&1650.7491009777327|73224&4&843.1566162159675|73227&4&140.6341583704515|73229&4&378.7047576301367|73232&4&1025.8633495588624|73238&4&713.404379493257|73241&4&384.07172301343945|73246&4&552.0943127673636|73252&4&774.46731673504|73255&4&1065.7341311655737|73264&4&786.5198540169749|73267&4&26.039282360498103|73276&4&801.9258650170026|73279&4&31.013409211420687|73280&4&1067.3836214758226|73283&4&182.59256729893218|73306&4&130.03250769808028,2|73194&4&627.1388494218246|73203&4&55.09551096020038|73209&4&1573.8473363165403|73219&4&9.967012908502976|73220&4&125.84109829403977|73223&4&845.5874742395147|73226&4&260.0386765742217|73237&4&1249.6403015688652|73242&4&332.6456524069436|73252&4&7.692074230353468|73257&4&793.6503867907606|73258&4&668.6944025973186|73262&4&1713.5976900636335|73266&4&513.3802013212825|73268&4&33.58277102112612|73271&4&280.1955314460107|73278&4&1684.9885841972143|73279&4&656.44274036565|73282&4&372.25011359742166|73285&4&121.76098255064693|73294&4&172.89742506006303|73295&4&568.4367958961834,2|73192&4&358.3623299829274|73198&4&19.902086342141068|73203&4&201.2088283393491|73212&4&785.7909794893765|73217&4&1500.5385394729683|73224&4&34.80288188740258|73235&4&558.4308850200749|73239&4&949.5860804587023|73243&4&918.9944568434605|73263&4&447.8142012122023|73267&4&786.1573326453716|73270&4&1844.5867598387413|73271&4&367.86276986724226|73283&4&478.5603219120995|73287&4&0.0|73296&4&179.14255583279197|73300&4&30.20945324563782|73303&4&39.569948741990004,2|73193&4&592.7606416791815|73194&4&56.80092796429003|73198&4&299.69469232113227|73199&4&913.8613401192897|73201&4&468.65674657956964|73209&4&259.72894063487513|73220&4&265.29112908964123|73223&4&78.56441227829873|73228&4&149.61213759637502|73232&4&-5.995204332975845E-15|73235&4&90.720670854091|73241&4&246.81453834975292|73244&4&352.41176248198815|73257&4&1044.1597601905792|73269&4&578.6118715488387|73272&4&219.09436600290456|73273&4&393.445885783747|73285&4&113.70474793006818|73290&4&85.0808533800417
166|4,130,1,1,1,1,1,1,1,1,1,1,1,1,1,1,1,1,1,1,1,1,1,1,1,1,1,1,1,1,1,1,1,1,1,1,1,1,1,1,1,1,1,1,1,1,1,1,1,1,1,1,1,1,1,1,1,1,1,1,1,1,1,1,1,1,1,1,1,1,1,1,1,1,1,1,1,1,1,1,1,1,1,1,1,1,1,1,1,1,1,1,1,1,1,1,1,1,1,1,1,1,0,0,0,0,0,0,0,0,0,0,0,0,0,0,0,0,0,0,0,0,2|73191&4&530.4393720098838|73200&4&870.8470674826502|73203&4&91.37376088254342|73204&4&702.557060387785|73207&4&2.3339484013555594|73215&4&198.88279435051675|73220&4&94.76025873256646|73235&4&46.074874161842104|73238&4&345.41900730511|73244&4&715.930808902198|73248&4&1308.6675709741921|73251&4&668.7887012101316|73254&4&455.0463736637814|73256&4&869.1640476135515|73263&4&1667.6880061376228|73266&4&344.03716334782575|73279&4&260.2383503194484|73299&4&63.98313036133504,2|73192&4&93.0516065512644|73201&4&31.40060350935882|73208&4&136.6962425122822|73213&4&1231.8337972693084|73221&4&524.3350203572331|73230&4&652.4439755614272|73231&4&853.9905610479717|73233&4&917.5356134995561|73238&4&156.21734405572838|73240&4&1218.6286653640493|73241&4&87.40070447230224|73250&4&272.58191669049563|73257&4&190.41794708013796|73265&4&543.938602055101|73275&4&1350.474216771821|73276&4&151.6254198446431|73280&4&270.64431304637685|73299&4&150.87318546412897|73300&4&172.39534002001358|73302&4&137.41931488102617,2|73190&4&340.6617718614173|73191&4&44.67369827670653|73201&4&533.1540706439392|73220&4&21.117525232557803|73222&4&1387.001069825185|73242&4&700.9528145640954|73247&4&52.59073907112939|73260&4&958.3331039951463|73265&4&231.68433394077988|73266&4&214.55986158471254|73267&4&27.894810715760443|73268&4&1418.9796412090855|73271&4&120.19159241061129|73283&4&30.620653054266377|73286&4&1654.57383647495|73295&4&44.91030369639698|73302&4&237.65869248956975|73307&4&191.6268969664903,2|73195&4&1317.461094230099|73202&4&609.3069432108265|73204&4&1.5286816019866807|73210&4&954.6953295727701|73216&4&886.8345177691117|73228&4&1232.3045436469574|73234&4&114.28217621258656|73236&4&1417.9430837050536|73245&4&1491.057165852535|73249&4&1706.1364679133717|73253&4&1603.1811521739237|73254&4&293.1645469558355|73273&4&188.45566753543488|73284&4&130.06258242104317|73288&4&910.4975882150882|73303&4&48.487637277346124,2|73196&4&398.755984240731|73197&4&95.36483236016976|73204&4&483.9444586946191|73206&4&662.2611747097424|73211&4&1291.2140817678182|73218&4&2.8787782985371746|73222&4&7.92883482861115|73225&4&558.0231038957495|73242&4&160.84030412395452|73248&4&202.25843356478993|73250&4&334.49469966551015|73252&4&613.1768984983869|73261&4&1121.6613453756297|73275&4&43.154119877599115|73282&4&1469.8057109884971|73300&4&83.8953578387484|73302&4&179.8341036969552,2|73189&4&846.8552941527394|73190&4&401.78434227088553|73192&4&91.95906434268542|73196&4&1048.2877921168852|73208&4&1800.9304120161758|73218&4&739.149198076535|73219&4&955.4418697172646|73244&4&222.9854410962065|73254&4&555.4931061950615|73259&4&604.1709288454421|73274&4&668.1393055459984|73277&4&400.39965926725733|73285&4&294.4101964556209|73300&4&93.02366329328653,2|73197&4&335.27536708456404|73198&4&155.6292429675311|73205&4&179.0984087956849|73207&4&1471.049269159209|73214&4&524.1752329463587|73215&4&1060.8097081540852|73218&4&630.1511939673641|73221&4&1772.0420294967992|73224&4&878.0777040541054|73227&4&129.78975822278923|73229&4&348.55885300742347|73232&4&964.5523223536892|73238&4&667.9248174796347|73241&4&353.41180988294764|73246&4&624.6995116638981|73252&4&685.1662821955647|73255&4&1057.332473655673|73264&4&853.2474318406474|73267&4&16.52397821362277|73276&4&735.2601802570991|73279&4&25.673667816129417|73280&4&965.3446578607517|73283&4&165.58077970390806|73306&4&119.1773917806951,2|73194&4&582.073462377378|73203&4&51.652041525187855|73209&4&1902.2522079386513|73219&4&8.543153921573982|73220&4&117.90609952283455|73223&4&771.6511814308425|73226&4&230.40287235785877|73237&4&1253.8880931817416|73242&4&311.81461719281504|73252&4&3.8460371151767343|73257&4&746.0023381101|73258&4&750.4628776184564|73262&4&1669.920402325478|73266&4&680.4260725774548|73268&4&11.636502872101936|73271&4&258.82354036887426|73278&4&1801.642232806423|73279&4&617.8187615329567|73282&4&316.43452356076375|73285&4&99.31276591496237|73294&4&151.99918954329002|73295&4&522.5360484916924,2|73192&4&337.2324296105065|73198&4&13.268057561427366|73203&4&177.88950964498287|73212&4&947.0263399618908|73217&4&1389.9642699896535|73224&4&14.61093281542119|73235&4&519.0145704362974|73239&4&848.6365359490259|73243&4&864.91941182286|73263&4&371.2030865781164|73267&4&734.8424807209733|73270&4&1909.3299277750198|73271&4&391.28784708083873|73276&4&112.69072951873636|73283&4&554.328349417813|73296&4&195.68893708812098|73300&4&21.01613266822265|73303&4&37.43274651906917,2|73193&4&560.627776438177|73194&4&53.89100992449671|73198&4&280.2753537898005|73199&4&853.3358390016936|73201&4&443.81113790886377|73209&4&192.46915079828045|73220&4&458.08412805258206|73223&4&133.74742726022075|73228&4&117.58883222958323|73235&4&73.66839856895817|73241&4&234.24027560893444|73244&4&366.9642553118132|73257&4&889.7624524600558|73269&4&530.5623378444825|73272&4&393.2403611123509|73273&4&451.0397001804312|73285&4&251.81885980458773|73290&4&103.01736991770869
167|4,130,1,1,1,1,1,1,1,1,1,1,1,1,1,1,1,1,1,1,1,1,1,1,1,1,1,1,1,1,1,1,1,1,1,1,1,1,1,1,1,1,1,1,1,1,1,1,1,1,1,1,1,1,1,1,1,1,1,1,1,1,1,1,1,1,1,1,1,1,1,1,1,1,1,1,1,1,1,1,1,1,1,1,1,1,1,1,1,1,1,1,1,1,1,1,1,1,1,1,1,1,0,0,0,0,0,0,0,0,0,0,0,0,0,0,0,0,0,0,0,0,2|73191&4&489.6626432199314|73200&4&911.9683497609574|73203&4&82.46026188200098|73204&4&611.7703544590286|73207&4&-1.687538997430238E-14|73215&4&164.82369780545883|73220&4&86.46669063164501|73235&4&40.955443699415206|73238&4&301.8184402137381|73244&4&657.276281633159|73248&4&1513.507142626168|73251&4&596.0153791827449|73254&4&429.5202563990503|73256&4&949.0493237370625|73263&4&1737.335344970659|73266&4&306.99245962076066|73279&4&235.13732121766856|73299&4&55.013693150132625,2|73192&4&60.429195629804376|73196&4&144.11093482047272|73201&4&29.157703258690333|73208&4&401.9345470900512|73213&4&1243.863123526188|73221&4&449.531478315932|73230&4&705.1748506010051|73231&4&1085.269261121211|73233&4&831.2865501282597|73238&4&121.67460204324941|73240&4&1260.0849292961707|73241&4&69.935126523972|73250&4&256.87844899407276|73257&4&196.79767635276482|73265&4&510.05473891921724|73273&4&106.702971403785|73275&4&1243.6993915207618|73276&4&117.46605827958079|73280&4&488.33725202682143|73299&4&186.27214924799748|73300&4&247.7537252867986|73302&4&127.60378909634007,2|73190&4&284.8695469073609|73191&4&35.48390034088815|73201&4&462.5013898671583|73220&4&7.40510066358045|73222&4&1495.5665568844474|73242&4&726.8798146677015|73247&4&48.79655272283772|73260&4&1074.5375154858918|73265&4&210.15677414557643|73266&4&159.37548243048076|73267&4&25.1053296441844|73268&4&1451.4829665674465|73271&4&80.83157108577025|73283&4&14.474836123612022|73286&4&1725.0679367610253|73295&4&30.74227597353424|73302&4&203.91610271806428|73307&4&177.40706924015342,2|73195&4&1295.5798868667996|73202&4&553.7353004801596|73204&4&1.021405182655144E-14|73210&4&883.8170915954998|73216&4&801.3020601951953|73228&4&1327.7333779623984|73234&4&130.9853922447117|73236&4&1309.620248518172|73245&4&1342.4219581556226|73249&4&1708.1908196433674|73253&4&1781.3726653619324|73254&4&238.785790982217|73273&4&157.95741875603375|73284&4&121.31731991472088|73288&4&812.5661892513299|73303&4&45.21873292632256,2|73196&4&378.20226118820244|73197&4&68.96828594778927|73204&4&521.3301773755533|73206&4&711.2899148689535|73211&4&1371.4506839206088|73218&4&0.0|73222&4&-4.085620730620576E-14|73225&4&586.313166257655|73242&4&111.50605043563431|73248&4&151.12391313939736|73250&4&295.8513447008855|73252&4&758.8573463304374|73261&4&1113.7696717293102|73275&4&20.964254523861623|73282&4&1749.0665482086815|73300&4&78.30233398283184|73302&4&169.38214275172993,2|73189&4&834.6502872964821|73190&4&393.1397780774664|73192&4&81.18366853361348|73196&4&938.1927541098729|73208&4&1621.7903331901118|73218&4&882.7224374214302|73219&4&883.4425033481077|73244&4&166.16064026230842|73254&4&514.9053302671699|73259&4&581.405126410108|73274&4&709.1850730652973|73277&4&355.08059110935085|73285&4&270.09813119951457|73300&4&84.29570683955626,2|73197&4&476.46884210910923|73198&4&141.73750586153844|73205&4&169.27665124572957|73207&4&1338.3182422190087|73214&4&511.16628837272475|73215&4&1034.1947645845496|73218&4&549.3604820803762|73221&4&1788.9530977808017|73224&4&900.9319368602921|73227&4&118.94535807512696|73229&4&318.41294838471026|73232&4&868.4890439944305|73238&4&622.4452554660124|73241&4&322.7518967524558|73246&4&673.648020438078|73252&4&595.8652476560893|73255&4&1223.4650583455395|73264&4&841.4973236718888|73267&4&7.008674066747428|73276&4&668.5944954971959|73279&4&20.333926420838146|73280&4&875.6042375910849|73283&4&148.56899210888398|73306&4&108.32227586330991,2|73194&4&537.0080753329314|73203&4&48.20857209017533|73209&4&2083.0234861578992|73219&4&7.119294934644986|73220&4&109.97110075162932|73223&4&698.6508938597026|73226&4&200.76706814149583|73237&4&1246.623304487493|73242&4&290.9835819786864|73252&4&8.881784197001252E-16|73257&4&698.3542894294394|73258&4&897.0360911612584|73262&4&1633.7852365611043|73266&4&975.6867416891793|73268&4&4.618527782440651E-14|73271&4&237.45154929173782|73278&4&1917.7289100269736|73279&4&579.1947827002635|73282&4&260.6189335241059|73285&4&76.86454927927781|73294&4&131.100954026517|73295&4&476.63530108720147,2|73192&4&316.1025292380855|73198&4&6.634028780713662|73203&4&154.57019095061662|73212&4&1036.8208292487973|73217&4&1318.815378583515|73224&4&4.045782064626114|73235&4&479.5982558525196|73239&4&812.5160041321722|73243&4&781.0704079643367|73263&4&304.87372430161497|73267&4&752.4894939372209|73270&4&1807.9905069448375|73271&4&560.7601604905133|73276&4&141.82481920253574|73283&4&692.9505558633632|73287&4&239.76386110157426|73296&4&180.33494775509564|73300&4&11.822812090807478|73303&4&35.29554429614833,2|73193&4&685.4978100624426|73194&4&50.98109188470338|73198&4&260.8560152584687|73199&4&903.5492614967467|73201&4&418.96552923815784|73209&4&135.72559148330208|73220&4&533.443644311026|73223&4&188.15437965755532|73228&4&86.88073113439171|73235&4&56.61612628382534|73241&4&221.66601286811596|73244&4&346.0885737887476|73257&4&767.6389083528073|73269&4&507.1704160967918|73272&4&467.07998944189256|73273&4&425.0093551231561|73285&4&456.3996535183238|73290&4&117.47198641065064
168|4,130,1,1,1,1,1,1,1,1,1,1,1,1,1,1,1,1,1,1,1,1,1,1,1,1,1,1,1,1,1,1,1,1,1,1,1,1,1,1,1,1,1,1,1,1,1,1,1,1,1,1,1,1,1,1,1,1,1,1,1,1,1,1,1,1,1,1,1,1,1,1,1,1,1,1,1,1,1,1,1,1,1,1,1,1,1,1,1,1,1,1,1,1,1,1,1,1,1,1,1,1,0,0,0,0,0,0,0,0,0,0,0,0,0,0,0,0,0,0,0,0,2|73191&4&448.8859144299791|73200&4&970.4037623386445|73203&4&73.54676288145853|73204&4&520.9836485302721|73215&4&131.2797176212687|73220&4&78.17312253072356|73235&4&35.83601323698831|73238&4&258.21787312236603|73244&4&598.62175436412|73248&4&1580.1511923227772|73251&4&523.2420571553581|73254&4&597.1830577929765|73256&4&865.4008374754609|73263&4&1621.3414846013045|73266&4&269.94775589369567|73279&4&210.03629211588873|73299&4&47.008847916684765,2|73192&4&31.341708035376577|73196&4&371.4577986989461|73201&4&26.914803008021845|73208&4&605.9504416054481|73213&4&1340.9917585775609|73221&4&380.6853747103947|73230&4&901.5986039930192|73231&4&1281.7280215948008|73233&4&742.7040603902121|73238&4&417.55142414270404|73240&4&1406.553325264952|73241&4&52.831308301926285|73250&4&241.17498129764988|73257&4&481.7446098432524|73265&4&476.17087578333343|73273&4&150.8454102934682|73275&4&1308.4249292094225|73276&4&89.27687488235846|73280&4&694.9096093699401|73299&4&210.23964840698096|73300&4&287.48821594644664|73302&4&117.78826331165396,2|73190&4&229.25234436625854|73191&4&27.11557204268574|73201&4&391.8487090903774|73220&4&0.0|73222&4&1611.6636865523074|73224&4&38.77548535224577|73228&4&92.56257699511423|73242&4&986.3819807331834|73247&4&45.00236637454604|73260&4&1111.5422259450258|73265&4&188.62921435037302|73266&4&115.53786872377783|73267&4&22.31584857260836|73268&4&1354.5550170916665|73271&4&48.00867713743761|73283&4&5.743675710560644|73286&4&1818.2826173333601|73295&4&18.957090637153552|73302&4&172.5560200963272|73307&4&163.18724151381656,2|73195&4&1336.6837060650205|73202&4&498.61066607488914|73210&4&810.4478803266885|73216&4&748.6420489180022|73228&4&1234.1566512614459|73234&4&123.07615675270159|73236&4&1192.925561916644|73245&4&1282.4820079975134|73249&4&1717.4248660104545|73253&4&1846.9710373744397|73254&4&184.9590236603283|73273&4&127.9922632050772|73284&4&112.57205740839859|73288&4&750.1306236097303|73303&4&41.94982857529899,2|73196&4&357.6485381356739|73197&4&52.408755697782155|73204&4&489.9304671050594|73206&4&901.638652484768|73211&4&1337.4341542441127|73225&4&534.7844821225268|73242&4&69.62042654560753|73248&4&110.69270972011371|73250&4&257.20798973626074|73252&4&804.1640484376455|73261&4&1019.3734139619984|73275&4&5.14474761377718|73282&4&1821.2459356482957|73300&4&72.70931012691528|73302&4&158.9301818065046,2|73189&4&787.8895420829593|73190&4&592.9364130181586|73192&4&70.40827272454153|73196&4&835.1656396768917|73208&4&1445.0851936704867|73218&4&927.2042287618458|73219&4&811.4431369789513|73244&4&111.13202070427985|73254&4&474.31755433927844|73259&4&617.8712052607948|73274&4&661.8009570598367|73277&4&337.07710111599283|73285&4&245.7860659434083|73300&4&75.56775038582599,2|73197&4&520.9015175051169|73198&4&127.84576875554578|73205&4&159.45489369577422|73207&4&1429.2959463934978|73214&4&468.5042260772798|73215&4&1019.8996994819803|73218&4&468.56977019338854|73221&4&1667.44269207415|73224&4&825.6385538408443|73227&4&108.10095792746469|73229&4&288.2670437619971|73232&4&772.677821028742|73238&4&576.9656934523902|73241&4&292.09198362196395|73246&4&687.6439728516714|73252&4&506.5642131166141|73255&4&1384.5692755576797|73264&4&781.741338702485|73267&4&0.9779816594096498|73276&4&601.9288107372927|73279&4&15.72286596449257|73280&4&798.7734735227283|73283&4&131.55720451385986|73306&4&97.46715994592473,2|73194&4&491.9426882884849|73203&4&44.765102655162806|73209&4&2463.1430445164096|73219&4&5.695435947715991|73220&4&102.03610198042409|73223&4&631.3375136433685|73226&4&171.13126392513288|73237&4&1233.6090668299298|73242&4&270.1525467645578|73257&4&650.7062407487788|73258&4&957.8965225758745|73262&4&1482.2914060369178|73266&4&1064.9166727881222|73271&4&216.0795582146014|73278&4&2084.6063583428695|73279&4&540.5708038675701|73282&4&204.80334348744796|73285&4&54.41633264359325|73294&4&110.20271850974399|73295&4&430.73455368271055,2|73192&4&650.4196830367375|73198&4&-4.085620730620576E-14|73203&4&131.25087225625037|73212&4&1030.6238297032119|73217&4&1392.175385942648|73221&4&102.26411408536956|73224&4&-1.7763568394002505E-15|73235&4&440.1819412687421|73239&4&950.7987103841168|73243&4&698.7470303676658|73263&4&244.1020085553859|73267&4&814.9521222799046|73270&4&1969.3233517129652|73271&4&692.3802840155261|73276&4&348.88508401690365|73283&4&818.9253845706032|73287&4&279.6404035929821|73295&4&153.46438914335613|73296&4&219.5524818260572|73300&4&2.6294915133923054|73303&4&33.15834207322749,2|73193&4&814.7005832513271|73194&4&56.22279320218889|73198&4&326.97688241488635|73199&4&819.3781578492175|73201&4&474.16127935990346|73209&4&90.56463320118198|73220&4&558.6549629778232|73223&4&260.6336258743818|73228&4&60.61564284197589|73235&4&39.563853998692515|73241&4&209.09175012729747|73244&4&389.5102106974835|73257&4&659.3840288871751|73269&4&461.6763130085287|73272&4&441.35095137656816|73273&4&398.9790100658811|73285&4&574.6938203686409|73290&4&132.68865299224586
169|4,130,1,1,1,1,1,1,1,1,1,1,1,1,1,1,1,1,1,1,1,1,1,1,1,1,1,1,1,1,1,1,1,1,1,1,1,1,1,1,1,1,1,1,1,1,1,1,1,1,1,1,1,1,1,1,1,1,1,1,1,1,1,1,1,1,1,1,1,1,1,1,1,1,1,1,1,1,1,1,1,1,1,1,1,1,1,1,1,1,1,1,1,1,1,1,1,1,1,1,1,1,0,0,0,0,0,0,0,0,0,0,0,0,0,0,0,0,0,0,0,0,2|73191&4&489.3282960641594|73200&4&1019.0441925610169|73203&4&64.6332638809161|73204&4&430.1969426015157|73215&4&97.73573743707858|73220&4&69.87955442980211|73235&4&30.71658277456141|73238&4&214.6173060309941|73244&4&539.9672270950811|73248&4&1670.3525776842725|73251&4&516.375152823038|73254&4&657.8140785702335|73256&4&1027.1865763088447|73263&4&1505.3476242319502|73266&4&232.90305216663063|73279&4&184.93526301410884|73299&4&39.00400268323692,2|73192&4&11.059649796897851|73196&4&526.7762017054816|73201&4&24.671902757353358|73208&4&678.8488525075363|73213&4&1329.7749651197282|73221&4&315.3589561513837|73230&4&1127.6888605882534|73231&4&1314.9839598025665|73233&4&669.4813984181076|73238&4&381.0464977445903|73240&4&1373.905027193528|73241&4&40.76217378295394|73250&4&225.471513601227|73257&4&645.1652220107428|73265&4&442.2870126474496|73273&4&398.3346894585927|73275&4&1261.430692945653|73276&4&65.53678317656576|73280&4&658.2328444496293|73299&4&235.53690507198468|73300&4&322.5047289740048|73302&4&185.61378999449994,2|73190&4&182.07262995854472|73191&4&18.747243744483338|73201&4&328.71477232452867|73222&4&1597.2496735740074|73224&4&36.83671108463348|73228&4&270.8537870980376|73242&4&1262.1603256578644|73247&4&41.20818002625437|73260&4&1242.8194354265863|73265&4&167.1016545551696|73266&4&81.79520160091434|73267&4&19.52636750103232|73268&4&1412.3599000190422|73271&4&23.68726714591648|73283&4&2.87183785528031|73286&4&1902.8296752828269|73295&4&9.736314312670263|73296&4&42.737665778611245|73302&4&141.1959374745901|73307&4&161.46875351597237,2|73195&4&1322.66645046678|73202&4&443.64960506353606|73210&4&776.6025508096498|73216&4&788.2208227413578|73228&4&1140.5799245604935|73234&4&147.9561672724825|73236&4&1413.6866981848384|73245&4&1558.1180136982816|73249&4&1604.2574227719965|73253&4&1801.202867192018|73254&4&140.91208518851184|73273&4&100.26967253141439|73284&4&103.8267949020763|73288&4&882.5205488592931|73303&4&38.680924224275415,2|73196&4&337.0948150831454|73197&4&38.455332169363004|73204&4&818.9748498497652|73206&4&981.8608609221913|73211&4&1452.6021401252228|73225&4&543.0065831716549|73242&4&33.38292377091415|73248&4&81.46814425814975|73250&4&218.56463477163607|73252&4&899.6466552570589|73261&4&923.5799364339401|73275&4&-3.375077994860476E-14|73282&4&1929.6363029995955|73300&4&67.11628627099873|73302&4&148.4782208612793,2|73189&4&774.7546009553073|73190&4&821.5636164009306|73192&4&59.63287691546957|73196&4&737.0703257560061|73208&4&1271.3502032601882|73218&4&971.4943606430667|73219&4&739.4437706097949|73244&4&62.20619778398227|73254&4&433.7297784113868|73259&4&617.3519967429847|73274&4&614.416841054376|73277&4&430.5765355172215|73285&4&221.474000687302|73300&4&66.83979393209572,2|73197&4&533.7439710957726|73198&4&113.95403164955312|73205&4&149.6331361458189|73207&4&1479.1475545769658|73214&4&482.1277547464954|73215&4&1119.9448757476744|73218&4&389.8320230327529|73221&4&1545.9322863674981|73224&4&750.3451708213967|73227&4&97.25655777980242|73229&4&338.15686899193514|73232&4&889.3573995295759|73238&4&531.4861314387679|73241&4&261.4320704914721|73246&4&632.2977866190748|73252&4&417.2631785771388|73255&4&1267.8358584817488|73264&4&722.6859873536588|73267&4&-1.5543122344752192E-15|73276&4&535.2631259773893|73279&4&11.111805508146988|73280&4&730.4835535177604|73283&4&114.54541691883576|73306&4&86.61204402853956,2|73194&4&447.37118495801906|73203&4&41.32163322015028|73209&4&2293.3786434515873|73219&4&4.271576960786995|73220&4&94.10110320921886|73223&4&568.5963245382555|73226&4&346.07034486047644|73237&4&1114.8741433852947|73242&4&249.32151155042925|73257&4&603.0581920681183|73258&4&933.5994332970399|73262&4&1596.542603144796|73266&4&1196.5079168953782|73271&4&194.707567137465|73278&4&2037.2433254441278|73279&4&501.94682503487695|73282&4&148.98775345079005|73285&4&36.52768549818267|73294&4&94.5459854779344|73295&4&384.8338062782196,2|73192&4&698.8221272459739|73203&4&107.93155356188413|73212&4&937.5096157971105|73217&4&1315.3902333983187|73221&4&97.15090838110108|73235&4&483.78350650917884|73239&4&1043.1448713007514|73243&4&663.1596720262038|73263&4&183.3302928091568|73267&4&770.2289446107317|73270&4&1815.3959423447664|73271&4&933.6827107828449|73276&4&441.327734961871|73283&4&818.4505535622222|73287&4&307.1686820332267|73295&4&168.97689330513612|73296&4&202.90100439452632|73300&4&-7.105427357601002E-15|73303&4&31.021139850306653,2|73193&4&845.6150791948119|73194&4&52.90529419453162|73198&4&329.4344320228702|73199&4&757.6791759214972|73201&4&490.20340615825205|73209&4&62.51822747337849|73220&4&559.3457382921391|73223&4&391.4932048205235|73228&4&37.996670955821735|73235&4&22.511581713559693|73241&4&234.97917793706662|73244&4&688.0152823558503|73257&4&559.0206249476691|73269&4&412.8344721559917|73272&4&415.6219133112439|73273&4&372.94866500860604|73285&4&593.588955227385|73290&4&148.21790097130767
170|4,130,1,1,1,1,1,1,1,1,1,1,1,1,1,1,1,1,1,1,1,1,1,1,1,1,1,1,1,1,1,1,1,1,1,1,1,1,1,1,1,1,1,1,1,1,1,1,1,1,1,1,1,1,1,1,1,1,1,1,1,1,1,1,1,1,1,1,1,1,1,1,1,1,1,1,1,1,1,1,1,1,1,1,1,1,1,1,1,1,1,1,1,1,1,1,1,1,1,1,1,1,0,0,0,0,0,0,0,0,0,0,0,0,0,0,0,0,0,0,0,0,2|73191&4&447.8677771667756|73200&4&1054.439043766885|73203&4&55.71976488037366|73204&4&355.353575853146|73215&4&65.90174181487139|73220&4&61.58598632888068|73235&4&25.59715231213451|73238&4&171.01673893962214|73244&4&481.31269982604215|73248&4&1591.334064042077|73251&4&791.9620155182668|73254&4&876.7929414780201|73256&4&925.9970076218191|73263&4&1562.081557889057|73266&4&195.8583484395656|73279&4&159.834233912329|73299&4&31.46715783571088,2|73192&4&3.43235251971726|73196&4&535.6450926479588|73201&4&22.42900250668487|73208&4&752.9997895058488|73213&4&1289.5118593832817|73221&4&250.0325375923727|73230&4&1112.8126804096169|73231&4&1200.96471502608|73233&4&607.1996192458508|73238&4&360.57564237203746|73240&4&1239.0547080684933|73241&4&32.09733135734953|73250&4&209.76804590480413|73256&4&56.33294804151883|73257&4&742.9677880830071|73265&4&408.40314951156586|73273&4&622.2894077800727|73275&4&1300.107841474467|73276&4&44.907573733124735|73280&4&621.5560795293185|73299&4&265.66171589082865|73300&4&293.7583782964264|73302&4&171.9162115864372,2|73190&4&142.5770646753611|73191&4&10.378915446280935|73201&4&266.763063442546|73221&4&274.5721510325086|73222&4&1534.494082866971|73224&4&97.86611912076611|73228&4&289.7069980800597|73242&4&1250.637069098188|73247&4&37.413993677962694|73260&4&1280.027211388547|73265&4&145.57409475996616|73266&4&54.19205021819758|73267&4&16.736886429456277|73268&4&1279.9813899159096|73271&4&7.580927562123463|73283&4&1.687538997430238E-14|73286&4&1905.4081726400266|73295&4&3.3230762927511526|73296&4&63.69749478125766|73302&4&115.54020861361025|73307&4&171.2600181344799,2|73195&4&1327.3081138926789|73202&4&388.6885440521829|73210&4&732.322592539449|73216&4&867.4961668614751|73228&4&1047.003197859541|73234&4&211.23404753188578|73236&4&1502.766060839725|73245&4&1584.276236449264|73249&4&1670.6746466991526|73253&4&1724.0220525218024|73254&4&96.86514671669534|73273&4&82.64678410073736|73284&4&107.06083943218505|73288&4&938.6745298190091|73303&4&35.41201987325184,2|73196&4&316.54109203061694|73197&4&29.631799126500354|73204&4&874.015510075106|73206&4&1143.4361298523547|73211&4&1532.0600116164762|73225&4&508.035640194356|73242&4&14.175878181254404|73248&4&63.147224115412826|73250&4&179.92127980701142|73252&4&944.2737588033854|73261&4&824.6976510879144|73282&4&1836.4357449158583|73300&4&61.52326241508217|73302&4&138.02625991605402,2|73189&4&1019.4536707009548|73190&4&870.132590083592|73192&4&48.857481106397614|73196&4&642.4799152976794|73208&4&1109.0504989804772|73214&4&231.5832432288127|73218&4&1220.2506092123706|73219&4&667.4444042406383|73243&4&194.1940084793942|73244&4&29.70821901247985|73254&4&393.1420024834952|73259&4&638.696444974146|73274&4&567.0327250489156|73277&4&377.9915218955051|73285&4&197.16193543119573|73300&4&58.11183747836544|73302&4&43.41540966226167|73303&4&4.614567198855184,2|73197&4&519.3700696035595|73198&4&100.74119177758878|73205&4&139.81137859586357|73207&4&1463.933047136618|73214&4&414.84355258051517|73215&4&1017.0878902097115|73218&4&314.29498905520984|73221&4&1424.4218806608462|73224&4&675.051787801949|73227&4&153.7029019680689|73229&4&524.6929839558043|73232&4&994.3922392055503|73238&4&486.0065694251456|73241&4&230.77215736098026|73246&4&648.2482454303433|73252&4&336.1794036347242|73255&4&1158.906428997249|73264&4&663.6306360048327|73276&4&468.5974412174861|73279&4&6.500745051801408|73280&4&662.1936335127923|73283&4&97.53362932381165|73306&4&76.18471901696893,2|73194&4&402.79968162755324|73203&4&37.87816378513776|73209&4&2187.6339160170746|73219&4&2.847717973858|73220&4&86.16610443801363|73223&4&514.4613448441404|73226&4&312.5840824633578|73237&4&996.1392199406598|73242&4&228.49047633630065|73255&4&193.4173362291507|73257&4&555.4101433874575|73258&4&865.0342710457717|73262&4&1923.2756846101452|73266&4&1253.9103141057867|73271&4&173.33557606032855|73278&4&1867.954647038451|73279&4&463.3228462021837|73282&4&100.04037743370678|73285&4&22.29024404523555|73294&4&80.9666355799675|73295&4&338.9330588737286,2|73192&4&655.8839863145582|73203&4&84.61223486751788|73212&4&847.7257231597704|73217&4&1298.4834955772021|73221&4&92.0377026768326|73235&4&853.2018452439238|73239&4&1092.7681491866138|73243&4&581.8325124108824|73263&4&122.55857706292764|73267&4&708.8096684436721|73270&4&1892.4752946244134|73271&4&1171.0376898367472|73276&4&579.9159516513816|73283&4&764.698231131557|73287&4&290.48176678719125|73295&4&160.1443876670209|73296&4&188.78698465856883|73303&4&28.88393762738582,2|73193&4&859.7142070940199|73194&4&49.646997960890076|73198&4&304.4303882859658|73199&4&961.245548163747|73201&4&478.3401155268341|73209&4&34.673085430220716|73220&4&585.9845223400688|73223&4&375.3965740808875|73228&4&22.73347942988266|73235&4&5.459309428426867|73241&4&220.48183066871877|73244&4&983.7738387901386|73257&4&470.3938742103819|73269&4&385.62045952991934|73272&4&389.8928752459195|73273&4&346.9183199513309|73285&4&646.8202996511071|73290&4&164.43876976219377|73300&4&66.45887313003648
171|4,130,1,1,1,1,1,1,1,1,1,1,1,1,1,1,1,1,1,1,1,1,1,1,1,1,1,1,1,1,1,1,1,1,1,1,1,1,1,1,1,1,1,1,1,1,1,1,1,1,1,1,1,1,1,1,1,1,1,1,1,1,1,1,1,1,1,1,1,1,1,1,1,1,1,1,1,1,1,1,1,1,1,1,1,1,1,1,1,1,1,1,1,1,1,1,1,1,1,1,1,1,0,0,0,0,0,0,0,0,0,0,0,0,0,0,0,0,0,0,0,0,2|73191&4&402.8612345849279|73200&4&978.2461917603136|73203&4&46.806265879831216|73204&4&293.18162174675484|73215&4&36.35184179011511|73220&4&53.76489555003761|73235&4&20.477721849707613|73238&4&127.41617184825014|73244&4&422.6581725570032|73248&4&1639.5550346393397|73251&4&714.9484116893395|73254&4&962.2902520304885|73256&4&845.653100429987|73263&4&1588.4824520338607|73266&4&158.81364471250055|73279&4&134.73320481054918|73299&4&24.904656367448233,2|73192&4&1.6818004465652892|73196&4&577.3974110283782|73201&4&20.186102256016383|73208&4&904.911061943065|73213&4&1179.4725280100088|73221&4&187.5944366864125|73230&4&1018.0303710679692|73231&4&1089.32649927014|73233&4&589.8549578622569|73238&4&340.1047869994847|73240&4&1199.0917392483889|73241&4&23.432488931745112|73250&4&194.06457820838125|73256&4&323.4962020100726|73257&4&770.9249817579079|73265&4&374.519286375682|73273&4&686.6112785939526|73275&4&1289.7207127289557|73276&4&28.794609419405983|73280&4&692.7167888545924|73299&4&293.70800249612864|73300&4&267.2398203201562|73302&4&158.21863317837452,2|73190&4&108.8265371415149|73191&4&5.189457723140444|73195&4&37.72387286982746|73201&4&209.0984237229413|73221&4&628.5600310221184|73222&4&1532.6470591530483|73224&4&148.6087204324114|73228&4&497.02989181389927|73242&4&1405.753401036065|73247&4&33.61980732967102|73260&4&1176.7702295709482|73265&4&124.04653496476273|73266&4&28.166491750360024|73267&4&13.947405357880234|73268&4&1260.6612458542452|73271&4&-4.263256414560601E-14|73286&4&1751.7232256647649|73295&4&-2.398081733190338E-14|73296&4&122.03435620280763|73302&4&92.78325601875787|73307&4&208.52656805372675,2|73195&4&1205.5940643299334|73202&4&419.10672918263566|73210&4&784.4504803272466|73216&4&782.6908620452451|73228&4&953.4264711585882|73230&4&100.73854868393181|73234&4&0.0|73236&4&1379.5444725733335|73245&4&1700.3859589959943|73249&4&1592.8661451764985|73253&4&1716.0114440697048|73254&4&60.524655545550914|73273&4&71.78954720447126|73284&4&97.71661157404121|73288&4&1171.283659213852|73303&4&32.14311552222827,2|73196&4&295.9873689780884|73197&4&20.80826608363774|73203&4&109.31149538900266|73204&4&813.8506243484703|73206&4&1058.765162253653|73211&4&1777.2458321822396|73212&4&15.20854314416104|73213&4&43.403252356542055|73225&4&615.7632940252989|73239&4&21.560226610407142|73242&4&-2.8421709430404007E-14|73248&4&45.46683288599835|73250&4&141.27792484238674|73252&4&1049.348225244089|73261&4&909.5036693771037|73282&4&1766.8810325252352|73300&4&55.930238559165616|73302&4&127.5742989708287,2|73189&4&1022.849876014784|73190&4&814.523766086486|73192&4&38.08208529732566|73196&4&551.1908203618137|73208&4&956.3668447184268|73214&4&398.353889024071|73218&4&1172.5536538063457|73219&4&595.4450378714819|73243&4&341.7480067215102|73244&4&12.777882086400638|73254&4&352.55422655560363|73259&4&745.2074937825562|73274&4&519.648609043455|73277&4&430.4254535830563|73285&4&172.84987017508945|73295&4&101.3025706804474|73300&4&49.383881024635166|73302&4&99.38345360482663|73303&4&4.383838838912425,2|73197&4&584.7409344239602|73198&4&87.52835190562445|73205&4&129.98962104590822|73207&4&1459.3577133632468|73214&4&362.53518086583017|73215&4&1173.0261218730775|73218&4&255.83556612009102|73221&4&1302.911474954194|73224&4&600.0337190902437|73227&4&139.49396460361015|73229&4&479.5111025364978|73232&4&969.4538043178886|73238&4&440.52700741152336|73241&4&200.1122442304884|73246&4&722.3994348031049|73252&4&270.8620559439965|73255&4&1055.841479935203|73264&4&604.5752846560065|73276&4&401.9317564575828|73279&4&1.8896845954558266|73280&4&593.9037135078244|73283&4&80.52184172878754|73306&4&65.7573940053983,2|73194&4&358.22817829708737|73203&4&34.434694350125234|73209&4&2259.480789979456|73219&4&1.4238589869290046|73220&4&78.23110566680842|73223&4&460.32636515002525|73226&4&280.26244903487293|73237&4&1174.0380115606683|73242&4&207.65944112217204|73255&4&445.2634940095979|73257&4&507.76209470679703|73258&4&796.9433174697597|73262&4&2178.8961439628083|73266&4&1410.6192255127035|73271&4&151.9635849831921|73278&4&1815.9815269085043|73279&4&424.6988673694904|73282&4&56.61929010388606|73285&4&11.413152871233764|73294&4&73.9567957552393|73295&4&293.0323114692377,2|73192&4&765.7995036795247|73203&4&61.29291617315165|73212&4&766.4813160861253|73217&4&1617.3970844548148|73221&4&86.92449697256411|73235&4&918.5188252397822|73239&4&1002.9964187467331|73243&4&504.3010201507151|73263&4&75.5304545704128|73267&4&647.3903922766126|73270&4&1770.7289245664879|73271&4&1149.6001120438584|73276&4&705.496245798258|73283&4&710.9459087008917|73287&4&354.1065507255081|73295&4&151.3118820289057|73296&4&174.67296492261136|73303&4&26.74673540446498,2|73193&4&1010.8619845400406|73194&4&124.55166130887497|73198&4&279.42634454906135|73199&4&905.4262508960687|73201&4&761.1444059204971|73209&4&15.967427106690668|73220&4&547.9011461825581|73223&4&353.8194363388555|73228&4&10.31802568334211|73235&4&4.094482071320167|73241&4&205.98448340037092|73244&4&1216.222429308665|73257&4&389.9907858798687|73269&4&536.1187978159846|73272&4&364.1638371805952|73273&4&320.88797489405573|73285&4&609.0253355235814|73290&4&180.45245735467344|73300&4&63.13592947353466
172|4,130,1,1,1,1,1,1,1,1,1,1,1,1,1,1,1,1,1,1,1,1,1,1,1,1,1,1,1,1,1,1,1,1,1,1,1,1,1,1,1,1,1,1,1,1,1,1,1,1,1,1,1,1,1,1,1,1,1,1,1,1,1,1,1,1,1,1,1,1,1,1,1,1,1,1,1,1,1,1,1,1,1,1,1,1,1,1,1,1,1,1,1,1,1,1,1,1,1,1,1,1,0,0,0,0,0,0,0,0,0,0,0,0,0,0,0,0,0,0,0,0,2|73191&4&357.8546920030802|73200&4&902.0533397537426|73203&4&37.892766879288786|73204&4&232.776877303856|73215&4&17.234749243258122|73220&4&45.94380477119454|73235&4&15.358291387280717|73238&4&83.81560475687819|73244&4&364.0036452879642|73248&4&1596.6635854434464|73251&4&0.0|73254&4&1126.2563597185301|73256&4&770.9905867000041|73263&4&1968.9659626400924|73266&4&121.7689409854355|73279&4&109.63217570876932|73299&4&18.844597515338286,2|73192&4&1.199040866595169E-14|73196&4&573.2264004639732|73201&4&17.943202005347896|73208&4&1127.837504564348|73213&4&1075.5702666915604|73221&4&132.95665919287117|73230&4&932.8474880386169|73231&4&981.8296087550575|73233&4&651.8463433777415|73238&4&409.4235104344597|73240&4&1194.5786728760156|73241&4&14.76764650614069|73250&4&178.36111051195834|73256&4&429.3719544604769|73257&4&726.3517656239565|73265&4&340.6354232397982|73273&4&651.49846730654|73275&4&1331.188609626387|73276&4&13.021919079923354|73280&4&659.6587214975124|73299&4&323.30701352852674|73300&4&244.06752388999098|73302&4&144.52105477031182,2|73190&4&77.55896348447553|73191&4&-2.8421709430404007E-14|73195&4&178.74453655186431|73201&4&156.681825448529|73221&4&708.1961052893399|73222&4&1396.2833627462899|73224&4&275.243029519675|73228&4&702.6526097758249|73242&4&1339.5947788533044|73247&4&101.66624602127636|73257&4&335.94921698155156|73260&4&1073.51324775335|73262&4&170.29102118731987|73265&4&102.5189751695593|73266&4&7.89431884096172|73267&4&11.15792428630419|73268&4&1372.2568274164728|73286&4&1598.0382786895032|73296&4&160.6043142448421|73302&4&70.0263034239055|73307&4&236.0748331473346,2|73195&4&1087.8786343504303|73202&4&814.4861098931748|73210&4&779.7297387691326|73216&4&697.8855572290151|73228&4&859.8497444576357|73230&4&95.70162124973523|73236&4&1256.3228843069414|73245&4&1817.3750629015085|73249&4&1460.1870582176855|73253&4&1567.349090247947|73254&4&34.13395992692171|73273&4&63.7514792764351|73284&4&88.37238371589737|73288&4&1069.05953691195|73303&4&28.8742111712047,2|73191&4&84.62137743604296|73196&4&275.43364592555986|73197&4&16.04493430720686|73203&4&356.27161424475804|73204&4&753.6857386218348|73206&4&1208.2097101628663|73211&4&1690.2552275874111|73212&4&185.0014194277091|73213&4&198.44487070105782|73225&4&670.1363515336598|73231&4&182.4827847695114|73239&4&20.482215279886784|73248&4&27.78644165658388|73250&4&296.0241750026662|73252&4&1147.1173024312825|73261&4&1045.538438652965|73282&4&1753.106308940295|73285&4&145.36360949045843|73288&4&315.0661557364241|73300&4&50.33721470324906|73302&4&117.1223380256034,2|73189&4&931.3353524294678|73190&4&1055.2425841692914|73192&4&27.30668948825371|73196&4&463.6345387555198|73208&4&807.6720857519906|73214&4&485.86893264593846|73218&4&1215.509632958799|73219&4&603.0212055540835|73227&4&131.95160311879772|73243&4&562.6573544980316|73244&4&3.0945188685662286|73254&4&311.96645062771205|73259&4&696.2344678972902|73274&4&472.26449303799455|73277&4&383.56256017795937|73285&4&148.53780491898317|73295&4&96.23744214642504|73300&4&40.655924570904894|73302&4&94.30574240042964|73303&4&4.153110478969666,2|73197&4&546.1225548504981|73198&4&74.31551203366011|73205&4&120.1678634959529|73207&4&1534.1465313285262|73214&4&320.54912857355026|73215&4&1057.229375475048|73218&4&200.35557603602348|73221&4&1181.4010692475424|73224&4&525.0156503785386|73227&4&125.28502723915146|73229&4&434.3292211171913|73232&4&885.0227422770857|73238&4&395.04744539790113|73241&4&169.4523310999965|73246&4&670.1601302847898|73252&4&213.0798725113102|73255&4&963.0124918809586|73264&4&545.5199333071803|73276&4&335.26607169767954|73279&4&4.440892098500626E-16|73280&4&525.6137935028564|73283&4&63.51005413376343|73306&4&56.55673783981686,2|73194&4&314.03175903541967|73203&4&30.99122491511271|73209&4&2294.3771278033378|73219&4&9.325873406851315E-15|73220&4&70.2961068956032|73223&4&406.19138545591017|73226&4&248.20961220986777|73237&4&1424.9227066517722|73242&4&186.82840590804346|73255&4&422.5167759685451|73257&4&460.1140460261364|73258&4&851.2117213318095|73262&4&2009.6341703534956|73266&4&1579.9030320306838|73271&4&130.59159390605566|73278&4&1814.9454794840076|73279&4&386.0748885367971|73282&4&25.173435013574544|73285&4&2.029272245360189|73294&4&66.94695593051114|73295&4&247.13156406474678,2|73192&4&745.5343012268452|73203&4&45.5145518588766|73212&4&697.0921503746254|73217&4&1865.3974998975104|73221&4&81.81129126829563|73235&4&848.7244476747985|73239&4&916.2853296204272|73243&4&434.94749278134174|73263&4&36.73341179024169|73267&4&585.9711161095531|73270&4&1720.5702647418093|73271&4&1077.794920401893|73276&4&788.8763814263153|73283&4&657.1935862702264|73287&4&387.17458246427566|73295&4&142.4793763907905|73296&4&160.55894518665383|73303&4&24.609533181544144,2|73193&4&1052.347558123049|73194&4&134.58577313972478|73198&4&254.42230081215692|73199&4&902.0991357836083|73201&4&865.9022246988787|73209&4&0.0|73220&4&509.8177700250477|73223&4&394.7024070851985|73228&4&2.8421709430404007E-14|73235&4&2.7296547142134417|73241&4&191.48713613202307|73244&4&1503.728287679469|73257&4&313.520217086937|73269&4&566.7980470657075|73272&4&338.4347991152709|73273&4&294.8576298367807|73283&4&18.57965692250349|73285&4&571.2303713960557|73290&4&168.91375395087564|73300&4&59.81298581703284
173|4,130,1,1,1,1,1,1,1,1,1,1,1,1,1,1,1,1,1,1,1,1,1,1,1,1,1,1,1,1,1,1,1,1,1,1,1,1,1,1,1,1,1,1,1,1,1,1,1,1,1,1,1,1,1,1,1,1,1,1,1,1,1,1,1,1,1,1,1,1,1,1,1,1,1,1,1,1,1,1,1,1,1,1,1,1,1,1,1,1,1,1,1,1,1,1,1,1,1,1,1,1,0,0,0,0,0,0,0,0,0,0,0,0,0,0,0,0,0,0,0,0,2|73191&4&312.84814942123245|73200&4&825.8604877471714|73203&4&28.979267878746345|73204&4&177.29076872574558|73215&4&0.0|73220&4&38.12271399235148|73235&4&10.238860924853821|73238&4&42.56795046580093|73244&4&305.34911801892525|73248&4&1559.789512410368|73251&4&89.03839141345463|73254&4&1266.503596311668|73256&4&696.328072970021|73263&4&2329.012820121554|73266&4&84.72423725837047|73279&4&84.53114660698948|73299&4&13.69278322089041,2|73196&4&538.7506501985856|73201&4&15.700301754679408|73208&4&1358.6319858233392|73213&4&977.00015558364|73221&4&83.69212618208894|73230&4&848.2086597464779|73231&4&883.6283280922339|73233&4&711.5192492529802|73238&4&703.2753200249069|73240&4&1307.2080434150892|73241&4&6.102804080536271|73250&4&162.65764281553547|73256&4&406.9467422438189|73257&4&681.7785494900049|73265&4&306.75156010391436|73273&4&676.5188252751226|73275&4&1371.9360793189012|73276&4&1.4210854715202004E-13|73280&4&617.1395543011469|73299&4&349.8258751703791|73300&4&224.02289337502953|73302&4&130.8234763622491,2|73190&4&56.231236397224826|73195&4&415.49408714146614|73201&4&111.78928472751748|73221&4&961.3854086224826|73222&4&1266.72616807252|73224&4&260.638707816914|73228&4&664.5025010538649|73242&4&1356.2173468652363|73247&4&179.24675761975914|73257&4&674.9966322944181|73260&4&970.2562659357513|73262&4&161.77647012795387|73265&4&80.99141537435587|73266&4&0.0|73267&4&8.368443214728147|73268&4&1334.3913908216816|73286&4&1444.3533317142412|73296&4&209.68410213935422|73302&4&217.56051643532754|73307&4&215.19005364550281,2|73195&4&974.0275500917728|73202&4&859.0195003032643|73210&4&694.9072384074528|73216&4&617.9090014668909|73228&4&766.273017756683|73230&4&90.66469381553864|73236&4&1451.7199715590677|73245&4&1900.0084333687373|73249&4&1327.5079712588722|73253&4&1460.106625057752|73254&4&16.593979576123818|73273&4&55.71341134839894|73284&4&79.02815585775353|73288&4&975.6661453312618|73303&4&25.605306820181127,2|73189&4&206.3536786037709|73191&4&80.39030856424081|73196&4&254.87992287303132|73197&4&11.281602530775979|73203&4&396.1002929613322|73204&4&813.874400420659|73206&4&1118.8956867787122|73211&4&1672.624879063929|73212&4&355.53070007645783|73213&4&301.9038911122433|73225&4&618.3370198626999|73231&4&398.5095132559512|73239&4&108.6191878166594|73248&4&10.106050427169405|73250&4&283.813849300892|73252&4&1270.6206007956293|73261&4&1136.6072040558834|73282&4&1857.9195361208142|73285&4&428.63719472696687|73288&4&400.6404302170729|73300&4&44.744190847332504|73302&4&106.6703770803781,2|73189&4&839.8208288441515|73190&4&1032.441627873829|73192&4&16.531293679181758|73196&4&380.3606498635607|73208&4&668.5435765655212|73214&4&485.6094832204725|73218&4&1355.4874622607572|73219&4&553.2717051526245|73227&4&125.35402296285784|73243&4&730.5300692899599|73244&4&0.7640611869474289|73254&4&271.37867469982046|73259&4&647.2614420120241|73274&4&429.26862525836555|73277&4&543.8140045744236|73279&4&5.955029663060969|73285&4&124.22573966287689|73295&4&91.17231361240268|73300&4&31.927968117174622|73302&4&89.22803119603266|73303&4&3.9223821190269064,2|73197&4&507.50417527703587|73198&4&61.10267216169578|73205&4&113.68495547779548|73207&4&1639.9588488075856|73214&4&286.13960362567565|73215&4&1143.0129473264496|73218&4&153.87876545349212|73221&4&1059.8906635408905|73224&4&456.2511815258475|73227&4&111.07608987469277|73229&4&389.14733969788483|73232&4&800.5916802362829|73238&4&349.5678833842788|73241&4&138.7924179695047|73246&4&757.7081676982552|73252&4&158.17412975228507|73255&4&870.1835038267144|73264&4&486.46458195835396|73276&4&268.60038693777625|73280&4&457.3238734978884|73283&4&51.35246307242197|73306&4&47.356081674235426,2|73194&4&269.835339773752|73203&4&27.547755480100186|73209&4&2298.0033748099754|73220&4&62.36110812439798|73223&4&353.3202966588981|73226&4&338.98805613444523|73237&4&1514.9343667831367|73242&4&165.99737069391486|73255&4&514.9326478533478|73257&4&412.4659973454758|73258&4&777.0027998838945|73262&4&1841.9421859507504|73266&4&1639.8594924542422|73271&4&109.21960282891925|73278&4&2040.0286171458579|73279&4&347.45090970410394|73282&4&4.314986651727472|73285&4&-3.552713678800501E-15|73294&4&59.937116105782984|73295&4&201.2308166602558,2|73192&4&850.9998796245561|73203&4&38.777540050703564|73212&4&628.6955253291779|73217&4&1824.2763031682275|73221&4&76.69808556402715|73235&4&821.2391315245015|73239&4&832.0698950051982|73243&4&377.0191252169641|73263&4&10.788077004397813|73267&4&524.5518399424936|73270&4&1664.497780298022|73271&4&1041.9866333713203|73276&4&1037.3828349864614|73283&4&603.4412638395611|73287&4&363.78355566182154|73295&4&133.6468707526753|73296&4&147.45901582488062|73303&4&22.47233095862331,2|73191&4&192.21027006831184|73193&4&979.0386179186024|73194&4&126.49076651355334|73198&4&229.41825707525248|73199&4&808.2531338574853|73201&4&1125.0274855769067|73220&4&471.73439386753705|73223&4&498.3490728760604|73235&4&1.3648273571067167|73241&4&269.06698866775025|73244&4&1497.8878310121588|73257&4&239.54871192625507|73269&4&669.1040943161951|73272&4&312.70576104994655|73273&4&268.82728477950553|73283&4&64.85159012661774|73285&4&533.4354072685302|73290&4&201.09554385719605|73300&4&56.49004216053102
174|4,130,1,1,1,1,1,1,1,1,1,1,1,1,1,1,1,1,1,1,1,1,1,1,1,1,1,1,1,1,1,1,1,1,1,1,1,1,1,1,1,1,1,1,1,1,1,1,1,1,1,1,1,1,1,1,1,1,1,1,1,1,1,1,1,1,1,1,1,1,1,1,1,1,1,1,1,1,1,1,1,1,1,1,1,1,1,1,1,1,1,1,1,1,1,1,1,1,1,1,1,1,0,0,0,0,0,0,0,0,0,0,0,0,0,0,0,0,0,0,0,0,2|73191&4&267.8416068393847|73200&4&749.6676357406002|73203&4&20.065768878203908|73204&4&126.08233831519576|73220&4&30.30162321350841|73235&4&5.119430462426925|73238&4&18.49061394538527|73244&4&246.69459074988634|73248&4&1555.6948614623316|73251&4&130.2500727206904|73254&4&1284.484250161196|73256&4&621.6655592400381|73263&4&2192.245452205714|73266&4&47.67953353130544|73279&4&59.43011750520964|73299&4&9.474126446762455,2|73196&4&642.179807598028|73201&4&13.457401504010921|73208&4&1806.5174039547214|73213&4&883.3926943852136|73221&4&40.52024477122171|73230&4&772.088190597846|73231&4&796.4802000855902|73233&4&869.8344168323281|73238&4&925.2557283898667|73240&4&1654.7620501565073|73241&4&3.730349362740526E-14|73250&4&146.95417511911256|73256&4&462.8876260254282|73257&4&637.2053333560536|73265&4&272.86769696803054|73273&4&635.5949511342304|73275&4&1662.9653037802173|73280&4&697.8504864409545|73299&4&324.99412860442243|73300&4&207.44266665024185|73302&4&117.12589795418641,2|73190&4&37.88028472117855|73195&4&440.2605443168395|73201&4&79.59863760417701|73221&4&1114.7155239198376|73222&4&1271.2856405908637|73224&4&246.03438611415294|73228&4&626.3523923319049|73242&4&1327.1115084537169|73245&4&234.7237349040622|73247&4&167.61220355953412|73257&4&689.6768944925897|73260&4&992.7804834550326|73262&4&153.26191906858787|73265&4&59.46385557915244|73267&4&5.578962143152104|73268&4&1202.2731941450807|73286&4&1329.0651520158513|73296&4&198.17879436588376|73302&4&263.7657293993311|73307&4&221.04565131222688,2|73195&4&868.5426645260536|73202&4&886.6100987171224|73210&4&807.0478842490819|73216&4&716.5311515839551|73228&4&672.6962910557304|73230&4&113.17373586874622|73236&4&1535.1978676839876|73245&4&1739.8092488444902|73249&4&1194.8288843000587|73253&4&1324.100104513946|73254&4&-6.394884621840902E-14|73273&4&47.675343420362786|73284&4&69.6839279996097|73288&4&883.743384430598|73303&4&22.336402469157555,2|73189&4&364.84246231847845|73191&4&76.15923969243866|73196&4&234.3261998205028|73197&4&6.518270754345098|73203&4&375.1176566022575|73204&4&1331.8804198356277|73206&4&1030.8757148804143|73211&4&1909.2710292559987|73212&4&337.25173909831227|73213&4&379.8048036924436|73225&4&565.1604839777611|73231&4&527.9203738363976|73239&4&240.00474016689208|73248&4&5.6843418860808015E-14|73250&4&506.0986559098086|73252&4&1267.0279850611364|73261&4&1295.2968605750511|73282&4&1832.080823830215|73285&4&411.5412065810897|73288&4&420.0740449504576|73300&4&39.15116699141595|73302&4&96.21841613515281,2|73189&4&758.3921164972471|73190&4&1001.1415530561222|73192&4&10.169860054343404|73196&4&302.440415167031|73208&4&540.2433981800818|73214&4&458.4303564549964|73218&4&1376.7360852323254|73219&4&490.9164142638409|73227&4&118.75644280691796|73243&4&714.3723122709005|73244&4&-4.6629367034256575E-15|73254&4&230.79089877192888|73259&4&598.288416126758|73274&4&485.70698731090386|73277&4&738.8904626464771|73279&4&11.540187714621412|73285&4&99.91367440677058|73295&4&86.10718507838031|73300&4&23.20001166344435|73302&4&84.15031999163568|73303&4&3.691653759084147,2|73197&4&639.591357166159|73198&4&47.889832289731444|73205&4&103.69625545125027|73207&4&1897.9400138559315|73214&4&253.08348155976336|73215&4&1017.1371850159486|73218&4&117.74868523257285|73221&4&938.3802578342387|73224&4&387.48671267315655|73227&4&96.86715251023406|73229&4&363.0848268180531|73232&4&746.7900595829984|73238&4&304.08832137065656|73241&4&108.13250483901282|73246&4&724.0683703243842|73252&4&106.41332630788244|73255&4&777.685889662301|73264&4&427.40923060952787|73276&4&201.93470217787302|73280&4&389.03395349292043|73283&4&39.194872011080534|73306&4&39.23784072196031,2|73194&4&225.63892051208438|73203&4&24.10428604508766|73209&4&2412.377876678676|73220&4&54.42610935319276|73223&4&305.7261713872298|73226&4&388.00636926101595|73237&4&1382.1452375498134|73242&4&145.16633547978626|73255&4&689.7977328036404|73257&4&364.8179486648152|73258&4&702.7938784359793|73262&4&1674.2502015480056|73266&4&1718.3052364944267|73271&4&89.91359702399468|73278&4&2218.532250450939|73279&4&308.82693087141064|73282&4&0.3009041592499985|73294&4&69.84436693832971|73295&4&164.88531983107225,2|73192&4&790.624842188942|73203&4&32.0405282425306|73212&4&560.4455013667227|73217&4&1865.6005018624246|73221&4&71.58487985975867|73235&4&748.338394095064|73239&4&751.6319424910191|73243&4&323.59812115108485|73263&4&6.750155989720952E-14|73267&4&463.13256377543416|73270&4&1829.8783483925954|73271&4&968.3815964987853|73276&4&1388.201407287167|73283&4&549.6889414088959|73287&4&340.3925288593675|73295&4&124.81436511456012|73296&4&134.35908646310742|73303&4&20.335128735702476,2|73191&4&431.71326648201847|73193&4&903.644915420094|73194&4&118.3957598873819|73198&4&204.41421333834808|73199&4&842.120254019842|73201&4&1135.79862409224|73215&4&452.5532488388119|73220&4&433.65101771002657|73223&4&467.2315892617441|73235&4&-8.43769498715119E-15|73241&4&467.73972711908135|73244&4&1427.121910783182|73257&4&179.4418876273973|73269&4&613.7670985099852|73272&4&286.97672298462226|73273&4&242.79693972223046|73283&4&122.21699339706737|73285&4&495.6404431410045|73290&4&216.887660630046|73295&4&224.17674504112892|73300&4&198.79284521449046
175|4,130,1,1,1,1,1,1,1,1,1,1,1,1,1,1,1,1,1,1,1,1,1,1,1,1,1,1,1,1,1,1,1,1,1,1,1,1,1,1,1,1,1,1,1,1,1,1,1,1,1,1,1,1,1,1,1,1,1,1,1,1,1,1,1,1,1,1,1,1,1,1,1,1,1,1,1,1,1,1,1,1,1,1,1,1,1,1,1,1,1,1,1,1,1,1,1,1,1,1,1,1,0,0,0,0,0,0,0,0,0,0,0,0,0,0,0,0,0,0,0,0,2|73191&4&233.5444599774524|73200&4&673.474783734029|73203&4&11.152269877661467|73204&4&87.32745519493444|73220&4&22.480532434665342|73226&4&95.46935801928214|73235&4&2.8421709430404007E-14|73238&4&8.737637389378465|73244&4&188.0400634808474|73248&4&1519.0847071712415|73251&4&304.0759260552879|73254&4&1197.905273279943|73256&4&547.0030455100552|73263&4&2256.022592734351|73266&4&18.482161506282793|73279&4&37.79232156739805|73299&4&5.702635916410681,2|73196&4&779.4792011719409|73201&4&11.214501253342434|73208&4&2068.9677153855464|73213&4&796.331808192487|73221&4&11.654103796703623|73230&4&699.5141807656415|73231&4&720.519453376487|73233&4&1084.3363230600821|73238&4&999.1034428165071|73240&4&1871.9241767300027|73250&4&131.2507074226897|73256&4&451.90817752791924|73257&4&592.6321172221021|73265&4&238.98383383214676|73273&4&594.6710769933385|73275&4&1701.6128131458613|73280&4&875.462006174428|73299&4&303.23102415644877|73300&4&190.86243992545414|73302&4&103.4283195461237,2|73190&4&23.330619033695005|73195&4&416.6356010500978|73201&4&52.40695527771531|73221&4&1340.8750385128587|73222&4&1372.0528473005393|73224&4&355.90779950421404|73228&4&740.7306721045509|73242&4&1695.9212775146302|73245&4&267.73969743116857|73247&4&155.97764949930917|73257&4&798.8016884836109|73260&4&1011.3234601564999|73262&4&144.74736800922187|73265&4&37.93629578394901|73267&4&2.7894810715760614|73268&4&1244.733525394774|73286&4&1520.461013224391|73296&4&186.67348659241333|73302&4&238.39373339375237|73307&4&251.58115983951475,2|73195&4&773.2304340497718|73202&4&821.895653794924|73210&4&999.0812943164794|73216&4&826.1567010643857|73228&4&579.1195643547779|73230&4&244.36609000043396|73236&4&1400.078210174131|73245&4&1591.131081833606|73249&4&1062.1497973412459|73253&4&1437.9388995449362|73273&4&39.63727549232663|73284&4&329.0434784040449|73288&4&793.2809296477192|73303&4&19.067498118133983,2|73189&4&346.0844550060451|73191&4&71.92817082063651|73196&4&213.7724767679743|73197&4&2.4665507633362656|73203&4&354.1350202431829|73204&4&1616.349346877892|73206&4&944.1314943613947|73211&4&1871.855961170334|73212&4&318.9727781201667|73213&4&422.62710774063146|73225&4&606.2233540034642|73231&4&827.9530263393267|73239&4&234.15731376979886|73250&4&466.3501597676832|73252&4&1343.7265680886887|73261&4&1244.0086829959534|73282&4&1761.005299616637|73285&4&555.3841641665447|73288&4&445.2858486464655|73300&4&33.55814313549939|73302&4&85.7664551899275,2|73189&4&686.604664486214|73190&4&1100.672883404406|73192&4&3.8084264295050803|73196&4&237.55845965084876|73208&4&434.7256959953544|73214&4&431.25122968952036|73218&4&1273.0800764074784|73219&4&413.9770212362321|73227&4&298.06226168485|73243&4&673.846443387382|73254&4&190.2031228440373|73259&4&549.3153902414919|73269&4&51.33646547281779|73274&4&440.25545464842986|73277&4&686.3262363549759|73279&4&200.939028486758|73285&4&75.6016091506643|73295&4&81.04205654435795|73300&4&14.47205520971408|73302&4&79.07260878723869|73303&4&3.460925399141388,2|73197&4&592.4376995195676|73198&4&34.67699241776711|73205&4&93.70755542470503|73207&4&1888.4575650089419|73214&4&220.81158710638877|73215&4&906.7385873478204|73218&4&86.38069793335926|73221&4&816.8698521275868|73224&4&318.72224382046545|73227&4&82.65821514577536|73229&4&563.8634340247359|73232&4&789.7159671006356|73238&4&258.6087593570343|73241&4&77.472591708521|73246&4&786.2813216225205|73252&4&63.28314826452325|73255&4&699.1803602399605|73264&4&487.5037932658083|73276&4&153.72098454787732|73280&4&320.7440334879525|73283&4&27.037280949739102|73306&4&31.11959976968519,2|73194&4&181.4425012504167|73203&4&20.660816610075138|73209&4&2490.79972254047|73220&4&46.49111058198754|73223&4&258.1320461155614|73226&4&363.691960695015|73237&4&1252.1777515055994|73242&4&124.33530026565768|73255&4&931.9816627401624|73257&4&317.16989998415465|73258&4&628.584956988064|73262&4&1506.5582171452602|73266&4&1907.781223303995|73271&4&72.95817971958635|73278&4&2174.76022720222|73279&4&270.2029520387174|73282&4&-2.1094237467877974E-15|73294&4&86.64490336860567|73295&4&132.01786536466926,2|73192&4&841.095338238536|73203&4&25.303516434357626|73212&4&492.1954774042674|73217&4&1827.3642254037738|73221&4&66.47167415549019|73235&4&675.4376566656265|73239&4&671.1939899768396|73243&4&273.54917745439855|73267&4&401.7132876083746|73270&4&1705.9818763037729|73271&4&910.0904026757225|73276&4&1495.5084733542685|73283&4&495.9366189782305|73287&4&317.0015020569134|73295&4&115.98185947644492|73296&4&121.25915710133418|73303&4&18.19792651278164,2|73191&4&604.8605375030088|73193&4&829.6933537948692|73194&4&110.30075326121046|73198&4&179.41016960144364|73199&4&857.379808384606|73201&4&1076.994151984201|73215&4&512.9072505407933|73220&4&395.567641552516|73223&4&436.1141056474277|73241&4&437.7498225750356|73244&4&1440.3457881725212|73257&4&119.38883208158381|73269&4&558.4301027037754|73272&4&261.2476849192979|73273&4&216.7665946649554|73283&4&228.02266734416227|73285&4&457.84547901347884|73290&4&232.81783085567517|73295&4&288.0406711585146|73300&4&259.73356917528963
176|4,130,1,1,1,1,1,1,1,1,1,1,1,1,1,1,1,1,1,1,1,1,1,1,1,1,1,1,1,1,1,1,1,1,1,1,1,1,1,1,1,1,1,1,1,1,1,1,1,1,1,1,1,1,1,1,1,1,1,1,1,1,1,1,1,1,1,1,1,1,1,1,1,1,1,1,1,1,1,1,1,1,1,1,1,1,1,1,1,1,1,1,1,1,1,1,1,1,1,1,1,1,0,0,0,0,0,0,0,0,0,0,0,0,0,0,0,0,0,0,0,0,2|73191&4&205.59640469372084|73200&4&598.1487528086969|73203&4&2.2387708771190296|73204&4&57.64644471306005|73220&4&14.659441655822274|73226&4&90.69589011831803|73238&4&-2.8421709430404007E-14|73244&4&135.659298302306|73245&4&15.483472952288366|73248&4&1611.3735102186952|73251&4&302.6269708180498|73254&4&1242.7719124484297|73256&4&483.4284630642919|73263&4&2107.451215082861|73266&4&3.3104118589952347|73279&4&24.77907363222292|73299&4&2.8894505165389557,2|73196&4&976.3427822928245|73201&4&8.971601002673946|73208&4&2223.026127526178|73213&4&710.6924356373906|73221&4&0.0|73230&4&628.7397001668154|73231&4&653.7143222094372|73233&4&1217.0712662537912|73238&4&973.4248428520958|73240&4&1973.8580067679939|73250&4&115.54723972626681|73256&4&551.328322307937|73257&4&548.0589010881507|73265&4&502.08306167461456|73273&4&553.7472028524464|73275&4&1555.3547399209267|73280&4&1134.8594760744209|73299&4&315.13228253214436|73300&4&174.28221320066643|73302&4&89.730741138061,2|73190&4&14.900933909724987|73195&4&393.0106577833561|73201&4&25.215272951253624|73221&4&1466.7894071843948|73222&4&1566.9966399355312|73224&4&765.3827637432832|73228&4&694.9541439578605|73242&4&1799.268706133911|73245&4&253.76590322235|73247&4&242.00028975421742|73257&4&1052.594992753874|73260&4&1039.2470912752462|73262&4&136.23281694985587|73265&4&16.40873598874557|73267&4&1.865174681370263E-14|73268&4&1217.2014177648903|73286&4&1698.2240242628188|73296&4&232.99864862533659|73302&4&216.311272506337|73307&4&280.7723661448175,2|73195&4&677.91820357349|73202&4&889.3774267352212|73210&4&923.4518693079619|73216&4&872.6283936278387|73228&4&489.49419529127454|73230&4&387.74562892921136|73236&4&1265.42951472398|73245&4&1447.4830942206006|73249&4&932.3802831640617|73253&4&1640.4207509416933|73273&4&31.599207564290474|73284&4&308.7289269192887|73288&4&705.6459281621142|73303&4&15.798593767110413,2|73189&4&514.57358282614|73191&4&67.69710194883436|73196&4&193.21875371544576|73197&4&1.4210854715202004E-14|73203&4&467.5631281475383|73204&4&1643.383416089684|73206&4&889.9081037634387|73211&4&1717.806323576812|73212&4&300.6938171420211|73213&4&575.2003880238499|73225&4&695.9797513371834|73231&4&871.7013639963119|73239&4&356.36573803658473|73250&4&434.5271753825325|73252&4&1300.6328642065928|73261&4&1500.5215724850602|73282&4&1634.4271026934734|73285&4&525.0602718569482|73288&4&659.2402382044199|73300&4&27.965119279582833|73302&4&75.31449424470219,2|73189&4&614.817212475181|73190&4&1017.0704943179212|73192&4&2.7533531010703882E-14|73196&4&180.9262039874184|73208&4&346.64504783181945|73214&4&404.07210292404426|73218&4&1169.424067582632|73219&4&568.8877956646205|73227&4&282.1695115772165|73243&4&786.7970976793384|73250&4&152.85026206922322|73254&4&149.6153469161457|73259&4&500.34236435622586|73269&4&48.7696421991769|73274&4&411.65193966093256|73277&4&634.1667022414961|73279&4&190.847594640268|73285&4&56.89584267485844|73295&4&75.97692801033558|73300&4&10.854041407285528|73301&4&63.68262237079284|73302&4&73.9948975828417|73303&4&3.2301970391986288,2|73197&4&545.2840418729761|73198&4&21.464152545802776|73205&4&83.7188553981598|73207&4&1800.0712668443362|73214&4&188.53969265301419|73215&4&805.4966181050753|73218&4&56.2985575267358|73221&4&695.3594464209349|73224&4&250.59560843482393|73227&4&68.44927778131665|73229&4&514.424486709948|73232&4&707.2757594880301|73238&4&213.12919734341205|73241&4&46.81267857802914|73246&4&725.7815554672594|73252&4&35.886042768238724|73255&4&628.861782975476|73264&4&422.4909462167268|73276&4&113.37488775782198|73280&4&254.9968557882308|73283&4&14.879689888397667|73306&4&23.58498373747151,2|73194&4&137.24608198874904|73203&4&17.217347175062613|73209&4&2587.317562535238|73220&4&38.556111810782326|73223&4&210.53792084389306|73226&4&339.377552129014|73237&4&1283.5835701104425|73242&4&103.50426505152907|73255&4&1010.9107031168372|73257&4&269.52185130349403|73258&4&774.8366043419851|73262&4&1338.866232742515|73266&4&2042.1414811354557|73271&4&56.00276241517804|73278&4&2151.6609259335346|73279&4&231.57897320602407|73294&4&78.55156843167032|73295&4&102.53209697820563,2|73192&4&862.214078216381|73203&4&18.56650462618465|73212&4&423.9454534418122|73217&4&1802.1908211143514|73221&4&61.35846845122171|73234&4&238.96071706586562|73235&4&787.4010622272801|73239&4&590.7560374626603|73243&4&229.92537568619085|73249&4&219.12421423029457|73267&4&340.29401144131515|73270&4&1641.8784065586087|73271&4&835.7196736507137|73276&4&1442.5880664946867|73283&4&442.1842965475653|73287&4&359.0355276995631|73295&4&107.14935383832973|73296&4&108.15922773956096|73303&4&16.0607242898608,2|73191&4&573.033675502724|73193&4&755.7417921696442|73194&4&102.205746635039|73198&4&154.40612586453918|73199&4&954.5198736593204|73201&4&1285.653654159812|73215&4&486.13050489165664|73220&4&357.4842653950054|73223&4&404.99662203311135|73241&4&551.970705075825|73244&4&1651.170298259086|73257&4&74.37846501466097|73269&4&504.2465789109084|73272&4&235.5186468539736|73273&4&190.73624960768026|73283&4&385.7790538319764|73285&4&420.05051488595325|73290&4&248.34204858369418|73295&4&273.0781957379861|73300&4&316.8003261843493
177|4,130,1,1,1,1,1,1,1,1,1,1,1,1,1,1,1,1,1,1,1,1,1,1,1,1,1,1,1,1,1,1,1,1,1,1,1,1,1,1,1,1,1,1,1,1,1,1,1,1,1,1,1,1,1,1,1,1,1,1,1,1,1,1,1,1,1,1,1,1,1,1,1,1,1,1,1,1,1,1,1,1,1,1,1,1,1,1,1,1,1,1,1,1,1,1,1,1,1,1,1,1,0,0,0,0,0,0,0,0,0,0,0,0,0,0,0,0,0,0,0,0,2|73191&4&181.66524222558056|73200&4&522.8227218833647|73203&4&-7.105427357601002E-15|73204&4&36.21891376958264|73206&4&243.4514115560247|73220&4&7.329720827911118|73226&4&118.99525969939492|73244&4&98.04138198036573|73245&4&60.87587508917619|73248&4&1687.6317613686322|73251&4&286.1481139547839|73254&4&1149.6206547646896|73256&4&423.48405510857873|73263&4&1957.7769636096596|73266&4&2.042810365310288E-14|73279&4&11.765825697047804|73299&4&0.9842027281682386|73302&4&169.5814930992401,2|73196&4&1118.260901071108|73201&4&6.728700752005458|73208&4&2223.607124707468|73213&4&629.4251781936937|73230&4&563.64022225345|73231&4&586.9091910423873|73233&4&1230.13292355432|73238&4&1069.7490670463064|73240&4&1840.010487427874|73250&4&99.84377202984393|73256&4&517.8900086042855|73257&4&503.48568495419937|73265&4&521.1622741043867|73273&4&512.8233287115543|73275&4&1418.765141781691|73280&4&1058.8945567335145|73299&4&296.36325088422|73300&4&157.70198647587873|73302&4&76.03316272999831,2|73190&4&6.471248785754966|73195&4&599.4750304332855|73201&4&4.957554048420135|73221&4&1796.301664771654|73222&4&1548.8384975449803|73224&4&924.7399888505024|73228&4&1007.3572540941964|73242&4&1676.091976782167|73245&4&239.79210901353142|73247&4&225.4828759782358|73257&4&1322.038234684563|73260&4&936.0976787991201|73262&4&127.71826589048987|73265&4&8.204367994372777|73268&4&1203.2352613537603|73286&4&1785.4842354007972|73296&4&284.1373609253829|73302&4&197.57277395743023|73307&4&310.8879505012673,2|73195&4&584.0545614646753|73202&4&823.7937788478966|73210&4&1021.188892182895|73216&4&810.2827588114183|73228&4&404.26365726664113|73230&4&366.617369326664|73236&4&1216.370819414553|73245&4&1307.537266779404|73249&4&807.54153830709|73253&4&1971.4623067390185|73273&4&23.561139636254318|73284&4&0.0|73288&4&628.0195799790415|73303&4&12.529689416086843,2|73189&4&642.9100747496049|73191&4&63.46603307703221|73196&4&172.66503066291722|73203&4&476.6275575599435|73204&4&1521.9274225271208|73206&4&806.4546000660469|73211&4&1563.7566859832905|73212&4&282.4148561638755|73213&4&587.3228200996462|73225&4&680.5062331394663|73231&4&823.0341138191186|73239&4&546.4462650315556|73250&4&404.6568570044065|73252&4&1416.356010491347|73261&4&1523.8767994327618|73282&4&1600.1350125677745|73285&4&494.736379547352|73288&4&656.3216261573657|73300&4&22.372095423666273|73302&4&64.8625332994769,2|73189&4&549.1520482333972|73190&4&993.6370027774251|73196&4&130.71472593739645|73208&4&274.7919345276198|73214&4&376.8929761585682|73218&4&1065.7680587577852|73219&4&804.1207294793701|73227&4&266.276761469583|73243&4&989.3465526698308|73250&4&145.20774896576205|73254&4&110.2080882235367|73259&4&451.3693384709597|73269&4&94.08966399706543|73274&4&381.70928337948834|73277&4&584.134672268495|73279&4&343.388025420503|73285&4&43.01336957297828|73295&4&70.91179947631322|73300&4&7.23602760485701|73301&4&117.32642424327095|73302&4&68.91718637844471|73303&4&2.9994686792558696,2|73197&4&498.13038422638465|73198&4&0.0|73205&4&73.73015537161459|73207&4&1698.7325916047457|73214&4&156.2677981996396|73215&4&704.2546488623302|73218&4&26.21641712011234|73221&4&573.849040714283|73224&4&203.2312009146834|73227&4&57.969488315798046|73229&4&466.933109792991|73232&4&681.7035205564011|73238&4&167.64963532978982|73241&4&20.41068042835987|73246&4&665.2817893119981|73252&4&14.446444643972768|73255&4&558.5501815367641|73256&4&352.2959202283653|73264&4&379.290726135022|73276&4&73.02879096776657|73280&4&200.40379574944475|73283&4&3.9997482485890323|73306&4&17.414204135847072,2|73194&4&96.40527998030336|73203&4&13.77387774005009|73209&4&2784.088940823804|73220&4&30.6211130395771|73223&4&162.9437955722247|73226&4&315.0631435630131|73237&4&1257.1025198862446|73242&4&82.6732298374005|73255&4&951.6122328380317|73257&4&221.87380262283344|73258&4&1021.1349402507713|73262&4&1176.4131916657116|73266&4&1886.9073988716486|73271&4&39.047345110769726|73278&4&2183.322038001118|73279&4&192.95499437333083|73294&4&100.20761782029223|73295&4&76.67827353269517,2|73192&4&791.9449614021207|73203&4&11.829492818011676|73212&4&358.58941590141114|73217&4&1833.34133678987|73221&4&56.24526274695323|73234&4&237.8408010953666|73235&4&930.8262427264926|73239&4&510.3180849484809|73243&4&194.83877746088368|73249&4&572.3884814790651|73267&4&278.8747352742557|73270&4&1794.573276583778|73271&4&875.2464307216278|73276&4&1609.2890561638987|73283&4&388.4319741169|73287&4&388.0225332960855|73295&4&98.31684820021454|73296&4&95.05929837778774|73303&4&13.923522066939965,2|73191&4&541.2068135024391|73193&4&681.790230544419|73194&4&296.0858267250263|73198&4&0.0|73199&4&930.8874176515037|73201&4&1494.7919252343163|73215&4&744.1234973470425|73220&4&319.4008892374949|73223&4&436.66360382373324|73241&4&533.8832805360684|73244&4&1535.4558138749549|73257&4&36.80179509082876|73267&4&342.28747548417465|73269&4&450.06305511804135|73272&4&209.78960878864928|73273&4&164.70590455040514|73283&4&439.220390364117|73285&4&382.2555507584276|73290&4&229.97087499211668|73295&4&258.11572031745754|73300&4&376.27944077824606
178|4,130,1,1,1,1,1,1,1,1,1,1,1,1,1,1,1,1,1,1,1,1,1,1,1,1,1,1,1,1,1,1,1,1,1,1,1,1,1,1,1,1,1,1,1,1,1,1,1,1,1,1,1,1,1,1,1,1,1,1,1,1,1,1,1,1,1,1,1,1,1,1,1,1,1,1,1,1,1,1,1,1,1,1,1,1,1,1,1,1,1,1,1,1,1,1,1,1,1,1,1,1,0,0,0,0,0,0,0,0,0,0,0,0,0,0,0,0,0,0,0,0,2|73191&4&157.73407975744024|73199&4&185.49565492652386|73200&4&447.49669095803245|73204&4&14.791382826105178|73206&4&374.0518246751262|73220&4&-3.730349362740526E-14|73226&4&117.96629607999458|73244&4&60.42346565842534|73245&4&261.4788458551699|73248&4&2013.4172129099125|73251&4&269.6692570915181|73254&4&1180.304962194718|73256&4&368.24645053077205|73263&4&1965.49898524184|73279&4&-8.171241461241152E-14|73284&4&86.64386346813933|73286&4&332.7287117833366|73299&4&6.8833827526759706E-15|73302&4&238.52553147272903,2|73196&4&1251.792609596791|73201&4&4.4858005013369695|73208&4&2076.948043324628|73213&4&551.1698098053307|73230&4&498.54074434008453|73231&4&520.1508839397841|73233&4&1140.622946371144|73238&4&1287.998139414045|73240&4&1815.5585697332788|73250&4&84.14030433342104|73256&4&484.4516949006338|73257&4&458.9124688202479|73265&4&640.6483559141255|73273&4&471.8994545706623|73275&4&1403.53972714672|73280&4&1110.6781070502198|73299&4&349.15969662319463|73300&4&141.12175975109102|73302&4&62.335584321935606,2|73190&4&-4.085620730620576E-14|73195&4&632.1031867932926|73201&4&1.996578727988197|73221&4&1997.874038502226|73222&4&1487.4520595271802|73224&4&1094.1446559459514|73228&4&1120.826898983044|73242&4&1552.9152474304228|73245&4&225.81831480471283|73247&4&211.2352845557877|73257&4&1392.6576583181131|73260&4&856.8615951600149|73262&4&196.67555074731627|73265&4&-1.4210854715202004E-14|73268&4&1537.120612405774|73286&4&1619.9343082211083|73296&4&266.463752483401|73302&4&182.22697481626443|73307&4&339.84525050056146,2|73195&4&500.23786922447135|73202&4&807.9622804883854|73210&4&931.7846366753068|73216&4&731.9668167168496|73228&4&335.6718064308227|73230&4&346.47868145072727|73236&4&1301.7811479176207|73245&4&1170.6707429886528|73249&4&694.2449718485284|73253&4&1868.2114421096635|73273&4&15.52307170821816|73288&4&561.3437070518696|73303&4&9.260785065063272,2|73189&4&613.9291878997557|73191&4&59.23496420523006|73196&4&152.1113076103887|73203&4&517.2196955498919|73204&4&1471.7999310231532|73206&4&726.3239068539781|73211&4&1419.1064237183668|73212&4&264.13589518572996|73213&4&552.7472018683538|73225&4&676.7481597653968|73231&4&774.3668636419254|73239&4&676.7526853333203|73250&4&374.7865386262805|73252&4&1480.8576096406405|73261&4&1598.1223263085228|73282&4&1662.3178016775328|73285&4&464.4124872377556|73288&4&617.4138491661668|73300&4&16.779071567749714|73302&4&54.41057235425159,2|73189&4&489.44352627865004|73190&4&991.2747936287494|73196&4&87.97261800610275|73208&4&215.9926769133763|73214&4&474.2623850594165|73218&4&1000.8134553606436|73219&4&820.3580137633785|73227&4&250.38401136194955|73243&4&1086.5778473609896|73250&4&189.00534655755837|73254&4&76.52015599097815|73259&4&402.39631258569364|73269&4&119.65702608814667|73274&4&574.5624938092208|73277&4&602.522632573582|73279&4&562.2074253182898|73285&4&29.130896471098083|73295&4&65.84667094229086|73300&4&3.618013802428491|73301&4&131.0448267350402|73302&4&63.839475174047735|73303&4&2.7687403193131104,2|73197&4&450.9767265797933|73205&4&63.74145534506936|73207&4&1549.7589054103128|73214&4&123.99590374626503|73215&4&603.012679619585|73218&4&5.803709485782715|73221&4&469.84482545603674|73224&4&168.76279282560188|73227&4&47.489698850279396|73229&4&640.2588463609516|73232&4&897.4176411871439|73238&4&125.24519820710307|73241&4&9.888128798314987|73246&4&604.7820231567368|73252&4&6.416302671664386|73255&4&488.23858009805207|73256&4&499.181992052789|73264&4&605.757671168799|73276&4&40.413646624992595|73280&4&147.31859294191287|73283&4&-6.217248937900877E-15|73306&4&12.566292955906922,2|73194&4&62.377494966492776|73203&4&10.330408305037565|73209&4&2873.534701163083|73220&4&22.68611426837188|73223&4&117.22594649001476|73226&4&290.7487349970122|73237&4&1563.0169026991832|73242&4&61.8421946232719|73255&4&892.3137625592259|73257&4&174.22575394217284|73258&4&1026.59033023423|73262&4&1035.9696036421108|73266&4&1752.0983803631268|73271&4&22.0919278063614|73278&4&2084.099879150498|73279&4&154.3310155406376|73294&4&127.3695364534338|73295&4&54.628325016642854,2|73192&4&741.1062110471066|73203&4&5.092481009838703|73212&4&301.6153720711334|73217&4&1753.3125908478075|73221&4&51.13205704268475|73234&4&225.3513592479336|73235&4&851.8528391483152|73239&4&438.5515921978855|73243&4&165.38120651628083|73249&4&706.922692936842|73267&4&221.774445479079|73270&4&1613.0719946640795|73271&4&834.2830880609488|73276&4&1788.8868705365535|73283&4&334.67965168623465|73287&4&358.57778962031466|73295&4&89.48434256209934|73296&4&81.95936901601453|73303&4&11.786319844019129,2|73191&4&509.37995150215437|73193&4&607.8386689191942|73194&4&681.8091416147294|73198&4&72.22246871618188|73199&4&851.6942560453939|73201&4&1497.7121774802085|73215&4&946.2438441204606|73220&4&384.4128562602921|73223&4&680.2358953307013|73241&4&606.3589090408396|73244&4&1641.4443754794174|73257&4&9.42974165973329|73267&4&325.1731017099659|73269&4&407.6816327600691|73272&4&184.06057072332493|73273&4&138.67555949313007|73283&4&520.7287642009671|73285&4&344.46058663090196|73290&4&211.59970140053915|73295&4&243.15324489692898|73300&4&434.4060752760731
179|4,130,1,1,1,1,1,1,1,1,1,1,1,1,1,1,1,1,1,1,1,1,1,1,1,1,1,1,1,1,1,1,1,1,1,1,1,1,1,1,1,1,1,1,1,1,1,1,1,1,1,1,1,1,1,1,1,1,1,1,1,1,1,1,1,1,1,1,1,1,1,1,1,1,1,1,1,1,1,1,1,1,1,1,1,1,1,1,1,1,1,1,1,1,1,1,1,1,1,1,1,1,0,0,0,0,0,0,0,0,0,0,0,0,0,0,0,0,0,0,0,0,2|73191&4&133.80291728929993|73199&4&221.45998670449183|73200&4&372.17066003270037|73204&4&1.5631940186722204E-13|73206&4&364.53929533463474|73226&4&163.9959963216749|73244&4&28.680068910028503|73245&4&638.7357264636946|73248&4&1899.4832367262165|73251&4&253.1904002282522|73252&4&375.5575108396506|73254&4&1203.0883754008614|73256&4&320.7536100398644|73263&4&1901.29598749843|73267&4&91.61322591654081|73284&4&82.31167029473237|73286&4&586.2798532635587|73302&4&226.17530116634447,2|73196&4&1379.3645594773016|73201&4&2.242900250668481|73208&4&1930.2889619417883|73213&4&475.66684842390447|73230&4&434.4789349920723|73231&4&453.39257683718097|73233&4&1051.1129691879682|73238&4&1503.4983248154854|73240&4&1665.5967438902917|73250&4&68.43683663699815|73256&4&451.0133811969823|73257&4&414.33925268629645|73265&4&579.9442411735821|73273&4&601.5280272873767|73275&4&1426.3559663866026|73280&4&1156.716018881438|73299&4&370.3239838889736|73300&4&124.54153302630334|73302&4&48.6380059138729,2|73195&4&649.3860928321376|73201&4&4.440892098500626E-16|73221&4&2217.5189915631|73222&4&1347.4620918768396|73224&4&1030.624606053871|73228&4&1215.9364509183445|73242&4&1429.7385180786787|73245&4&211.84452059589427|73247&4&196.98769313333963|73257&4&1493.4176502976734|73260&4&889.0715959844152|73262&4&729.8576019578815|73268&4&1838.1842589496725|73286&4&1462.568163464783|73296&4&248.790144041419|73302&4&170.3156591952502|73307&4&370.4311395001131,2|73195&4&422.38601226184323|73202&4&740.0636117440652|73210&4&842.3803811677187|73216&4&657.5608813566549|73222&4&70.02505381233777|73228&4&276.0410190459875|73230&4&334.0796803824346|73236&4&1389.2327614507192|73245&4&1038.492747191067|73249&4&593.851838798176|73253&4&1741.8725420411688|73273&4&7.485003780182003|73288&4&494.6678341246978|73303&4&5.991880714039702,2|73189&4&660.9890203275816|73191&4&55.003895333427906|73196&4&131.5575845578602|73203&4&597.7003820251813|73204&4&1428.00215940348|73206&4&650.8850604420774|73211&4&1570.5241060016358|73212&4&384.4011309886449|73213&4&535.6992607854908|73225&4&616.0678419713246|73231&4&725.6996134647322|73239&4&683.7238667668497|73250&4&345.14427174471916|73252&4&1356.4377296396153|73261&4&1475.1644822602434|73282&4&1737.182749428552|73285&4&591.4476595288137|73288&4&599.0176864436586|73300&4&11.186047711833154|73302&4&43.95861140902629,2|73189&4&429.7350043239029|73190&4&1037.95712343605|73196&4&58.02519177145943|73208&4&160.02114889795644|73214&4&696.8411343890516|73218&4&1251.0616896195631|73219&4&1172.0947324709036|73227&4&435.01270222235877|73243&4&1017.942272455304|73250&4&265.96582317335015|73254&4&43.03632065515645|73259&4&405.58150870833856|73269&4&255.95061128651838|73274&4&522.9591361060175|73277&4&551.8684147427412|73279&4&756.2096758247138|73285&4&15.24842336921789|73295&4&60.781542408268486|73300&4&-2.7533531010703882E-14|73301&4&156.10353809140136|73302&4&58.761763969650744|73303&4&2.538011959370351,2|73194&4&45.10462902095816|73197&4&403.8230689332018|73205&4&213.5930945037896|73207&4&1495.8482391595116|73214&4&93.65691260770882|73215&4&521.7903152901085|73218&4&-5.6843418860808015E-14|73221&4&376.5307712401793|73224&4&141.65376640058108|73227&4&37.009909384760746|73229&4&591.5146517349896|73232&4&876.2947985933772|73238&4&87.71864125152439|73241&4&2.3833894103252247|73246&4&544.2822570014755|73252&4&4.085620730620576E-14|73255&4&417.9269786593401|73256&4&481.628623997725|73264&4&720.8588747881571|73276&4&13.449123719941465|73280&4&99.97081262392882|73306&4&8.99769918461782,2|73194&4&37.68429176487493|73200&4&371.38284601600833|73203&4&6.886938870025041|73209&4&2784.568353707715|73220&4&14.751115497166657|73223&4&80.8991357838654|73226&4&266.43432643101124|73237&4&1795.8127265651106|73242&4&41.0111594091433|73255&4&833.0152922804203|73257&4&126.57770526151226|73258&4&940.9226018930876|73262&4&901.1804071097921|73266&4&1656.8178935389108|73271&4&6.732669175205941|73278&4&2105.734388870608|73279&4&115.7070367079443|73294&4&142.23395447152205|73295&4&36.50864456280188,2|73192&4&669.878406001261|73203&4&2.1316282072803006E-14|73212&4&244.64132824085567|73217&4&1807.0654585692166|73221&4&46.01885133841627|73234&4&212.86191740050063|73235&4&1009.7149079824025|73239&4&377.93514871905023|73243&4&135.923635571678|73249&4&814.6591082736153|73267&4&174.743397756344|73270&4&1488.2004948954936|73271&4&877.0475710895554|73276&4&1788.3073649493103|73283&4&280.92732925556936|73287&4&329.1330459445438|73295&4&80.65183692398415|73296&4&68.8594396542413|73303&4&9.649117621098291,2|73191&4&477.55308950186964|73193&4&591.2762981402398|73194&4&643.4195268601659|73198&4&296.2094749833077|73199&4&777.4507735971636|73201&4&1569.9144767325727|73215&4&1136.573528019417|73220&4&469.51625008538264|73223&4&916.5962312610063|73241&4&628.5787192181306|73244&4&1903.546341134038|73257&4&6.750155989720952E-14|73267&4&308.0587279357572|73269&4&365.3002104020968|73272&4&158.3315326580006|73273&4&112.64521443585494|73283&4&629.2715797954311|73285&4&306.66562250337637|73290&4&193.22852780896162|73295&4&228.19076947640042|73300&4&490.71380764454636
180|4,130,1,1,1,1,1,1,1,1,1,1,1,1,1,1,1,1,1,1,1,1,1,1,1,1,1,1,1,1,1,1,1,1,1,1,1,1,1,1,1,1,1,1,1,1,1,1,1,1,1,1,1,1,1,1,1,1,1,1,1,1,1,1,1,1,1,1,1,1,1,1,1,1,1,1,1,1,1,1,1,1,1,1,1,1,1,1,1,1,1,1,1,1,1,1,1,1,1,1,1,1,0,0,0,0,0,0,0,0,0,0,0,0,0,0,0,0,0,0,0,0,2|73191&4&109.87175482115961|73199&4&345.6707836974459|73200&4&305.2225223907205|73206&4&344.73814105088064|73226&4&245.08815625472866|73234&4&0.0|73244&4&9.334497451881422|73245&4&879.76111612142|73248&4&1737.2958614273|73251&4&236.71154336498634|73252&4&356.77963529766805|73254&4&1279.8097047213769|73256&4&273.9734231892227|73263&4&1787.1094067993683|73267&4&178.08612536685212|73284&4&77.9794771213254|73286&4&810.170641692517|73302&4&213.82507085995994,2|73196&4&1600.4962410861917|73201&4&-7.105427357601002E-15|73208&4&1861.1348562058747|73213&4&403.59594499847697|73230&4&370.41712564406|73231&4&387.39122001047053|73233&4&963.2132193301068|73238&4&1557.8706423210197|73240&4&1585.2306378684189|73250&4&52.733368940575275|73256&4&417.57506749333066|73257&4&369.766036552345|73265&4&730.5173529308718|73273&4&552.0765308036044|73275&4&1298.8622132989703|73280&4&1271.7628414993922|73299&4&392.79685081095334|73300&4&107.96130630151563|73302&4&38.20156434667395,2|73195&4&801.3447054812333|73221&4&2183.9137733726357|73222&4&1215.3125057147895|73224&4&967.1045561617908|73228&4&1228.6876199252765|73242&4&1306.5617887269348|73245&4&197.8707263870757|73247&4&182.74010171089157|73257&4&1601.7556346251267|73260&4&815.5949180611515|73262&4&861.1862038226297|73268&4&1873.3456994110784|73286&4&1310.89168567463|73296&4&231.11653559943707|73302&4&158.40434357423595|73307&4&341.02464388633143,2|73195&4&345.51033776249955|73202&4&677.455862167866|73210&4&872.3297251258232|73216&4&729.6358305704423|73222&4&66.52380112172088|73228&4&222.5237389007435|73230&4&370.5953830607307|73236&4&1467.0088676411124|73245&4&918.864502840654|73249&4&505.088910824268|73253&4&1752.0213249085098|73273&4&3.7425018900910056|73288&4&427.9919611975259|73303&4&3.532457095297901,2|73189&4&708.9971731400736|73191&4&50.772826461625755|73196&4&111.00386150533166|73203&4&667.2445351120404|73204&4&1575.8323730233913|73206&4&575.4462140301771|73211&4&1629.8750272152445|73212&4&451.97722661632986|73213&4&536.0208579936615|73225&4&555.3875241772522|73231&4&677.032363287539|73239&4&654.9597621764157|73250&4&317.3083788205124|73252&4&1232.0178496385906|73261&4&1573.227157259636|73282&4&1551.79774992756|73285&4&643.8592102761145|73288&4&921.5882262225282|73300&4&5.593023855916596|73302&4&33.506650463800995,2|73189&4&374.06877608094146|73190&4&1158.9835713576776|73196&4&35.77016551220796|73198&4&200.25543334924615|73208&4&104.0496208825366|73214&4&690.6990546942092|73218&4&1258.862371634555|73219&4&1238.9541545870372|73227&4&428.73312153788686|73243&4&949.3066975496183|73250&4&251.3925547724253|73254&4&21.92762499414344|73259&4&427.1798417198521|73269&4&290.57791804031444|73274&4&473.87585468122063|73277&4&532.6475885975494|73279&4&891.8113666484055|73282&4&277.78698704518115|73285&4&6.393878422135429|73295&4&55.716413874246115|73300&4&85.99731263699908|73301&4&182.4789866181701|73302&4&53.68405276525375|73303&4&10.076614704392114,2|73194&4&180.50050879535308|73197&4&356.6694112866104|73205&4&195.6123775179811|73207&4&1475.170126874621|73214&4&79.11770350145814|73215&4&459.4388121719147|73221&4&296.35205309153105|73224&4&117.4861304519896|73227&4&33.645372167964354|73229&4&549.0441869860966|73232&4&981.3378457955026|73238&4&57.208758872928186|73241&4&-1.0658141036401503E-14|73246&4&508.35027944702176|73255&4&347.61537722062803|73256&4&574.5947944434424|73264&4&812.0760984977671|73276&4&-9.592326932761353E-14|73280&4&61.11438314239201|73295&4&34.95038154243525|73306&4&6.748274388463357,2|73194&4&18.746540892017777|73200&4&614.8688897236821|73203&4&3.443469435012517|73209&4&2771.094482240481|73220&4&6.816116725961436|73223&4&54.595313101523|73226&4&242.1199178650103|73237&4&1872.7811544070505|73242&4&24.622695600777625|73255&4&773.7168220016148|73257&4&78.92965658085166|73258&4&855.2548735519451|73262&4&775.1993224577908|73266&4&1643.7847968060437|73271&4&-4.085620730620576E-14|73278&4&2147.170618384923|73279&4&77.08305787525104|73294&4&157.36230037687804|73295&4&21.49283569914431,2|73192&4&599.8766946881217|73212&4&196.12936477692517|73217&4&1847.8802875009803|73221&4&40.90564563414779|73234&4&0.0|73235&4&1129.9630518926458|73239&4&318.6173727153186|73243&4&106.46606462707518|73249&4&1049.783915426524|73267&4&135.602914361866|73270&4&1670.2042669132006|73271&4&943.6603108306845|73276&4&1829.7535312443529|73283&4&229.55554709119556|73287&4&299.688302268773|73295&4&71.81933128586896|73296&4&56.4047653772914|73303&4&7.511915398177455,2|73191&4&445.7262275015848|73193&4&849.7136187857816|73194&4&605.0299121056023|73198&4&281.21844506235186|73199&4&703.2072911489336|73201&4&1608.2469490153953|73215&4&1311.6054107649109|73220&4&419.86102991177586|73223&4&854.2226498201443|73241&4&585.4010314868635|73244&4&2041.8296191722784|73267&4&290.94435416154846|73269&4&324.84852461538264|73272&4&132.6024945926763|73273&4&86.61486937857987|73283&4&713.0602750779337|73285&4&268.8706583758507|73290&4&174.8573542173841|73295&4&213.22829405587188|73300&4&461.0272152515612
181|4,130,1,1,1,1,1,1,1,1,1,1,1,1,1,1,1,1,1,1,1,1,1,1,1,1,1,1,1,1,1,1,1,1,1,1,1,1,1,1,1,1,1,1,1,1,1,1,1,1,1,1,1,1,1,1,1,1,1,1,1,1,1,1,1,1,1,1,1,1,1,1,1,1,1,1,1,1,1,1,1,1,1,1,1,1,1,1,1,1,1,1,1,1,1,1,1,1,1,1,1,1,0,0,0,0,0,0,0,0,0,0,0,0,0,0,0,0,0,0,0,0,2|73191&4&85.9405923530193|73199&4&327.34666845163025|73200&4&252.4101067686845|73206&4&344.9268606656426|73226&4&231.23352766154628|73233&4&86.76320272413335|73234&4&1.8091289923636218|73242&4&113.20280863664391|73244&4&1.626212284784357|73245&4&924.2243286445025|73248&4&1577.5499855594314|73251&4&377.5222008289204|73252&4&351.8793176499772|73254&4&1266.780752650952|73256&4&231.13206703411825|73263&4&2090.445087717523|73267&4&434.12318139296565|73275&4&215.43624459259036|73284&4&73.64728394791844|73286&4&840.7467391430973|73302&4&201.4748405535754,2|73196&4&1595.5750566573283|73208&4&2067.904685058993|73213&4&331.5250415730494|73230&4&312.16556408077884|73231&4&327.5376463397622|73233&4&882.6664116986896|73238&4&1532.3438498721612|73240&4&1469.683292085937|73250&4&37.0299012441524|73256&4&384.136753789679|73257&4&325.1928204183935|73265&4&670.5880975726791|73273&4&502.6250343198321|73275&4&1171.3684602113383|73280&4&1373.9565263783918|73299&4&416.7821939433448|73300&4&91.38107957672794|73302&4&31.05642098701283,2|73195&4&750.37411299633|73221&4&2216.798645529768|73222&4&1089.0112444058082|73224&4&903.5845062697103|73228&4&1143.0778572396473|73242&4&1183.3850593751904|73245&4&183.89693217825712|73247&4&168.4925102884435|73257&4&1812.9609977273626|73260&4&1007.0425849472016|73262&4&1031.3205823404887|73268&4&1727.322587517046|73286&4&1171.1287825412796|73296&4&213.4429271574551|73302&4&146.4930279532217|73307&4&377.1210999790392,2|73195&4&270.62672898667876|73202&4&627.3991308149316|73210&4&906.7133508586601|73216&4&950.8742119969482|73222&4&63.02254843110399|73228&4&172.30591550101616|73230&4&627.0210524916232|73236&4&1560.8906617109828|73245&4&805.3759713242246|73249&4&423.78051895416576|73253&4&1709.62237376108|73273&4&-6.217248937900877E-15|73288&4&367.2838186405386|73303&4&1.073033476556095,2|73189&4&683.6390245058938|73191&4&46.541757589823604|73196&4&90.45013845280313|73203&4&663.1782154158216|73204&4&1448.5223703294755|73206&4&500.00736761827665|73211&4&1558.6639108259367|73212&4&654.3056255057363|73213&4&569.5401989579831|73225&4&572.2007333377819|73231&4&628.365113110346|73239&4&909.2047213592011|73250&4&290.9789368324331|73252&4&1108.9988221833162|73261&4&1798.8481071731435|73282&4&1385.2380229581468|73285&4&601.1371949221391|73288&4&1177.7215649451414|73300&4&3.730349362740526E-14|73302&4&23.054689518575692,2|73189&4&323.12575969118876|73190&4&1089.9711613131155|73191&4&140.3842008043265|73196&4&20.536088274397976|73198&4&190.24266168178383|73208&4&67.04257845147055|73214&4&642.4900490516019|73218&4&1128.9201405316164|73219&4&1149.4872566847919|73227&4&401.83233730827305|73243&4&948.2297943709002|73250&4&236.81928637150048|73254&4&9.58358061253059|73259&4&376.31245038914824|73269&4&274.5385694009942|73274&4&424.79257325642385|73277&4&589.9046817914963|73279&4&863.3597086734031|73282&4&599.8167762939645|73285&4&-4.085620730620576E-14|73295&4&50.651285340223744|73300&4&173.4314391733131|73301&4&197.88264678115246|73302&4&48.60634156085677|73303&4&32.974371252026785,2|73194&4&382.9684209585041|73197&4&383.4156022127039|73205&4&177.6316605321726|73207&4&1577.305549993147|73214&4&68.33304930575166|73215&4&406.9783788030682|73221&4&223.8006597064515|73223&4&266.0365210295069|73224&4&93.31849450339807|73227&4&30.28083495116792|73229&4&506.5737222372037|73232&4&984.4972773792821|73238&4&37.070366269645184|73246&4&506.5693489032394|73255&4&277.30377578191604|73256&4&542.379614802008|73264&4&765.2316573992874|73280&4&37.2658274951762|73285&4&87.82966678769986|73295&4&110.51096747178751|73306&4&4.498849592308902,2|73194&4&6.751506349413462|73200&4&755.2217915770093|73203&4&-7.105427357601002E-15|73209&4&2529.3742211249164|73220&4&-3.019806626980426E-14|73223&4&29.292383949174162|73226&4&217.80550929900937|73237&4&1943.6825427360372|73242&4&11.541811079411227|73255&4&815.2752454396735|73257&4&39.53638852392314|73258&4&769.5871452108029|73262&4&660.7193757077192|73266&4&1688.4849096383807|73278&4&2022.2399718369975|73279&4&46.971802839529175|73294&4&143.23722196314526|73295&4&10.717183641712086,2|73192&4&693.7119900542252|73195&4&343.26815488844767|73204&4&145.6940307694783|73212&4&158.5836356881447|73217&4&1910.056125744979|73218&4&148.7855874509736|73221&4&35.79243992987931|73235&4&1044.2895490683172|73239&4&262.7636402392217|73243&4&77.00849368247236|73249&4&1046.7687986181218|73267&4&98.47235071006665|73270&4&1736.7279984275963|73271&4&931.376107447702|73276&4&1695.9524253658165|73283&4&185.86921961695046|73284&4&77.65494323509775|73287&4&270.24355859300215|73295&4&62.98682564775376|73296&4&43.95009110034148|73303&4&5.374713175256618,2|73191&4&413.89936550130005|73193&4&1053.4439776044046|73194&4&566.6402973510388|73198&4&266.2274151413961|73199&4&631.2314809794537|73201&4&1582.5637845960716|73215&4&1234.239365521312|73220&4&542.0183561974686|73223&4&791.8490683792822|73241&4&614.8707990989515|73244&4&1999.230702697532|73267&4&273.82998038733973|73269&4&284.3968388286685|73272&4&106.87345652735198|73273&4&60.584524321304755|73283&4&817.4528589644083|73285&4&231.07569424832514|73290&4&156.48618062580658|73295&4&198.26581863534335|73300&4&431.34062285857624
182|4,130,1,1,1,1,1,1,1,1,1,1,1,1,1,1,1,1,1,1,1,1,1,1,1,1,1,1,1,1,1,1,1,1,1,1,1,1,1,1,1,1,1,1,1,1,1,1,1,1,1,1,1,1,1,1,1,1,1,1,1,1,1,1,1,1,1,1,1,1,1,1,1,1,1,1,1,1,1,1,1,1,1,1,1,1,1,1,1,1,1,1,1,1,1,1,1,1,1,1,1,1,0,0,0,0,0,0,0,0,0,0,0,0,0,0,0,0,0,0,0,0,2|73191&4&64.89452365236924|73199&4&309.0225532058146|73200&4&205.56681083523964|73206&4&588.9742752831562|73226&4&234.85098504477358|73233&4&374.92809886786966|73234&4&97.6641583497446|73242&4&456.4231600673317|73244&4&1.021405182655144E-14|73245&4&873.193097838505|73248&4&1557.9520084498986|73251&4&353.1788682492946|73252&4&332.40756421328007|73254&4&1474.9129622762666|73256&4&191.3526458805763|73263&4&1897.7786374579225|73267&4&625.8467955894349|73275&4&573.3181228736304|73284&4&69.31509077451148|73286&4&971.0099656319306|73302&4&189.12461024719084,2|73196&4&1528.2663697896323|73208&4&2124.7511568869845|73213&4&259.45413814762185|73230&4&261.4126989147735|73231&4&267.6840726690539|73233&4&802.1196040672722|73238&4&1421.0432823253825|73240&4&1601.0172764772879|73250&4&21.32643354772952|73256&4&350.6984400860274|73257&4&280.61960428444206|73265&4&616.7633639671544|73273&4&622.3002334179839|73275&4&1047.8281957971294|73280&4&1414.8703143067448|73299&4&444.6508481396846|73300&4&74.80085285194025|73302&4&27.17436836363622,2|73195&4&699.4035205114267|73221&4&2330.527569055321|73222&4&962.7935009746654|73224&4&840.06445637763|73228&4&1112.052905599277|73242&4&1060.2083300234465|73245&4&169.92313796943856|73247&4&154.24491886599543|73257&4&2216.5749123150017|73260&4&1098.6928788097057|73262&4&1175.6756947100919|73268&4&1585.5127975883318|73286&4&1037.5028419515766|73296&4&195.76931871547316|73302&4&134.58171233220747|73307&4&407.0211109813284,2|73195&4&208.99331846798611|73202&4&591.6708671845882|73210&4&843.9603564214464|73216&4&976.4940417922421|73222&4&59.521295740487105|73228&4&123.90389246253423|73230&4&779.5294446810196|73236&4&1476.3889650567476|73245&4&700.6924209964616|73249&4&348.74822518862726|73253&4&1835.221245766828|73288&4&318.2461282851279|73303&4&-7.549516567451064E-15,2|73189&4&765.1239627277682|73191&4&42.31068871802145|73196&4&69.8964154002746|73203&4&617.0364986514234|73204&4&1330.525699483757|73206&4&424.5685212063762|73211&4&1406.3406754416212|73212&4&612.8516572148511|73213&4&620.8859107684576|73225&4&853.4290243852262|73231&4&579.6978629331527|73239&4&1115.5887054376103|73250&4&267.00038862182396|73252&4&990.4231222434524|73261&4&1984.6740355051904|73282&4&1229.6464080346084|73285&4&558.4151795681635|73288&4&1178.9569115888962|73302&4&12.602728573350392,2|73189&4&272.182743301436|73190&4&1095.6420803691021|73191&4&133.36499076411016|73196&4&10.834185171223456|73198&4&180.2298900143215|73208&4&41.87569512486892|73214&4&594.2810434089947|73218&4&1009.4524739389108|73219&4&1165.7156703988894|73227&4&374.93155307865925|73238&4&344.8014169003361|73243&4&876.2162858788661|73250&4&222.24601797057565|73254&4&-6.750155989720952E-14|73259&4&456.8128841050671|73265&4&26.726849231099095|73269&4&332.78447126946253|73274&4&375.70929183162696|73277&4&561.4526253550765|73279&4&953.1260118720734|73282&4&1004.6830244090963|73295&4&45.58615680620137|73300&4&164.54487393305493|73301&4&223.79513344215832|73302&4&43.528630356459786|73303&4&53.78248144386448,2|73194&4&363.25034898741046|73197&4&417.59709326935797|73205&4&159.6509435463641|73207&4&1423.9373978129183|73211&4&265.9319790046885|73212&4&119.3515662978727|73214&4&57.54839511004514|73215&4&357.98916236318223|73221&4&155.9389363787398|73223&4&338.47803970184714|73224&4&69.22709226495192|73227&4&26.916297734371483|73229&4&637.1636487480392|73232&4&1077.9699735319034|73238&4&19.13595806463713|73246&4&620.6591858432973|73255&4&209.45021947314527|73256&4&510.16443516057353|73264&4&794.3427511326357|73280&4&25.199794445790577|73285&4&83.43818344831487|73295&4&142.77011367118425|73306&4&2.2494247961544476,2|73194&4&3.375753174706743|73200&4&978.6279958144903|73209&4&2504.5972057782365|73223&4&14.844132315195946|73226&4&193.4911007330084|73237&4&1795.263227564879|73242&4&0.0|73255&4&1013.0427428172299|73257&4&12.360653143427836|73258&4&804.3434694521836|73262&4&556.8111223465614|73266&4&1755.1813102819765|73278&4&1955.426588249408|73279&4&27.116182975218898|73294&4&158.18673837557458|73295&4&3.5747849785913997,2|73192&4&655.0858377481851|73195&4&486.2969138406604|73204&4&392.1401718940727|73212&4&127.29445969714641|73217&4&1767.1435296748418|73218&4&310.77244554287495|73221&4&30.67923422561083|73235&4&1001.8522592518373|73239&4&216.33147319920965|73243&4&49.22820641678201|73249&4&999.7736499651699|73267&4&65.98878819825467|73270&4&1981.2838953316823|73271&4&844.3133737186554|73272&4&155.68897373319527|73276&4&1599.9711726052867|73283&4&146.8129229280557|73284&4&139.10157845620432|73287&4&240.79881491723137|73295&4&54.15432000963857|73296&4&31.495416823391572|73303&4&3.2375109523357803,2|73191&4&382.07250350101526|73193&4&1029.1592314030163|73194&4&528.2506825964754|73198&4&251.23638522044024|73199&4&561.9797636574772|73201&4&1449.7193674476525|73215&4&1156.8733202777132|73220&4&507.1642596375508|73223&4&729.4754869384201|73241&4&683.2697741494152|73244&4&1955.128011737399|73267&4&256.715606613131|73269&4&243.94515304195428|73272&4&81.14441846202766|73273&4&34.554179264029656|73283&4&1025.9046736829516|73285&4&193.28073012079952|73290&4&138.11500703422905|73295&4&183.3033432148148|73300&4&401.65403046559123
183|4,130,1,1,1,1,1,1,1,1,1,1,1,1,1,1,1,1,1,1,1,1,1,1,1,1,1,1,1,1,1,1,1,1,1,1,1,1,1,1,1,1,1,1,1,1,1,1,1,1,1,1,1,1,1,1,1,1,1,1,1,1,1,1,1,1,1,1,1,1,1,1,1,1,1,1,1,1,1,1,1,1,1,1,1,1,1,1,1,1,1,1,1,1,1,1,1,1,1,1,1,1,0,0,0,0,0,0,0,0,0,0,0,0,0,0,0,0,0,0,0,0,2|73191&4&43.84845495171919|73199&4&290.69843795999896|73200&4&169.53024376104656|73206&4&663.1289070087555|73226&4&220.1227521527707|73233&4&431.0904777789075|73234&4&92.77642760977646|73242&4&600.1418494409588|73245&4&854.956185143765|73248&4&1842.342341627302|73251&4&361.23165756670966|73252&4&417.6472002216779|73254&4&1338.8902949859164|73256&4&151.73326408850485|73263&4&1706.341179741281|73267&4&613.0830048980789|73275&4&926.3851902192421|73284&4&64.98289760110451|73286&4&1065.6086175367934|73302&4&176.77437994080628,2|73196&4&1469.7987252211178|73208&4&2163.92930230054|73213&4&200.1611813331808|73230&4&218.04676628581868|73231&4&212.3880031898624|73233&4&725.6829853233857|73238&4&1309.7427147786043|73240&4&1637.6286328328313|73250&4&5.622965851306638|73256&4&317.2601263823758|73257&4&236.04638815049063|73265&4&562.93863036163|73273&4&564.3924021551154|73275&4&931.436596696552|73280&4&1477.538069774313|73299&4&407.29579083727504|73300&4&169.71055700484968|73302&4&23.292315740259617,2|73195&4&648.4329280265234|73221&4&2347.340842164237|73222&4&841.8794749071153|73224&4&776.5444064855498|73228&4&1222.9190459929537|73242&4&937.0316006717022|73245&4&155.94934376061997|73247&4&147.9824809867983|73257&4&2209.8003607571695|73260&4&1111.1497733356666|73262&4&1393.6501192092314|73268&4&1551.0824393371408|73281&4&43.55848779726368|73286&4&913.3599474665903|73296&4&178.09571027349122|73302&4&122.67039671119322|73307&4&375.94162145974803,2|73195&4&163.48362523402577|73201&4&184.45206019226953|73202&4&529.7984723826744|73210&4&801.1144146765502|73216&4&982.8827091402813|73222&4&130.97159956466956|73228&4&84.65749958375281|73230&4&758.673509143631|73236&4&1429.5991171984683|73245&4&599.5625251402475|73249&4&275.58363242120646|73253&4&1831.7318645052078|73288&4&271.5543047351556,2|73189&4&712.8983575016665|73191&4&38.0796198462193|73196&4&49.34269234774608|73203&4&570.8947818870249|73204&4&1218.4117048213484|73206&4&359.1700093861385|73211&4&1268.2344897742441|73212&4&571.3976889239659|73213&4&591.9763942631156|73225&4&843.8474594310239|73231&4&697.4973165312651|73239&4&1127.3305702989805|73250&4&243.0218404112149|73252&4&876.56954848287|73261&4&1842.7684457639434|73282&4&1091.6980951878754|73285&4&515.6931642141878|73288&4&1225.0297862347152|73302&4&2.1507676281250925,2|73189&4&229.28374995663688|73190&4&1102.745836522108|73191&4&277.38317892966654|73196&4&2.428190431363723|73198&4&170.2171183468592|73208&4&23.231367400128104|73214&4&570.4880126499731|73218&4&898.0238281871092|73219&4&1257.2648400625376|73227&4&348.03076884904544|73238&4&428.52365262096123|73243&4&1099.9244263126486|73250&4&416.95303132890206|73259&4&401.22213035456735|73265&4&140.32232575740298|73269&4&313.0308601047529|73274&4&344.04682842698844|73277&4&525.4722681180057|73279&4&1018.2730874573413|73282&4&1181.617161547199|73295&4&40.521028272179|73300&4&155.6583086927968|73301&4&250.84716971361559|73302&4&38.450919152062795|73303&4&50.85728132152371,2|73194&4&343.5322770163169|73197&4&472.25825367847693|73205&4&256.1501836209948|73207&4&1277.0721564852008|73211&4&455.18152747853594|73212&4&203.97983026153707|73214&4&46.76374091433863|73215&4&311.3920092212034|73221&4&98.77935949628277|73223&4&552.4026393445708|73224&4&50.118234279707536|73227&4&23.551760517575048|73229&4&730.9216444095036|73232&4&1136.1449451896974|73238&4&10.540406395469367|73246&4&644.7986429947466|73254&4&404.2361985144272|73255&4&153.19138545981514|73256&4&516.830128458246|73264&4&775.3180503731263|73280&4&16.614943553000693|73285&4&164.1993349464663|73295&4&231.77475500428613|73306&4&-7.105427357601002E-15,2|73194&4&2.398081733190338E-14|73200&4&925.170886739967|73209&4&2630.9502109611185|73223&4&3.7958885292588103|73226&4&169.95214549871486|73237&4&1650.4076157103964|73255&4&1278.9379904951852|73257&4&9.947598300641403E-14|73258&4&956.7219254476436|73262&4&469.0727528925149|73266&4&1749.2035960873313|73278&4&2045.0488881785352|73279&4&12.408189519129945|73294&4&188.43573411080357|73295&4&-2.042810365310288E-14,2|73192&4&737.1981932543383|73195&4&485.29577232321446|73204&4&563.4486466704667|73212&4&96.2382014182799|73217&4&1897.3217220993558|73218&4&393.12694686653344|73221&4&25.566028521342353|73226&4&62.75895867259217|73235&4&995.1485722098486|73239&4&178.10994573258375|73243&4&26.515053184514272|73249&4&937.6825651412017|73267&4&47.86908026569678|73270&4&2300.6090906120858|73271&4&875.5959034508403|73272&4&211.21137547937667|73276&4&1522.8155181085806|73283&4&114.1893339814957|73284&4&131.95236217530635|73287&4&211.35407124146053|73295&4&45.321814371523374|73296&4&22.253429176187403|73303&4&1.1003087294149436,2|73191&4&350.24564150073047|73193&4&944.2028827000595|73194&4&489.8610678419119|73198&4&236.2453552994844|73199&4&494.5685044883023|73201&4&1316.8749502992332|73215&4&1079.5072750341146|73220&4&613.5850842744652|73223&4&667.1019054975579|73241&4&626.2940729025381|73244&4&1958.0352737615174|73267&4&239.60123283892227|73269&4&213.3566446804789|73272&4&55.41538039670333|73273&4&19.942453834231266|73283&4&1073.013959243745|73285&4&155.4857659932739|73290&4&152.7783942748762|73295&4&168.34086779428623|73300&4&371.96743807260617
184|4,130,1,1,1,1,1,1,1,1,1,1,1,1,1,1,1,1,1,1,1,1,1,1,1,1,1,1,1,1,1,1,1,1,1,1,1,1,1,1,1,1,1,1,1,1,1,1,1,1,1,1,1,1,1,1,1,1,1,1,1,1,1,1,1,1,1,1,1,1,1,1,1,1,1,1,1,1,1,1,1,1,1,1,1,1,1,1,1,1,1,1,1,1,1,1,1,1,1,1,1,1,0,0,0,0,0,0,0,0,0,0,0,0,0,0,0,0,0,0,0,0,2|73191&4&30.489236000814316|73199&4&272.37432271418334|73200&4&133.4936766868534|73206&4&802.8527040404597|73226&4&205.3945192607678|73233&4&408.3708802356416|73234&4&87.88869686980831|73242&4&685.2206320789288|73245&4&960.8421885948388|73248&4&1680.4207763133445|73251&4&335.2685188922318|73252&4&502.2336477002478|73254&4&1216.2522553916542|73256&4&117.20837815920682|73263&4&1514.9037220246387|73267&4&578.9686800283733|73275&4&878.0671152590403|73284&4&60.65070442769755|73286&4&1048.96336305237|73302&4&164.42414963442172,2|73196&4&1349.7710739342263|73208&4&1973.3254644858916|73213&4&147.2725611555881|73230&4&177.78311023169996|73231&4&164.6183050475627|73233&4&653.1965904815949|73238&4&1198.4421472318259|73240&4&1492.4715275819908|73250&4&-5.6843418860808015E-14|73256&4&283.8218126787242|73257&4&191.4731720165392|73265&4&514.1980133494069|73273&4&642.136480062911|73275&4&823.1475887261346|73280&4&1544.6403725006926|73299&4&371.56667036602954|73300&4&147.55583373617714|73302&4&19.410263116883016,2|73195&4&597.4623355416202|73221&4&2340.1375057648083|73222&4&730.0569906559127|73224&4&713.0243565934694|73228&4&1416.3261629715435|73242&4&824.0772401170179|73245&4&141.9755495518014|73247&4&261.38034727721157|73257&4&2058.953041472327|73260&4&1094.3667396000335|73262&4&1508.3090921107903|73268&4&1613.400698179835|73281&4&46.009058397811|73286&4&796.07480978034|73296&4&160.42210183150928|73302&4&110.75908109017898|73307&4&346.1636207292361,2|73195&4&127.13180906343024|73201&4&203.33238957228656|73202&4&581.8625365889957|73208&4&60.387340791922156|73210&4&1045.2528749904682|73216&4&945.725136137469|73219&4&114.77932933696951|73222&4&465.70059980019903|73224&4&159.28630588756232|73228&4&51.61140850120253|73230&4&709.1853721662275|73236&4&1553.1324750956205|73245&4&501.8947089327001|73249&4&202.4190396537856|73253&4&1960.453293395396|73288&4&228.69043907692586,2|73189&4&660.672752275565|73191&4&33.84855097441715|73196&4&28.788969295217555|73203&4&524.7530651226266|73204&4&1108.1477619388315|73206&4&301.54408832306507|73211&4&1130.1283041068673|73212&4&529.9437206330806|73213&4&630.5099892078209|73225&4&777.246174761793|73231&4&667.578219621573|73239&4&1092.8893502061615|73250&4&219.04329220060578|73252&4&775.7076189179627|73261&4&1697.7661879153934|73282&4&961.9447942946842|73285&4&472.97114886021234|73288&4&1287.0444754149091|73302&4&1.7763568394002505E-14,2|73189&4&186.38475661183773|73190&4&1006.5390348896874|73191&4&400.28912921022874|73196&4&1.687538997430238E-14|73198&4&172.87630987612795|73208&4&8.929149420363872|73214&4&521.0582082631867|73218&4&795.969419933936|73219&4&1167.6669692982207|73227&4&321.12998461943164|73238&4&406.2354664476623|73243&4&1295.5303168750124|73250&4&559.5320201904377|73259&4&446.16199643397465|73263&4&212.13176755766756|73265&4&133.23939234645508|73269&4&469.1822729570962|73274&4&402.4727129303175|73277&4&478.12213038536515|73279&4&1152.9105456534544|73282&4&1130.294097925802|73295&4&35.45589973815663|73300&4&146.77174345253866|73301&4&277.9108442675663|73302&4&33.373207947665804|73303&4&47.932081199182946,2|73194&4&323.8142050452233|73197&4&549.6215752988195|73205&4&294.77709513526815|73207&4&1320.6829280670104|73211&4&889.6305730225051|73212&4&193.48245983271553|73214&4&35.97908671863212|73215&4&264.7948560792246|73221&4&55.79049910230092|73223&4&586.9186496562071|73224&4&31.009376294463138|73227&4&20.187223300778612|73229&4&675.9093206334167|73232&4&1045.6809343243121|73238&4&4.91179221127521|73246&4&694.0133491003776|73248&4&251.86721799887454|73254&4&486.0934599270121|73255&4&112.40870736458774|73256&4&505.9454226738629|73264&4&803.1861905095755|73275&4&8.496831034201705|73280&4&8.030092660210785|73285&4&155.5502198652045|73295&4&296.43826583181635,2|73200&4&871.7137776654438|73209&4&2734.8602249167434|73223&4&8.881784197001252E-16|73226&4&148.304436781764|73237&4&1505.5520038559137|73255&4&1463.0500453034801|73258&4&869.1536220574343|73262&4&391.2384412020325|73266&4&1687.3557366209575|73278&4&1922.7670594293786|73279&4&2.816927224171042|73294&4&205.72367675106614,2|73192&4&723.9375444489665|73195&4&614.4668569241006|73204&4&533.9134170764382|73212&4&69.93508501140275|73217&4&1895.6693001684012|73218&4&600.791044705853|73221&4&20.452822817073876|73226&4&59.62101073896256|73235&4&910.0175699009699|73239&4&144.15948619034816|73243&4&14.290304711873535|73249&4&1044.4701429260704|73267&4&37.764656023035535|73270&4&2462.581705882383|73271&4&823.0684052484708|73272&4&377.4045036060313|73276&4&1397.0932461899392|73283&4&84.86778066540167|73284&4&124.80314589440839|73287&4&235.84239714736725|73295&4&36.48930873340818|73296&4&15.025847854274712|73299&4&68.62199515893872|73303&4&-3.552713678800501E-15,2|73191&4&318.4187795004456|73193&4&859.2465339971027|73194&4&451.4714530873484|73198&4&221.2543253785286|73199&4&434.38446613168037|73201&4&1194.2385769485675|73215&4&1002.1412297905156|73220&4&559.0325753234981|73223&4&604.7283240566959|73241&4&642.2889401067803|73244&4&1792.0168761774194|73267&4&222.48685906471354|73269&4&182.7681363190036|73272&4&32.80825406672831|73273&4&9.44163852602554|73283&4&1028.515918446699|73285&4&119.53588693606832|73290&4&135.1610574083|73295&4&153.3783923737577|73300&4&342.28084567962117
185|4,130,1,1,1,1,1,1,1,1,1,1,1,1,1,1,1,1,1,1,1,1,1,1,1,1,1,1,1,1,1,1,1,1,1,1,1,1,1,1,1,1,1,1,1,1,1,1,1,1,1,1,1,1,1,1,1,1,1,1,1,1,1,1,1,1,1,1,1,1,1,1,1,1,1,1,1,1,1,1,1,1,1,1,1,1,1,1,1,1,1,1,1,1,1,1,1,1,1,1,1,1,0,0,0,0,0,0,0,0,0,0,0,0,0,0,0,0,0,0,0,0,2|73191&4&20.368302181179473|73199&4&254.05020746836766|73200&4&97.45710961266025|73206&4&798.4133246389766|73226&4&190.66628636876487|73233&4&431.4896553848664|73234&4&83.00096612984018|73242&4&647.9491198148985|73245&4&1189.7626813734391|73248&4&1522.1587689094372|73251&4&309.3053802177539|73252&4&636.0285166641364|73254&4&1096.7948147713262|73256&4&82.68349222990881|73263&4&1333.827891779429|73267&4&544.8543551586679|73275&4&829.7490402988385|73284&4&56.318511254290584|73286&4&995.2596752919967|73302&4&152.07391932803716,2|73196&4&1405.5336412216805|73208&4&1782.7216266712426|73213&4&96.41325096848703|73230&4&137.51945417758122|73231&4&116.84860690526295|73233&4&584.7963240688499|73238&4&1087.1415796850474|73240&4&1347.9223547081724|73256&4&250.38349897507254|73257&4&146.89995588258773|73265&4&472.1499567664766|73273&4&841.350803944392|73275&4&715.5147170131943|73280&4&1573.949069766737|73299&4&337.5357870353687|73300&4&131.1642237709388|73302&4&15.528210493506412,2|73195&4&546.4917430567169|73221&4&2549.4972608421945|73222&4&627.7839081308354|73224&4&649.5043067013892|73228&4&1303.44158368217|73242&4&717.3437107932691|73245&4&128.00175534298282|73247&4&241.67635043066042|73257&4&1908.105722187485|73260&4&1132.0355446638087|73262&4&1414.7199659885691|73268&4&1656.6309080253|73281&4&48.017446860192436|73286&4&688.7189181320523|73296&4&142.7484933895273|73302&4&98.84776546916474|73307&4&318.2734780368573,2|73195&4&91.51624481398574|73201&4&368.3314093523871|73202&4&730.9080600526142|73208&4&310.52637739085594|73210&4&1212.609471548834|73216&4&981.0357647679675|73219&4&109.04036287012103|73222&4&838.4206207201883|73224&4&312.92585801281746|73228&4&25.249405282022806|73230&4&659.6972351888237|73236&4&1619.4657600076953|73245&4&412.75832656952315|73249&4&137.74926408229427|73253&4&1791.1470567616689|73288&4&187.18406212900823,2|73189&4&608.4471470494635|73191&4&29.617482102615003|73196&4&8.23524624268903|73203&4&478.6113483582284|73204&4&997.8838190563147|73206&4&246.16982770539386|73211&4&1002.2448747399615|73212&4&488.4897523421953|73213&4&623.1834369490255|73225&4&710.644890092562|73231&4&692.5242168201834|73239&4&1018.3529129453291|73250&4&195.0647439899967|73252&4&681.0114341000431|73261&4&1585.5392276381945|73282&4&833.5026960602385|73285&4&430.2491335062368|73288&4&1385.6641856157098,2|73189&4&146.89758906270475|73190&4&910.5629939182047|73191&4&444.9672883953171|73198&4&162.2299400488291|73208&4&2.8421709430404007E-14|73214&4&492.6222973450432|73215&4&13.834430920402497|73218&4&701.8620957846603|73219&4&1086.3846261948233|73227&4&294.22920038981783|73228&4&354.96079056094334|73238&4&383.9472802743634|73243&4&1194.610451861653|73250&4&526.1139241340292|73253&4&295.7122489095999|73259&4&524.2346022001138|73263&4&759.0068715325519|73265&4&307.03224736649474|73269&4&440.633410591534|73274&4&477.230136489864|73277&4&430.7719926527244|73279&4&1078.5320161365344|73282&4&1254.9843455437003|73295&4&30.39077120413426|73300&4&137.8851782122805|73301&4&260.2176237748869|73302&4&28.29549674326882|73303&4&45.00688107684218,2|73194&4&304.09613307412974|73197&4&500.1665114306077|73199&4&125.75984052404472|73205&4&334.27341512665714|73207&4&1519.8215565114165|73211&4&881.5370068742606|73212&4&228.40453515240102|73214&4&25.194432522925602|73215&4&218.19770293724577|73218&4&271.7844417234743|73221&4&24.43118016407461|73223&4&695.4268882330593|73224&4&14.373143167483692|73227&4&16.822686083982177|73229&4&620.8969968573298|73232&4&960.2495441562974|73238&4&-2.1316282072803006E-14|73246&4&706.2516127046389|73248&4&299.1713775866347|73254&4&637.160858959198|73255&4&74.5426661063591|73256&4&584.3770557952587|73264&4&934.2238657265864|73275&4&247.76290710884473|73280&4&-1.4210854715202004E-14|73285&4&146.90110478394269|73295&4&280.2563996616512,2|73200&4&826.5144883299197|73209&4&2773.0788799109196|73226&4&127.74546457104704|73237&4&1362.082758930532|73255&4&1505.5069667471425|73258&4&782.2371621792017|73262&4&318.48077512013134|73266&4&1752.1432878484688|73278&4&1922.6496463352087|73279&4&-1.865174681370263E-14|73294&4&233.6177025534017,2|73192&4&652.3438296636533|73195&4&799.8237139933447|73204&4&504.3781874824099|73212&4&43.631968604525554|73217&4&2065.315848506811|73218&4&568.5428071584322|73221&4&15.3396171128054|73226&4&56.48306280533295|73235&4&828.6245729039815|73239&4&113.23486655996393|73243&4&10.297055081165473|73249&4&1306.1600382186623|73267&4&27.660231780374367|73270&4&2413.339644904811|73271&4&933.147941904344|73272&4&370.27196523917496|73276&4&1257.829493012732|73283&4&57.970843878766125|73284&4&117.65392961351043|73287&4&223.1149819016069|73295&4&27.65680309529298|73296&4&9.704793776710135|73299&4&65.19089540099178,2|73191&4&286.59191750016083|73193&4&835.167108995837|73194&4&414.47927116436136|73198&4&206.26329545757278|73199&4&374.2004277750584|73201&4&1079.4415428369432|73215&4&924.7751845469169|73220&4&547.0058971061071|73223&4&542.3547426158339|73241&4&686.3832413519153|73244&4&1626.9018576244544|73267&4&238.60716625273386|73269&4&158.54685645044543|73272&4&18.77480956657518|73273&4&3.9821028311409417|73283&4&959.3358094484856|73285&4&83.58600787886276|73290&4&119.08592556928161|73295&4&138.41591695322916|73300&4&312.5942532866361
186|4,130,1,1,1,1,1,1,1,1,1,1,1,1,1,1,1,1,1,1,1,1,1,1,1,1,1,1,1,1,1,1,1,1,1,1,1,1,1,1,1,1,1,1,1,1,1,1,1,1,1,1,1,1,1,1,1,1,1,1,1,1,1,1,1,1,1,1,1,1,1,1,1,1,1,1,1,1,1,1,1,1,1,1,1,1,1,1,1,1,1,1,1,1,1,1,1,1,1,1,1,1,0,0,0,0,0,0,0,0,0,0,0,0,0,0,0,0,0,0,0,0,2|73191&4&12.858299646374897|73199&4&235.72609222255198|73200&4&61.420542538467075|73206&4&815.2048474534857|73226&4&175.93805347676195|73233&4&576.1070930437945|73234&4&100.21028554872368|73242&4&610.6776075508681|73245&4&1114.6879228038326|73248&4&1366.0082338010425|73251&4&283.342241543276|73252&4&614.5009162024996|73254&4&986.2982647457072|73256&4&48.15860630061081|73263&4&1177.3676627336229|73267&4&510.7400302889622|73275&4&781.4309653386368|73284&4&51.98631808088362|73286&4&1355.0162209900773|73302&4&139.72368902165263,2|73196&4&1715.0395298047092|73208&4&1592.1177888565944|73213&4&55.60175607865614|73230&4&97.2557981234625|73231&4&69.07890876296322|73233&4&517.3112434236245|73238&4&975.8410121382693|73240&4&1397.8300269069255|73256&4&216.94518527142094|73257&4&102.3267397486363|73265&4&434.8913313945193|73273&4&768.5748008382575|73275&4&620.8131894657959|73280&4&1624.2171724310579|73299&4&303.50490370470794|73300&4&114.77261380570054|73302&4&11.646157870129809,2|73195&4&495.5211505718136|73221&4&2648.62536999065|73222&4&532.3156531505813|73224&4&585.9842568093087|73228&4&1190.5570043927958|73242&4&610.6101814695203|73245&4&114.02796113416423|73247&4&221.97235358410927|73257&4&1760.4194475464788|73260&4&1050.9884554396249|73262&4&1321.1308398663475|73268&4&1735.849092174709|73281&4&45.38721084072047|73286&4&586.1829182858145|73296&4&125.07488494754539|73302&4&86.93644984815052|73307&4&290.3833353444785,2|73195&4&59.40942667028414|73201&4&438.1629810526472|73202&4&789.2307135778365|73208&4&557.4770821825389|73210&4&1121.6201660273803|73216&4&901.5904583509025|73219&4&103.30139640327255|73222&4&955.0035167002669|73224&4&522.1819022401996|73228&4&9.000264810304447|73230&4&610.20909821142|73236&4&1554.0974736072815|73245&4&338.50739520103275|73249&4&87.8701932018881|73253&4&1624.9422642045915|73288&4&150.14465026622443,2|73189&4&801.7760732205563|73191&4&25.386413230812856|73196&4&5.6843418860808015E-14|73203&4&432.46963159383006|73204&4&887.6198761737977|73206&4&192.92550935184843|73211&4&878.2328862820664|73212&4&447.03578405131|73213&4&925.0538438420704|73225&4&772.8595169964317|73231&4&804.2387382115324|73239&4&943.8164756844968|73250&4&171.08619577938762|73252&4&591.7325992154042|73261&4&1459.8834444507982|73282&4&714.3613273689596|73285&4&387.5271181522613|73288&4&1419.714487883679,2|73189&4&108.75632158855606|73190&4&814.586952946722|73191&4&474.64656846946235|73192&4&49.844223054973554|73198&4&151.5835702215302|73214&4&467.9811354142243|73215&4&257.54812651288864|73218&4&614.6904129716892|73219&4&1005.1022830914259|73227&4&267.32841616020403|73228&4&427.8838508863942|73238&4&415.42000392032037|73243&4&1093.6905868482934|73250&4&492.69582807762066|73253&4&449.98189248494356|73259&4&631.7753957565906|73263&4&1264.77305970025|73265&4&313.77378809270454|73269&4&412.08454822597173|73274&4&762.7159963893632|73277&4&402.8441028232167|73279&4&1004.1534866196145|73282&4&1430.4318917650521|73295&4&25.32564267011189|73300&4&128.99861297202233|73301&4&242.52440328220743|73302&4&23.217785538871833|73303&4&42.08168095450141,2|73194&4&284.3780611030361|73197&4&450.71144756239585|73199&4&119.47184849784249|73205&4&314.33374494540647|73207&4&1630.9864308770134|73211&4&866.2477912915732|73212&4&367.7026488399904|73214&4&17.26271596885384|73215&4&174.74378266067728|73218&4&304.9218521282623|73221&4&6.591498761459761|73223&4&691.10350753237|73224&4&4.673695991696848|73227&4&13.458148867185741|73229&4&565.8846730812429|73232&4&876.3220529019051|73244&4&15.733091498036288|73246&4&971.2833296068742|73248&4&328.1804853539903|73254&4&603.0264623403202|73255&4&41.68046814735752|73256&4&731.5426572016726|73262&4&276.22701754399884|73264&4&923.9812830169201|73275&4&278.57203285968865|73285&4&270.71796125919036|73295&4&264.074533491486,2|73200&4&818.7140623726932|73209&4&2995.862670618166|73226&4&107.18649236033005|73237&4&1226.6677308517721|73255&4&1630.327194903848|73258&4&819.3372406878668|73262&4&247.84612765346716|73266&4&1592.348648086228|73278&4&2078.5711088551498|73294&4&218.42557145046231,2|73192&4&582.1984618444845|73195&4&866.5156773426778|73197&4&186.38740668272496|73204&4&474.84295788838153|73212&4&17.697615494086236|73217&4&1881.4888379530069|73218&4&536.2945696110115|73221&4&10.226411408536922|73226&4&53.34511487170334|73235&4&747.231575906993|73239&4&82.3102469295797|73243&4&6.534257324837059|73249&4&1370.70383665173|73267&4&17.55580753771319|73270&4&2527.197478906658|73271&4&948.9600441460674|73272&4&585.8618786859063|73276&4&1187.3910471202375|73283&4&33.12441000406522|73284&4&110.50471333261247|73287&4&235.999256209092|73295&4&18.82429745717778|73296&4&5.457152340398682|73299&4&91.55147349704279,2|73191&4&254.76505549987604|73193&4&829.0386599853209|73194&4&378.99957444959114|73198&4&191.27226553661694|73199&4&321.00446254333633|73201&4&971.4427343592297|73215&4&847.4091393033179|73220&4&680.5997556550126|73223&4&483.90938178888666|73232&4&90.6478688419258|73241&4&633.3308837009033|73244&4&1464.8434003834236|73267&4&257.0044116924932|73269&4&134.32557658188728|73272&4&4.741365066422111|73273&4&2.7533531010703882E-14|73283&4&951.8804971759464|73285&4&50.230178135581355|73290&4&103.63473333313408|73295&4&123.4534415327006|73300&4&282.9076608936511
187|4,130,1,1,1,1,1,1,1,1,1,1,1,1,1,1,1,1,1,1,1,1,1,1,1,1,1,1,1,1,1,1,1,1,1,1,1,1,1,1,1,1,1,1,1,1,1,1,1,1,1,1,1,1,1,1,1,1,1,1,1,1,1,1,1,1,1,1,1,1,1,1,1,1,1,1,1,1,1,1,1,1,1,1,1,1,1,1,1,1,1,1,1,1,1,1,1,1,1,1,1,1,0,0,0,0,0,0,0,0,0,0,0,0,0,0,0,0,0,0,0,0,2|73191&4&8.628485854479523|73199&4&217.40197697673636|73200&4&36.62229000928469|73206&4&968.5821417740307|73226&4&161.20982058475903|73233&4&542.6141291740632|73234&4&105.45969645123833|73242&4&668.4513891385623|73245&4&1039.6131642342257|73248&4&1215.3374465859074|73251&4&257.37910286879804|73252&4&703.0707603794119|73254&4&875.8017147200882|73256&4&26.216717263380154|73263&4&1039.9790452597952|73267&4&476.6257054192567|73275&4&733.1128903784352|73284&4&47.65412490747666|73286&4&1711.561046752251|73302&4&127.37345871526807,2|73196&4&1769.8586769397077|73208&4&1408.3487631675594|73213&4&30.631942306646764|73230&4&56.99214206934377|73231&4&29.985966691081977|73233&4&453.8356171138604|73238&4&868.4903217584471|73240&4&1656.557339949281|73256&4&183.50687156776934|73257&4&67.27442096869184|73265&4&397.632706022562|73273&4&702.1764489770574|73275&4&534.5290673145589|73280&4&1641.8414311297506|73299&4&270.2045855147761|73300&4&179.8312491979653|73302&4&7.764105246753205,2|73195&4&444.5505580869103|73221&4&2472.0754200064985|73222&4&448.671242535711|73224&4&522.4642069172285|73228&4&1077.672425103422|73242&4&503.87665214577146|73245&4&100.05416692534564|73247&4&202.45732219129894|73257&4&1970.4563642972075|73260&4&1125.9171315271815|73262&4&1227.5417137441261|73268&4&1713.176792879853|73281&4&42.7569748212485|73286&4&493.6055632062587|73296&4&107.40127650556344|73302&4&75.02513422713628|73307&4&314.8749238171154,2|73195&4&35.84716840341028|73201&4&423.20060351771184|73202&4&718.775751683556|73208&4&687.140167617209|73210&4&1031.2578569917532|73216&4&860.5689992886316|73219&4&97.56242993642407|73222&4&1026.5456178848672|73224&4&703.6057579112387|73228&4&-6.039613253960852E-14|73230&4&637.1150587444117|73236&4&1422.5374772998384|73245&4&265.69447916971495|73249&4&56.77610099748365|73253&4&1465.9884361960728|73288&4&113.10523840344065,2|73189&4&878.0717246055499|73191&4&21.15534435901071|73203&4&386.32791482943173|73204&4&777.3559332912808|73206&4&139.681190998303|73211&4&756.9229653885158|73212&4&405.5818157604248|73213&4&972.761431270093|73225&4&895.9519539477814|73231&4&1241.9451448382833|73239&4&1078.6203594991566|73250&4&147.10764756877853|73252&4&503.28326561844676|73261&4&1380.0554778508763|73282&4&606.0758095468942|73285&4&344.80510279828576|73288&4&1384.985235148964,2|73189&4&78.32934008159548|73190&4&718.6109119752392|73191&4&484.4591067667476|73192&4&135.31617053805547|73198&4&140.93720039423135|73214&4&459.79297256625597|73215&4&436.7922624351196|73218&4&528.4797131703156|73219&4&923.8199399880284|73227&4&0.0|73228&4&560.5314952142968|73238&4&390.44377225605865|73243&4&992.770721834934|73250&4&459.27773202121216|73253&4&603.2181311618966|73259&4&630.2512614646745|73263&4&1466.5537091466954|73265&4&296.50365208227197|73269&4&462.18582508852796|73274&4&711.0055571697052|73277&4&376.9260367048131|73279&4&929.7749571026943|73282&4&1596.148135034476|73295&4&20.26051413608952|73300&4&120.11204773176419|73301&4&224.83118278952804|73302&4&18.140074334474846|73303&4&39.15648083216064,2|73194&4&264.6599891319425|73197&4&402.6974722508606|73199&4&113.18385647164025|73205&4&294.39407476415573|73207&4&1553.9781356454941|73211&4&993.8618478729782|73212&4&445.6534660829962|73214&4&9.330999414782063|73215&4&135.3142930264176|73218&4&368.32494977259984|73221&4&-4.796163466380676E-14|73223&4&663.269979624826|73224&4&-2.1316282072803006E-14|73227&4&0.0|73229&4&594.2803455079577|73232&4&794.0494307500879|73244&4&269.42814237703067|73246&4&1060.3099583224841|73248&4&624.737226622306|73254&4&568.8920657214423|73255&4&13.956547440010358|73256&4&681.1231649396204|73262&4&525.2348563195836|73264&4&891.983852758277|73275&4&279.021731160246|73285&4&509.4816942741212|73295&4&247.89266732132086,2|73199&4&103.92218115224205|73200&4&1002.6785551540197|73209&4&2993.478618037328|73226&4&86.62752014961308|73237&4&1096.9633391667942|73255&4&1759.939875955085|73258&4&1023.3316938775246|73262&4&183.19190302777463|73266&4&1742.0917729958908|73278&4&2375.6059305442986|73294&4&203.23344034752287,2|73192&4&512.0530940253157|73195&4&832.6477648578079|73197&4&304.27079890147496|73204&4&454.5077823348032|73212&4&4.28876151041588|73217&4&1827.1400744430266|73218&4&504.04633206359074|73221&4&5.113205704268444|73226&4&50.207166938073726|73235&4&665.8385789100048|73239&4&51.38562729919546|73243&4&4.356171549891368|73249&4&1470.91893812144|73267&4&7.451383295052014|73270&4&2436.994396265824|73271&4&1054.693909076179|73272&4&636.4674504407243|73276&4&1132.2737450126356|73283&4&13.51167193244818|73284&4&103.35549705171451|73287&4&387.98313045495024|73295&4&9.991791819062584|73296&4&2.7285761701993465|73299&4&151.81455992945018,2|73191&4&222.93819349959122|73193&4&895.9102870958886|73194&4&343.51987773482097|73198&4&176.2812356156611|73199&4&269.06013057329784|73201&4&863.4439258815161|73215&4&770.0430940597192|73220&4&834.1284068405663|73223&4&428.41958274173146|73232&4&97.4896201966331|73241&4&580.2785260498911|73244&4&1304.4719990639587|73267&4&239.14247638102484|73269&4&110.10429671332915|73272&4&-3.375077994860476E-14|73283&4&1114.0441815202676|73285&4&25.097684599020468|73290&4&92.44241562406516|73295&4&108.49096611217205|73300&4&253.2210685006661
188|4,130,1,1,1,1,1,1,1,1,1,1,1,1,1,1,1,1,1,1,1,1,1,1,1,1,1,1,1,1,1,1,1,1,1,1,1,1,1,1,1,1,1,1,1,1,1,1,1,1,1,1,1,1,1,1,1,1,1,1,1,1,1,1,1,1,1,1,1,1,1,1,1,1,1,1,1,1,1,1,1,1,1,1,1,1,1,1,1,1,1,1,1,1,1,1,1,1,1,1,1,1,0,0,0,0,0,0,0,0,0,0,0,0,0,0,0,0,0,0,0,0,2|73191&4&4.3986720625841285|73199&4&199.07786173092072|73200&4&17.646063479339897|73206&4&1171.295983317233|73226&4&146.48158769275614|73233&4&509.12116530433184|73234&4&98.90501349580634|73242&4&946.7975593303372|73245&4&1127.1906867369744|73248&4&1079.8195072645267|73251&4&231.41596419432014|73252&4&784.7333272655873|73254&4&765.3051646944693|73256&4&12.838472381063957|73263&4&911.4304848908431|73267&4&442.5113805495512|73275&4&684.7948154182334|73284&4&43.32193173406969|73286&4&2023.1771944781613|73302&4&115.02322840888351,2|73196&4&1809.6453534614325|73208&4&1238.183393313694|73213&4&11.847278072416227|73214&4&150.54020363473506|73230&4&23.405684107455453|73231&4&7.456047638849039|73233&4&390.47110634537023|73238&4&761.1396313786247|73240&4&1729.608457368246|73249&4&135.06283776893838|73256&4&150.06855786411774|73257&4&33.01713352007899|73265&4&360.37408065060464|73273&4&628.7833104660493|73275&4&448.24494516332186|73280&4&1675.214898016644|73299&4&239.14409419294907|73300&4&164.03150809100242|73302&4&3.882052623376602,2|73195&4&393.57996560200706|73221&4&2268.450243117965|73222&4&376.2515734210783|73224&4&458.9441570251481|73228&4&964.7878458140481|73242&4&401.670532942528|73245&4&86.08037271652705|73247&4&182.94229079848856|73257&4&2135.2456144126995|73260&4&1309.2656908911276|73262&4&1133.9525876219045|73268&4&1564.069509062731|73281&4&40.12673880177653|73286&4&412.2477836929131|73296&4&89.72766806358149|73302&4&63.11381860612205|73307&4&338.69515641053556,2|73195&4&16.97390046289391|73201&4&675.0295993236903|73202&4&648.3207897892755|73208&4&798.5602809872341|73210&4&941.0141657319139|73216&4&1012.360971366724|73219&4&91.82346346957559|73222&4&1280.689503603544|73224&4&751.6015116761264|73230&4&910.0702516083556|73236&4&1336.7285281147997|73245&4&192.8815631383972|73249&4&33.03684212597845|73253&4&1322.8820048676168|73288&4&76.06582654065687,2|73189&4&806.5284436505408|73191&4&16.92427548720856|73203&4&340.1861980650334|73204&4&670.5945464111683|73206&4&92.41450777474998|73211&4&645.5047106253705|73212&4&364.12784746953946|73213&4&1094.4496907192995|73225&4&885.0989791435842|73231&4&1290.2300905370055|73239&4&1391.9441776912445|73250&4&123.12909935816944|73252&4&423.9164817332954|73261&4&1243.6969311627292|73282&4&516.8374201420689|73285&4&302.0830874443102|73288&4&1274.1728593975954,2|73189&4&51.363468790445815|73190&4&623.4640108790087|73191&4&455.12224533914747|73192&4&429.65545672568095|73198&4&354.2393417680137|73214&4&405.84239399613125|73215&4&414.2724636159153|73218&4&451.6342519012651|73219&4&842.5375968846312|73228&4&549.9628320514869|73238&4&365.46754059179693|73243&4&891.8508568215746|73250&4&425.8596359648036|73253&4&773.0653010884266|73259&4&0.0|73263&4&1387.4870098180063|73265&4&279.23351607183935|73269&4&429.70445576155987|73274&4&743.7354969394308|73277&4&392.70005048369524|73279&4&855.3964275857743|73282&4&1904.6909393072779|73295&4&15.195385602067148|73300&4&111.22548249150604|73301&4&207.1379622968486|73302&4&13.06236313007786|73303&4&36.23128070981988,2|73190&4&12.29257972628642|73194&4&312.3391314325673|73197&4&362.6929465965354|73199&4&106.89586444543802|73205&4&274.454404582905|73207&4&1557.940720796238|73211&4&935.1116283454061|73212&4&489.46186634723176|73214&4&4.03701192674698|73215&4&98.87636984749321|73218&4&470.8994425052169|73223&4&721.6607895446892|73229&4&590.5050524082917|73232&4&711.7768085982709|73244&4&616.0339852680338|73246&4&979.9892161502644|73248&4&882.0809764974834|73254&4&918.2109555998567|73255&4&1.4210854715202004E-13|73256&4&630.7036726775684|73262&4&570.0148472239151|73264&4&826.5872196887802|73275&4&491.5874894047331|73285&4&570.8689026156924|73295&4&231.7108011511557,2|73199&4&98.72607209462994|73200&4&1047.88789333316|73209&4&3022.411046031017|73226&4&66.0685479388961|73237&4&1126.2428274314586|73255&4&1938.8856061203094|73258&4&1132.8481749645555|73262&4&124.69306488846551|73266&4&1676.4280853387477|73278&4&2711.190270622229|73294&4&188.0413092445835,2|73192&4&441.90772620614683|73195&4&1123.266349072222|73197&4&409.57182098052033|73204&4&596.9074828466255|73212&4&-3.019806626980426E-14|73217&4&1969.880589057469|73218&4&471.79809451616995|73221&4&-3.375077994860476E-14|73226&4&47.069219004444115|73235&4&584.4455819130164|73239&4&23.41218956574607|73243&4&2.1780857749456763|73249&4&1366.4408779927403|73267&4&0.7950523094231161|73270&4&2387.3745726235|73271&4&1195.351497320966|73272&4&600.0828769272363|73276&4&1338.6007775049045|73283&4&2.537023401061177|73284&4&96.20628077081655|73287&4&355.18961928062686|73295&4&1.1592861809473884|73296&4&0.0|73299&4&143.63468777465064,2|73191&4&191.1113314993064|73193&4&1031.9479952012339|73194&4&308.0401810200508|73198&4&161.29020569470526|73199&4&223.77340251021613|73201&4&755.4451174038027|73215&4&692.6770488161203|73220&4&898.9225120531449|73223&4&375.9943204341282|73232&4&166.81990059531495|73241&4&527.2261683988789|73244&4&1144.1005977444938|73267&4&405.8705304292976|73269&4&87.11589744260428|73283&4&1225.5181689065466|73285&4&11.162291903203608|73290&4&78.96754838247182|73295&4&93.5284906916435|73300&4&223.53447610768106
189|4,130,1,1,1,1,1,1,1,1,1,1,1,1,1,1,1,1,1,1,1,1,1,1,1,1,1,1,1,1,1,1,1,1,1,1,1,1,1,1,1,1,1,1,1,1,1,1,1,1,1,1,1,1,1,1,1,1,1,1,1,1,1,1,1,1,1,1,1,1,1,1,1,1,1,1,1,1,1,1,1,1,1,1,1,1,1,1,1,1,1,1,1,1,1,1,1,1,1,1,1,1,0,0,0,0,0,0,0,0,0,0,0,0,0,0,0,0,0,0,0,0,2|73191&4&0.16885827068873238|73199&4&180.75374648510507|73200&4&5.6333874334754075|73206&4&1243.422586937973|73226&4&131.75335480075324|73233&4&482.6143555495063|73234&4&104.86967972216851|73242&4&1301.0955108530761|73245&4&1578.909680966795|73248&4&953.3022821338207|73251&4&205.45282551984224|73252&4&1044.6207332540507|73254&4&664.4680606017832|73256&4&-4.618527782440651E-14|73263&4&782.8819245218909|73267&4&408.3970556798456|73275&4&636.4767404580316|73284&4&38.98973856066273|73286&4&2246.84447300093|73302&4&102.67299810249897,2|73196&4&1889.9553285616548|73208&4&1079.2407415836378|73213&4&3.5075172261029977|73214&4&255.40133482409604|73230&4&4.014928060030964|73231&4&0.0|73233&4&327.10659557687995|73238&4&670.3099192043992|73240&4&1672.905586681319|73249&4&365.7438443482002|73256&4&116.63024416046609|73257&4&13.522989180257394|73265&4&323.11545527864735|73273&4&824.5973426457559|73275&4&370.535841159071|73280&4&1542.768369125396|73288&4&223.83985576250177|73299&4&209.86384785138776|73300&4&288.9359156631019|73302&4&-8.881784197001252E-16,2|73195&4&342.6093731171038|73221&4&2044.1733390820325|73222&4&315.9944650121251|73224&4&397.36288140068007|73228&4&856.53139537443|73242&4&315.89695266390913|73245&4&72.10657850770846|73247&4&163.42725940567817|73257&4&2270.358975672939|73260&4&1407.8920981614347|73262&4&1040.3634614996831|73268&4&1416.219092320765|73281&4&0.0|73286&4&343.0943433311994|73296&4&72.05405962159955|73302&4&51.20250298510783|73307&4&365.6011240585291,2|73189&4&16.692351198647884|73190&4&322.07577469781455|73195&4&6.016938713744951|73201&4&818.2864202668167|73202&4&594.9564190276983|73208&4&754.4203861119561|73210&4&850.7704744720745|73216&4&1008.1696504896056|73219&4&86.0844970027271|73222&4&1499.5400736746897|73224&4&709.568207783381|73230&4&915.2596398064263|73236&4&1444.4145414312798|73245&4&124.45474912303347|73249&4&17.191891317864354|73253&4&1190.1146682311162|73277&4&189.50331536012445|73288&4&40.61345340246213,2|73189&4&734.9851626955318|73191&4&12.693206615406414|73203&4&294.0444813006351|73204&4&564.0715718860088|73206&4&58.49034131051915|73211&4&538.7526698487051|73212&4&322.67387917865426|73213&4&1063.6088381250904|73225&4&808.090976393737|73231&4&1303.3517917528372|73239&4&1426.6395930711517|73250&4&99.15055114756036|73252&4&349.067687759298|73261&4&1107.7337376641829|73282&4&437.04661259302657|73285&4&259.3610720903347|73288&4&1163.360483646227,2|73189&4&26.254027876763775|73190&4&539.6097666084986|73191&4&492.66335136006796|73192&4&566.3190539340951|73198&4&332.39554638066073|73214&4&351.8918154260066|73215&4&408.5294439303352|73218&4&379.66771869092975|73219&4&761.2552537812338|73228&4&827.9210964659161|73238&4&340.4913089275353|73243&4&794.755067363663|73250&4&392.44153990839504|73253&4&795.2625106879686|73263&4&1308.4203104893172|73265&4&261.96338006140667|73269&4&397.22308643459166|73274&4&692.2474083442673|73277&4&341.3636489082982|73279&4&781.017898068854|73282&4&2110.1304137995735|73295&4&10.130257068044777|73300&4&102.33891725124789|73301&4&189.4447418041692|73302&4&7.9846519256808755|73303&4&33.306080587479116,2|73190&4&11.677950739972099|73194&4&289.25119874788777|73197&4&326.2603031008542|73199&4&100.60787241923579|73205&4&254.5147344016543|73207&4&1545.772989174593|73211&4&1189.0728092655745|73212&4&522.7651422083231|73214&4&-3.019806626980426E-14|73215&4&66.19558537001913|73218&4&573.0233139101836|73223&4&975.0951526478716|73229&4&750.9500676655159|73232&4&629.504186446454|73244&4&927.8857737275256|73246&4&902.9704805802439|73248&4&1120.5009364002049|73254&4&1050.9940628188651|73256&4&810.0330626404677|73262&4&829.9891024899617|73264&4&761.1905866192836|73275&4&464.8718221475556|73285&4&644.7185177992508|73295&4&215.52893498099053,2|73199&4&124.62746531284384|73200&4&1140.6308476709155|73209&4&2928.7377821043183|73226&4&45.509575728179115|73237&4&1151.6857119603021|73255&4&1790.3878352797924|73258&4&1183.2368570366107|73262&4&66.19422674915636|73266&4&1622.9333038593509|73278&4&2693.374208344524|73294&4&172.84917814164407,2|73192&4&389.53471109553175|73195&4&1060.4771061538256|73197&4&387.8432859916985|73204&4&867.8940132351239|73217&4&1779.9190639333053|73218&4&439.54985696874917|73226&4&292.2464749337215|73235&4&596.7883365660917|73239&4&7.089478555170397|73243&4&-1.509903313490213E-14|73249&4&1261.962817864041|73267&4&-5.10702591327572E-15|73270&4&2219.98886784232|73271&4&1207.5494918307866|73272&4&563.698303413748|73276&4&1390.6381132148306|73283&4&1.687538997430238E-14|73284&4&89.05706448991859|73287&4&429.13625212281465|73295&4&0.0|73299&4&135.4548156198511,2|73191&4&159.2844694990216|73193&4&1203.8494757952672|73194&4&272.9680652731445|73198&4&146.29917577374943|73199&4&178.48667444713448|73201&4&651.4483768657119|73215&4&615.3110035725215|73220&4&837.0511119960568|73223&4&327.6904363940293|73232&4&450.5209491459439|73241&4&474.17381074786664|73244&4&986.9440623466188|73267&4&375.7220393580559|73269&4&64.28691425589247|73283&4&1131.7572265191227|73285&4&4.3345861214879715|73290&4&66.58874984761387|73295&4&78.56601527111494|73300&4&193.84788371469605
190|4,130,1,1,1,1,1,1,1,1,1,1,1,1,1,1,1,1,1,1,1,1,1,1,1,1,1,1,1,1,1,1,1,1,1,1,1,1,1,1,1,1,1,1,1,1,1,1,1,1,1,1,1,1,1,1,1,1,1,1,1,1,1,1,1,1,1,1,1,1,1,1,1,1,1,1,1,1,1,1,1,1,1,1,1,1,1,1,1,1,1,1,1,1,1,1,1,1,1,1,1,1,0,0,0,0,0,0,0,0,0,0,0,0,0,0,0,0,0,0,0,0,2|73191&4&1.0547118733938987E-15|73199&4&162.42963123928942|73200&4&-5.6843418860808015E-14|73206&4&1426.9794318935294|73226&4&117.02512190875032|73233&4&525.4097862332643|73234&4&158.42130889125545|73242&4&1453.640979643691|73245&4&1931.0725872736134|73248&4&837.4136736865663|73251&4&255.30215213497604|73252&4&1204.5082029261434|73254&4&568.4217857078432|73263&4&654.3333641529389|73267&4&374.28273081014|73275&4&588.1586654978299|73284&4&34.657545387255766|73286&4&2098.916893994462|73302&4&90.32276779611442,2|73196&4&1861.394851556825|73208&4&925.5260697029154|73213&4&2.398081733190338E-14|73214&4&311.5362973682001|73230&4&-3.019806626980426E-14|73233&4&264.5100761966869|73238&4&579.4802070301737|73240&4&1527.6133812389771|73249&4&717.4080781151347|73256&4&83.19193045681448|73257&4&3.4538290385168207|73265&4&285.85682990669|73273&4&857.5850949072718|73275&4&296.2445175115338|73280&4&1452.752912939307|73288&4&397.04382396572964|73299&4&182.51934661440657|73300&4&362.5075390029763,2|73195&4&291.63878063220056|73221&4&2291.700943326811|73222&4&261.60202779428164|73224&4&335.781605776212|73228&4&757.4209118824456|73242&4&248.19134719910593|73245&4&58.13278429888988|73247&4&143.9122280128678|73257&4&2201.1269621179376|73260&4&1298.9737375543205|73262&4&946.7743353774615|73268&4&1277.4250276278708|73286&4&285.9674187374809|73296&4&56.517334468548164|73302&4&39.2911873640936|73307&4&329.9939052025804,2|73189&4&361.21289098130313|73190&4&366.8128728680688|73195&4&-4.085620730620576E-14|73201&4&929.4255645799524|73202&4&523.6469275767828|73208&4&1013.074014075106|73210&4&762.5029772998236|73216&4&917.9420814041246|73219&4&80.34553053587862|73222&4&1410.8365446024025|73224&4&677.5766959454218|73230&4&885.2637821507756|73236&4&1341.5262852917485|73245&4&76.70885936205454|73249&4&3.2326270137132163|73253&4&1062.3060069209926|73277&4&180.0281495921182|73288&4&16.533155819296454,2|73189&4&663.4418817405228|73191&4&8.462137743604266|73203&4&262.4861173683476|73204&4&475.8211349843103|73206&4&32.7715582449238|73211&4&444.2170525100213|73212&4&281.21991088776895|73213&4&974.7219772742037|73225&4&734.0267014669851|73231&4&1339.4401518015147|73239&4&1448.051146951502|73250&4&75.17200293695127|73252&4&281.4715784276227|73261&4&984.3685942536692|73282&4&368.7708171401574|73285&4&216.63905673635912|73286&4&243.87927933340825|73288&4&1052.5481078948587,2|73189&4&4.775129063716236|73190&4&469.05434042709885|73191&4&480.93797509680377|73192&4&649.1741731335403|73198&4&310.5517509933078|73214&4&297.9412368558819|73215&4&423.8486114208996|73218&4&312.8144769692855|73219&4&679.9729106778364|73228&4&821.0560650035088|73238&4&463.24679651129435|73243&4&1039.2514626483742|73250&4&359.0234438519865|73253&4&849.4838953280245|73263&4&1674.1461544041103|73265&4&244.69324405097407|73269&4&429.0589651987612|73274&4&640.7593197491037|73277&4&297.0364614062693|73279&4&706.6393685519341|73282&4&1974.3907773364906|73295&4&5.065128534022407|73300&4&93.45235201098974|73301&4&171.75152131148977|73302&4&2.90694072128389|73303&4&30.380880465138347,2|73190&4&11.063321753657778|73194&4&305.9323589976376|73197&4&291.9986247814814|73199&4&94.31988039303356|73205&4&234.5750642204036|73207&4&1468.314139620806|73211&4&1475.354643133594|73212&4&590.6759958184975|73215&4&43.17680859748123|73218&4&664.818547012111|73223&4&1050.5019923926939|73229&4&681.8788535292044|73232&4&557.7151902941873|73244&4&1170.7346373930206|73246&4&825.9517450102237|73248&4&1194.5443165618808|73254&4&1012.7923582442486|73256&4&748.126126267168|73262&4&1032.2799549986687|73264&4&695.7939535497868|73275&4&793.4075093201664|73285&4&667.8137236518392|73295&4&244.4016369181503,2|73199&4&323.434092768475|73200&4&1131.7375537139892|73209&4&2888.0773705911197|73226&4&35.17934777504749|73237&4&1016.9572548852425|73255&4&2026.218163050779|73258&4&1091.1907377618036|73262&4&20.9456254253012|73266&4&1508.956063088253|73278&4&2468.8609669587163|73294&4&157.65704703870466,2|73192&4&341.5269308494271|73195&4&1039.3231320355358|73197&4&366.1147510028767|73204&4&839.3957278297539|73217&4&1690.6342362850603|73218&4&407.30161942132844|73226&4&309.02928268725066|73235&4&847.6021840338801|73239&4&-2.6645352591003757E-14|73249&4&1157.4847577353414|73270&4&2320.6605162770024|73271&4&0.0|73272&4&527.3137299002598|73276&4&1367.9191842494643|73284&4&81.90784820902063|73287&4&434.085813664234|73299&4&127.27494346505156,2|73191&4&127.4576074987368|73193&4&1336.3607927631974|73194&4&237.89594952623824|73197&4&87.82622794227407|73198&4&131.3081458527936|73199&4&134.32355247004324|73201&4&549.6961264980549|73215&4&537.9449583289227|73220&4&821.3158617123734|73223&4&286.63301617127564|73232&4&725.2360353236567|73241&4&423.04453762438385|73244&4&845.9173079038951|73267&4&345.57354828681423|73269&4&41.457931069180646|73283&4&1037.9962841316988|73285&4&-3.019806626980426E-14|73290&4&55.37645252470141|73295&4&63.60353985058639|73299&4&40.91094956168013|73300&4&164.16129132171102
191|4,130,1,1,1,1,1,1,1,1,1,1,1,1,1,1,1,1,1,1,1,1,1,1,1,1,1,1,1,1,1,1,1,1,1,1,1,1,1,1,1,1,1,1,1,1,1,1,1,1,1,1,1,1,1,1,1,1,1,1,1,1,1,1,1,1,1,1,1,1,1,1,1,1,1,1,1,1,1,1,1,1,1,1,1,1,1,1,1,1,1,1,1,1,1,1,1,1,1,1,1,1,0,0,0,0,0,0,0,0,0,0,0,0,0,0,0,0,0,0,0,0,2|73199&4&144.10551599347377|73206&4&1328.349053350987|73226&4&102.2968890167474|73233&4&523.8255634193629|73234&4&148.20404449755333|73242&4&1455.9534399019215|73245&4&2019.0989240284587|73248&4&724.2241178067522|73251&4&225.54839019601758|73252&4&1350.2106225255352|73254&4&485.3232735791131|73263&4&534.4211934853101|73267&4&340.16840594043447|73275&4&539.8405905376283|73284&4&30.3253522138488|73286&4&1950.9893149879945|73302&4&77.97253748972986,2|73195&4&261.47444229720986|73196&4&1702.2680361998798|73208&4&777.3634029688051|73214&4&494.9371330360475|73233&4&203.2669919141982|73234&4&34.472442023282234|73238&4&488.6504948559481|73240&4&1785.8447734321423|73249&4&724.8522849155353|73256&4&52.5702641552388|73257&4&0.0|73265&4&248.5982045347327|73273&4&843.8846756781685|73275&4&229.82543247817523|73280&4&1570.037410342994|73288&4&834.1010143190306|73299&4&157.44875544492652|73300&4&341.47624206421904,2|73195&4&240.66818814729723|73221&4&2537.000387740311|73222&4&210.6904533841306|73224&4&277.34873926693126|73228&4&659.941793729432|73242&4&185.09203521459133|73245&4&44.1589900900713|73247&4&124.39719662005746|73257&4&2141.621166681942|73260&4&1196.7441749367094|73262&4&853.1852092552401|73268&4&1250.2561608621797|73286&4&236.88402715865197|73296&4&42.135444930075636|73302&4&27.37987174307937|73307&4&295.6184943131951,2|73189&4&490.22300505963216|73190&4&467.5323466043432|73201&4&1291.3189064184028|73202&4&622.2864041392013|73208&4&1078.3328777841841|73210&4&786.8093782286957|73216&4&835.5278765537075|73219&4&74.60656406903014|73222&4&1537.356261132486|73224&4&635.041302449937|73230&4&1058.82021003175|73236&4&1215.5668348423817|73245&4&37.80949296345756|73249&4&0.0|73253&4&937.8840680768963|73277&4&207.6943344602283|73288&4&1.7053025658242404E-13,2|73189&4&591.8986007855137|73191&4&4.231068871802118|73203&4&425.6189444396345|73204&4&393.0566764612771|73206&4&19.505781353839385|73211&4&360.47756151974477|73212&4&239.7659425968837|73213&4&1033.5957079178265|73225&4&664.0257421842329|73231&4&1448.0492778134203|73239&4&1448.11338728211|73250&4&51.19345472634218|73252&4&218.94801280673113|73261&4&1298.5751624589761|73282&4&302.5062381165185|73285&4&173.9170413823836|73286&4&231.68531536673783|73288&4&941.73573214349,2|73189&4&-4.263256414560601E-14|73190&4&403.4597617542593|73191&4&447.20944611993957|73192&4&775.065937001157|73198&4&288.7079556059549|73214&4&255.56982044719805|73215&4&746.1119241254303|73218&4&261.55349714517115|73219&4&598.690567574439|73228&4&772.6278763885635|73238&4&870.2200469897398|73243&4&1149.9207430044708|73250&4&325.6053477955779|73253&4&970.7272077264421|73263&4&1772.2195987196849|73265&4&227.42310804054142|73269&4&539.5871645701234|73274&4&589.2712311539401|73277&4&252.7092739042405|73279&4&670.7398696564435|73282&4&1838.6511408734086|73295&4&3.730349362740526E-14|73300&4&84.56578677073159|73301&4&154.05830081881038|73302&4&-1.1546319456101628E-14|73303&4&27.686408702740337,2|73190&4&10.448692767343458|73194&4&280.85597166623666|73197&4&258.655642143089|73199&4&88.03188836683132|73205&4&214.63539403915286|73207&4&1319.4356069371368|73211&4&1737.7369424261483|73212&4&581.9261599968141|73215&4&20.15803182494324|73218&4&809.8477623144304|73223&4&981.8066325724499|73229&4&623.8418296968537|73232&4&495.63201606394836|73244&4&1285.5048852700795|73246&4&968.6157324999767|73248&4&1125.3159335981884|73254&4&1134.854575769829|73256&4&686.2191898938684|73262&4&974.8475986928559|73264&4&630.39732048029|73275&4&1050.234071938406|73285&4&627.0142311254674|73295&4&225.9670423426189,2|73199&4&306.4052280157199|73200&4&1113.617698808363|73209&4&2827.9392414410495|73226&4&24.84911982191584|73237&4&1049.3393131734424|73255&4&2169.7658087001105|73258&4&1038.0001588068153|73262&4&-6.394884621840902E-14|73266&4&1609.4534717863037|73278&4&2244.3477255729085|73294&4&159.18272367590066,2|73192&4&293.535617954026|73195&4&967.9589770988567|73197&4&344.38621601405487|73204&4&784.0208349771962|73217&4&1953.656343879985|73218&4&375.05338187390765|73226&4&293.02768440666006|73235&4&826.652905489753|73249&4&1053.0066976066416|73270&4&2119.541166645743|73271&4&52.23043461181453|73272&4&490.92915638677164|73274&4&3.989430046469465|73276&4&1451.728139381024|73284&4&74.75863192812267|73287&4&472.63098547691334|73299&4&119.09507131025201,2|73191&4&95.630745498452|73193&4&1362.3844963821912|73194&4&202.82679391803276|73197&4&204.02469748940646|73198&4&116.31711593183775|73199&4&104.60348459174061|73201&4&448.9053199378652|73215&4&460.57891308532385|73220&4&762.0042689875949|73223&4&245.83657247244554|73228&4&207.3910449569114|73229&4&79.26512878077665|73232&4&754.7421007159769|73241&4&371.915264500901|73244&4&721.6894977028762|73256&4&366.1848690141118|73262&4&302.66186839168705|73267&4&315.42505721557256|73269&4&19.710339293792067|73283&4&1079.4826850246739|73290&4&45.42356251492292|73295&4&48.64106443005783|73299&4&103.98614580137844|73300&4&137.79764258522778
192|4,130,1,1,1,1,1,1,1,1,1,1,1,1,1,1,1,1,1,1,1,1,1,1,1,1,1,1,1,1,1,1,1,1,1,1,1,1,1,1,1,1,1,1,1,1,1,1,1,1,1,1,1,1,1,1,1,1,1,1,1,1,1,1,1,1,1,1,1,1,1,1,1,1,1,1,1,1,1,1,1,1,1,1,1,1,1,1,1,1,1,1,1,1,1,1,1,1,1,1,1,1,0,0,0,0,0,0,0,0,0,0,0,0,0,0,0,0,0,0,0,0,2|73199&4&125.78140074765811|73206&4&1560.2847152208192|73226&4&87.56865612474449|73233&4&815.710901696044|73234&4&137.9867801038512|73242&4&1454.3325613928773|73245&4&2105.7134184402344|73248&4&620.2305413347233|73251&4&453.90267581194473|73252&4&1432.642064674237|73254&4&409.1458347360873|73263&4&422.0605800284551|73267&4&306.0540810707289|73275&4&491.5225155774265|73284&4&25.99315904044183|73286&4&1803.061735981527|73302&4&65.6223071833453,2|73195&4&291.2995926659049|73196&4&1546.7024106430733|73208&4&638.9183584105824|73214&4&534.6301637151236|73233&4&145.69187037373234|73234&4&32.74881992211812|73238&4&397.8207826817225|73240&4&1796.0506575408456|73249&4&685.4838059364561|73256&4&35.447592922194616|73265&4&211.3395791627754|73273&4&934.2681928752884|73275&4&169.01365659757633|73280&4&1428.043287007106|73288&4&1264.3415394423835|73299&4&134.6618436356454|73300&4&320.4449451254619,2|73195&4&191.58378930588532|73221&4&2596.3507801753685|73222&4&166.45709968163789|73224&4&221.70736199237274|73228&4&573.5990933199283|73242&4&135.16131080925734|73245&4&30.185195881252714|73247&4&205.76725082916911|73257&4&2089.790845831318|73260&4&1094.514612319098|73262&4&759.5960831330187|73268&4&1386.977502451315|73286&4&187.80063557982308|73296&4&30.83498440785607|73302&4&15.46855612206514|73307&4&263.91024605373843,2|73189&4&467.9493319175749|73190&4&706.0022959563328|73201&4&1371.4001379693473|73202&4&900.9804964892896|73208&4&1411.07575559439|73210&4&700.9954503983395|73216&4&923.1279217869933|73219&4&68.86759760218166|73222&4&1576.6193035940046|73224&4&875.919234911152|73230&4&975.8730308712047|73236&4&1320.3807280273008|73245&4&12.104998571829293|73253&4&820.476698133034|73277&4&307.36131325586655,2|73189&4&520.3553198305048|73191&4&-3.019806626980426E-14|73203&4&0.0|73204&4&310.292217938244|73206&4&6.240004462754916|73211&4&295.84230152099053|73212&4&199.07240146320652|73213&4&1066.842776778984|73225&4&714.9240062815231|73231&4&1436.7473788242291|73239&4&1324.6937922173456|73250&4&27.21490651573309|73252&4&164.77298622688141|73261&4&1304.0451227592703|73269&4&159.13747073847657|73282&4&239.53572862822688|73285&4&131.19502602840805|73286&4&219.4913514000674|73288&4&830.9233563921216,2|73190&4&337.86518308141984|73191&4&461.58963001980726|73192&4&853.0628658897153|73198&4&266.86416021860197|73214&4&222.1158944363489|73215&4&738.1139539872196|73218&4&211.8417321146969|73219&4&517.4082244710416|73227&4&169.57576123859167|73228&4&724.1996877736184|73238&4&916.3775389573416|73243&4&1321.2939847019904|73250&4&526.403083468826|73253&4&911.7921415679258|73263&4&2065.3954661913667|73265&4&210.1529720301088|73269&4&496.5786612834539|73274&4&537.7831425587766|73277&4&213.26730335822617|73279&4&610.0265262322597|73282&4&1811.4305488750488|73300&4&75.67922153047344|73301&4&136.36508032613096|73303&4&24.99193694034233,2|73190&4&9.834063781029137|73194&4&255.77958433483565|73197&4&230.2645282853567|73199&4&81.74389634062909|73205&4&194.69572385790212|73207&4&1267.8130446564737|73211&4&1692.1242877937925|73212&4&652.3687778107869|73215&4&10.0790159124716|73218&4&1111.9817184328606|73223&4&913.1112727522058|73229&4&565.8048058645029|73232&4&436.53272650425856|73244&4&1383.2119243887578|73246&4&961.7385008990426|73248&4&1173.8645763389181|73254&4&1365.9730879637182|73256&4&624.3122535205688|73262&4&917.4152423870428|73264&4&565.000687410793|73275&4&990.6905970798937|73285&4&623.6356685037458|73295&4&240.93335896999707,2|73199&4&373.5004799972363|73200&4&1024.3876863339376|73209&4&2639.938418937736|73226&4&14.518891868784184|73237&4&1395.1218593167034|73255&4&2063.9443175137094|73258&4&1088.822619104084|73266&4&1688.820444779695|73278&4&2080.925466763692|73294&4&185.36809970111432,2|73192&4&253.20427869168256|73195&4&896.5948221621776|73197&4&322.657681025233|73204&4&728.6459421246383|73217&4&1969.200669000082|73218&4&342.80514432648687|73226&4&275.79870370385987|73235&4&783.7314906941464|73249&4&948.528637477942|73270&4&2038.099749938534|73271&4&49.61891288122381|73272&4&470.0774081099201|73274&4&27.915045630665947|73276&4&1619.5350204727713|73284&4&67.60941564722471|73287&4&448.65002062546284|73299&4&110.91519915545246,2|73191&4&63.80388349816718|73193&4&1388.5605879112622|73194&4&171.66889443454448|73197&4&193.60389704508046|73198&4&101.32608601088191|73199&4&76.92735465121109|73201&4&363.85740842676995|73215&4&383.21286784172503|73220&4&702.6926762628166|73223&4&205.04012877361544|73228&4&331.38438258864085|73229&4&75.30187234173782|73232&4&712.9918920675782|73241&4&320.7859913774182|73244&4&611.9350806598592|73256&4&608.8036954448391|73262&4&354.78422769763546|73267&4&285.2765661443309|73269&4&7.7995044770832855|73283&4&1109.7608741766358|73290&4&36.7826911240148|73295&4&33.678589009529276|73299&4&165.18982557507385|73300&4&111.43399384874456
193|4,130,1,1,1,1,1,1,1,1,1,1,1,1,1,1,1,1,1,1,1,1,1,1,1,1,1,1,1,1,1,1,1,1,1,1,1,1,1,1,1,1,1,1,1,1,1,1,1,1,1,1,1,1,1,1,1,1,1,1,1,1,1,1,1,1,1,1,1,1,1,1,1,1,1,1,1,1,1,1,1,1,1,1,1,1,1,1,1,1,1,1,1,1,1,1,1,1,1,1,1,1,0,0,0,0,0,0,0,0,0,0,0,0,0,0,0,0,0,0,0,0,2|73199&4&107.45728550184245|73206&4&1454.6923312091435|73226&4&72.84042323274159|73233&4&1070.9727501070192|73234&4&127.76951571014908|73242&4&1480.9240612661697|73245&4&2159.7509938604735|73248&4&521.3371222512108|73251&4&558.0138184149577|73252&4&1415.1160455950858|73254&4&344.1589626998297|73263&4&335.3332324659845|73267&4&271.9397562010234|73275&4&443.20444061722475|73284&4&21.660965867034864|73286&4&1655.1341569750593|73302&4&53.27207687696075,2|73195&4&585.5882418021218|73196&4&1406.1239242795205|73208&4&514.2275756462452|73214&4&733.5884450714425|73233&4&95.54776404473813|73234&4&31.025197820954013|73238&4&311.4805494478734|73240&4&1925.9107354881603|73249&4&646.1153269573767|73256&4&24.43449143520097|73265&4&174.08095379081809|73273&4&1002.4343519211858|73275&4&116.4830999707771|73280&4&1286.4996922349935|73288&4&1408.8923500068258|73299&4&114.35043137592808|73300&4&307.8546820957001,2|73195&4&149.64473333074983|73221&4&2579.9777410553643|73222&4&122.2237459791452|73224&4&172.79163380305343|73228&4&498.86462275251455|73242&4&87.99385565603133|73245&4&16.21140167243413|73247&4&320.99481886159293|73257&4&1953.6519637414754|73260&4&992.2850497014867|73262&4&674.5215080701633|73268&4&1245.6914655907542|73286&4&138.71724400099419|73296&4&21.781679183726357|73302&4&3.5572405010509094|73307&4&244.81174029413742,2|73189&4&715.3075714390732|73190&4&728.3020186722049|73201&4&1679.1043164297705|73202&4&1011.1392488456822|73208&4&1628.6037818255973|73210&4&619.1129857893594|73216&4&989.8979375387618|73219&4&63.12863113533319|73222&4&1496.4605033583612|73224&4&895.5850492331763|73230&4&1028.962795828748|73236&4&1615.9310917830874|73245&4&7.460698725481052E-14|73253&4&703.0693281891716|73277&4&579.7322066338403,2|73189&4&448.8120388754957|73204&4&227.52775941521085|73206&4&4.680003347066155|73211&4&233.99574495860412|73212&4&166.9065255015671|73213&4&1112.9337634636254|73225&4&788.5245663804037|73229&4&123.72680926859266|73231&4&1576.0472814345258|73239&4&1205.8915570796971|73250&4&12.90583856136921|73252&4&118.99865617745012|73261&4&1315.6758548046057|73268&4&349.29141183262675|73269&4&244.39308260155772|73282&4&182.81299159233419|73285&4&95.74119114895547|73286&4&207.29738743339698|73288&4&735.8642884275744,2|73190&4&287.086986512576|73191&4&667.0830127931163|73192&4&855.8961887758011|73198&4&245.02036483124908|73214&4&194.06255323455693|73215&4&1048.0588626739366|73218&4&168.28928934546843|73219&4&440.1046580702322|73227&4&161.69527880154627|73228&4&675.7714991586734|73238&4&1021.7705838299531|73243&4&1207.2740211531018|73250&4&590.2331222074805|73253&4&852.8570754094094|73263&4&2250.8332226893226|73265&4&192.8828360196762|73269&4&453.5701579967845|73274&4&486.2950539636131|73277&4&173.82533281221194|73279&4&579.0455826780196|73282&4&1947.6284490353082|73300&4&66.79265629021529|73301&4&118.67185983345153|73303&4&22.297465177944325,2|73190&4&9.219434794714816|73194&4&230.70319700343467|73197&4&201.87341442762448|73199&4&75.45590431442686|73205&4&379.3163531821865|73207&4&1578.4578021860416|73211&4&1746.48899992208|73212&4&608.6979833242422|73215&4&5.6843418860808015E-14|73218&4&1283.5469167789097|73223&4&994.8660792098829|73229&4&507.7677820321521|73232&4&377.4334369445688|73244&4&1302.5551328996987|73246&4&979.0581939790627|73248&4&1296.367342337838|73254&4&1287.5047088514045|73256&4&562.4053171472692|73262&4&859.9828860812299|73264&4&499.60405434129626|73275&4&963.3458205242189|73285&4&811.5452323473007|73295&4&220.82871883432017,2|73199&4&448.6346533060327|73200&4&935.1576738595122|73209&4&2835.999696428776|73226&4&4.188663915652531|73237&4&1262.134227716449|73255&4&2033.3350741845693|73258&4&993.7111228557858|73266&4&1857.777325962461|73278&4&2222.3380106405943|73294&4&167.22940833541014,2|73192&4&214.40687575316753|73195&4&825.2306672254983|73197&4&300.92914603641117|73204&4&999.4423197076501|73217&4&1952.7330303906024|73218&4&310.55690677906614|73226&4&297.92180475793526|73235&4&707.9196275892947|73249&4&844.0505773492425|73270&4&2254.8706895709906|73271&4&47.00739115063308|73272&4&432.91619333460005|73274&4&104.83811119742806|73276&4&1773.1339020798723|73284&4&60.46019936632675|73287&4&465.4461775432584|73299&4&102.73532700065292,2|73191&4&31.977021497882383|73193&4&1287.4391127985243|73194&4&141.3742863061524|73197&4&183.18309660075445|73198&4&86.33505608992607|73199&4&53.9489931577849|73201&4&286.43721313646006|73215&4&305.8468225981262|73220&4&643.3810835380384|73223&4&167.36669049920405|73228&4&325.1667179794744|73229&4&71.33861590269899|73232&4&671.2416834191796|73235&4&109.75225240744135|73241&4&472.2026833846866|73243&4&190.5681960178963|73244&4&520.130589825358|73256&4&577.4480485000619|73262&4&360.2632945296393|73267&4&255.1280750730892|73269&4&5.5067062021407764E-14|73283&4&1003.6264725361468|73290&4&28.141819733106665|73295&4&18.716113589000724|73299&4&223.2743476981881|73300&4&85.07034511226135
194|4,130,1,1,1,1,1,1,1,1,1,1,1,1,1,1,1,1,1,1,1,1,1,1,1,1,1,1,1,1,1,1,1,1,1,1,1,1,1,1,1,1,1,1,1,1,1,1,1,1,1,1,1,1,1,1,1,1,1,1,1,1,1,1,1,1,1,1,1,1,1,1,1,1,1,1,1,1,1,1,1,1,1,1,1,1,1,1,1,1,1,1,1,1,1,1,1,1,1,1,1,1,0,0,0,0,0,0,0,0,0,0,0,0,0,0,0,0,0,0,0,0,2|73199&4&89.1331702560268|73206&4&1339.0553358184084|73226&4&58.11219034073868|73233&4&1278.524806772361|73234&4&117.55225131644696|73242&4&1424.0363678097185|73245&4&2093.9746190108035|73248&4&428.0997372337816|73251&4&629.869508574711|73252&4&1550.7090692275078|73254&4&289.7362422559338|73263&4&274.4989814363788|73267&4&237.82543133131784|73275&4&394.886365657023|73284&4&17.328772693627897|73286&4&1507.2065779685915|73302&4&40.9218465705762,2|73195&4&562.5348004470698|73196&4&1534.5367559648198|73197&4&85.55215280380304|73208&4&404.37216969737324|73214&4&692.2179616931917|73233&4&52.584255387822864|73234&4&29.301575719789902|73238&4&241.0809234091929|73240&4&2223.904148486394|73249&4&606.7468479782975|73256&4&13.421389948207368|73265&4&136.82232841886076|73273&4&929.010238191257|73275&4&72.51808606921587|73280&4&1144.9560974628807|73288&4&1452.2399022419827|73299&4&96.48428617372554|73300&4&380.4437057651975,2|73195&4&119.99473171058273|73221&4&2630.4031760152666|73222&4&77.99039227665253|73224&4&123.87590561373415|73228&4&424.13015218510077|73242&4&47.50676490554892|73245&4&2.2376074636155474|73247&4&367.1310469861795|73257&4&1878.802400616707|73260&4&1052.1571621746543|73262&4&589.4469330073078|73268&4&1109.1773169107214|73286&4&89.63385242216529|73296&4&15.613378515214833|73302&4&-3.907985046680551E-14|73307&4&214.9033417558382,2|73189&4&676.041582410636|73190&4&845.3008604138508|73201&4&1720.6931530456209|73202&4&1049.5009230194169|73208&4&1672.545399166545|73210&4&537.2305211803794|73216&4&1137.5358854697456|73219&4&57.38966466848471|73222&4&1545.3887566302606|73224&4&835.0603957340892|73230&4&1046.516674145571|73236&4&1761.5471859255676|73253&4&587.7329526768874|73277&4&656.7175671161624,2|73189&4&387.5864418506752|73204&4&150.78097826845075|73206&4&3.12000223137744|73211&4&178.53400272723314|73212&4&143.7315181888274|73213&4&1067.5101665844745|73225&4&715.3994686574456|73229&4&267.52283719938555|73231&4&1730.6480401278704|73239&4&1267.6461492221215|73250&4&-6.039613253960852E-14|73252&4&83.33176854381581|73261&4&1374.8254701930637|73268&4&351.0536934704846|73269&4&239.52494100969966|73282&4&138.57981316973314|73285&4&74.81444455505441|73286&4&195.10342346672655|73288&4&645.8715995764007,2|73189&4&299.1513869312291|73190&4&238.69000243401405|73191&4&814.5751562081869|73192&4&803.6015589044612|73198&4&223.17656944389614|73214&4&167.29110142990834|73215&4&1386.3953485200022|73218&4&136.05522745802338|73219&4&364.11252380293695|73227&4&153.18657545837246|73228&4&627.3433105437282|73238&4&1353.0930084759793|73243&4&1103.1225431945072|73250&4&680.2532607884959|73253&4&793.922009250893|73263&4&2127.292423774212|73265&4&175.61270000924355|73269&4&410.5616547101151|73274&4&434.94813453512955|73277&4&144.58456199667864|73279&4&499.9563465132436|73282&4&1802.533051601023|73300&4&57.90609104995714|73301&4&149.626590791333|73303&4&19.602993415546315,2|73190&4&8.604805808400496|73194&4&205.6268096720337|73197&4&173.4823005698922|73199&4&69.16791228822463|73205&4&349.3156105022489|73207&4&1827.7247323287731|73211&4&1884.9725095973904|73212&4&565.0271888376974|73218&4&1308.4782921067745|73223&4&952.2084751734105|73229&4&449.73075819980136|73232&4&318.33414738487903|73244&4&1221.8983414106397|73246&4&899.7774822493532|73248&4&1557.4202483855183|73254&4&1408.3993517965655|73256&4&500.4983807739696|73262&4&802.5505297754172|73264&4&434.2074212717995|73275&4&1138.3174768889521|73285&4&919.5909633614948|73295&4&200.7240786986433,2|73199&4&422.58112052165075|73200&4&845.9276613850867|73209&4&3103.24192961816|73210&4&112.62064514722843|73226&4&-3.019806626980426E-14|73237&4&1187.1732884534244|73255&4&2068.404655164117|73258&4&898.5996266074876|73266&4&2109.074779709196|73278&4&2508.489517783856|73294&4&149.09071696970597,2|73192&4&183.50664499719176|73195&4&753.8665122888192|73197&4&279.2006110475893|73204&4&1195.4849145126793|73217&4&2214.077329424576|73218&4&278.30866923164535|73226&4&448.29214653512236|73235&4&634.2704035929738|73249&4&739.5725172205427|73270&4&2330.77883073922|73271&4&54.63037088279624|73272&4&395.75497855928006|73274&4&99.51594576960801|73276&4&1978.4285213602193|73284&4&53.31098308542878|73287&4&430.22526385644164|73299&4&94.55545484585338,2|73191&4&9.760673001013217|73193&4&1186.8984341358052|73194&4&111.07967817776036|73197&4&172.76229615642845|73198&4&71.34402616897023|73199&4&283.76384695827653|73201&4&224.74449198295702|73215&4&228.4807773545274|73220&4&584.06949081326|73223&4&136.11059267265827|73228&4&307.53551963101717|73229&4&67.37535946366016|73232&4&823.5996950052834|73235&4&104.26463978706929|73241&4&601.5513429567185|73243&4&254.28947506745394|73244&4&432.50620575789264|73256&4&546.0924015552846|73262&4&340.5686818293851|73267&4&224.9795840018475|73283&4&899.8521166981697|73290&4&21.68697300770445|73295&4&3.75363816847217|73299&4&278.89617171631085|73300&4&58.70669637577815
195|4,130,1,1,1,1,1,1,1,1,1,1,1,1,1,1,1,1,1,1,1,1,1,1,1,1,1,1,1,1,1,1,1,1,1,1,1,1,1,1,1,1,1,1,1,1,1,1,1,1,1,1,1,1,1,1,1,1,1,1,1,1,1,1,1,1,1,1,1,1,1,1,1,1,1,1,1,1,1,1,1,1,1,1,1,1,1,1,1,1,1,1,1,1,1,1,1,1,1,1,1,1,0,0,0,0,0,0,0,0,0,0,0,0,0,0,0,0,0,0,0,0,2|73199&4&70.80905501021115|73206&4&1223.4183404276732|73226&4&43.38395744873577|73233&4&1418.1514904479357|73234&4&107.33498692274482|73242&4&1764.434855417553|73245&4&2113.2477547070766|73248&4&342.44015908999165|73251&4&651.5966031251446|73252&4&1796.7280489349753|73254&4&240.2925518468369|73263&4&216.01177049641598|73267&4&203.71110646161227|73275&4&346.5682906968213|73284&4&0.0|73286&4&1359.2789989621238|73302&4&28.57161626419165,2|73195&4&605.8952873241882|73196&4&1487.054936268312|73197&4&153.6072617650869|73208&4&320.9484562483591|73209&4&484.36963036984525|73214&4&650.8474783149409|73233&4&21.53240366173842|73234&4&27.57795361862579|73238&4&183.82536486416552|73240&4&2290.1107923550485|73249&4&816.5585785904365|73256&4&6.32659326112712|73265&4&99.56370304690346|73273&4&855.5861244613282|73275&4&49.63348645235853|73280&4&1073.5268498829605|73288&4&1461.998980045214|73299&4&78.61814097152293|73300&4&454.51219901299953,2|73193&4&39.59781584910945|73195&4&92.64908249242119|73221&4&2763.346974097638|73222&4&40.41216033075126|73224&4&74.96017742441487|73228&4&349.3956816176869|73242&4&11.510789005891517|73245&4&-7.105427357601002E-15|73247&4&345.9932666430442|73257&4&2012.1371031017813|73260&4&989.236393070287|73262&4&504.37235794445235|73268&4&972.8001184735008|73286&4&42.47029920717999|73296&4&9.445077846703327|73307&4&273.7228861030974,2|73189&4&636.7755933821988|73190&4&1000.4200728141844|73201&4&1653.142880979247|73202&4&973.9479062221358|73208&4&1881.0434271462818|73210&4&465.0783217983934|73216&4&1034.9508552087518|73219&4&51.65069820163624|73222&4&1699.536537739238|73224&4&846.9265998384657|73230&4&1122.6395882562902|73236&4&1614.7282996382557|73253&4&473.1329185500798|73277&4&619.9562084098982,2|73189&4&334.80116820809945|73204&4&103.24362624758427|73206&4&1.560001115688725|73211&4&142.13049724104238|73212&4&120.55651087608774|73213&4&1062.4748048809106|73216&4&182.5700602431815|73225&4&732.5202199990529|73229&4&321.19888695374743|73231&4&1710.4595040822499|73239&4&1146.2554356975631|73252&4&51.92289974182639|73261&4&1269.558115928077|73268&4&543.1397103134584|73269&4&345.96235884696875|73282&4&100.92807431753263|73285&4&54.12266199186323|73286&4&772.451020124224|73288&4&557.8915758069058,2|73189&4&353.74094685143945|73190&4&192.3683355441359|73191&4&901.1822995869957|73192&4&937.891041210434|73198&4&201.33277405654323|73214&4&140.51964962525975|73215&4&1304.2510753470783|73218&4&109.76900517993151|73219&4&288.8671037514655|73227&4&407.1603742412791|73228&4&578.9151219287832|73238&4&1265.5559930960776|73243&4&1000.1314515151732|73250&4&966.014181174677|73253&4&908.6509085734519|73263&4&2257.382777128668|73265&4&281.9669356295372|73269&4&367.5531514234457|73274&4&388.45311485497996|73277&4&127.47580573866566|73279&4&578.422154348802|73282&4&1647.0023701876578|73300&4&49.01952580969899|73301&4&129.50097272612555|73303&4&16.908521653148313,2|73190&4&7.990176822086175|73194&4&180.55042234063268|73197&4&153.62646478528913|73199&4&62.879920262022395|73205&4&319.3148678223113|73207&4&1842.1471052413376|73211&4&1832.2279771685562|73212&4&521.3563943511526|73218&4&1287.182585771398|73223&4&874.3125938343871|73229&4&392.60791554125666|73232&4&260.7663298945652|73244&4&1141.2415499215804|73246&4&879.4932645698264|73248&4&1574.1822640224636|73254&4&1383.144522837652|73256&4&438.59144440066996|73262&4&745.1181734696042|73264&4&446.2040380391372|73275&4&1548.8340721099441|73285&4&969.3494883211783|73295&4&225.73605622343433,2|73199&4&396.5275877372688|73200&4&756.6976489106614|73209&4&2816.058124453457|73210&4&530.2831944434082|73237&4&1202.600693525257|73255&4&2109.1758034414734|73258&4&1026.3144503012509|73266&4&2310.530899141193|73278&4&2747.7609818107608|73294&4&131.75274766702202,2|73192&4&152.606414241216|73195&4&682.5023573521399|73197&4&257.47207605876747|73204&4&1803.1284958380515|73217&4&2307.9006245730843|73218&4&246.06043168422457|73226&4&620.967958352317|73235&4&560.6211795966528|73249&4&635.0944570918433|73270&4&2117.743147353983|73271&4&51.50712407906782|73272&4&358.59376378395996|73274&4&94.19378034178794|73276&4&1817.2190363505724|73284&4&0.0|73287&4&395.7181177953154|73299&4&86.37558269105382,2|73191&4&1.4210854715202004E-14|73193&4&1086.357755473086|73194&4&80.7850700493683|73197&4&162.34149571210244|73198&4&56.352996248014385|73199&4&448.3021982316012|73201&4&167.14791255496655|73215&4&173.74239455286897|73220&4&524.7578980884817|73223&4&104.85449484611254|73228&4&592.0382484079346|73229&4&63.41210302462133|73232&4&976.9382085590628|73235&4&155.151460554602|73241&4&546.4872603043036|73243&4&265.569526794187|73244&4&346.0246606177318|73256&4&650.7037536217558|73262&4&320.8740691291309|73267&4&194.83109293060585|73276&4&152.4776265510793|73283&4&799.1104824561469|73290&4&16.7079685244099|73295&4&-1.1546319456101628E-14|73299&4&263.55454330978444|73300&4&39.624334974818
196|4,130,1,1,1,1,1,1,1,1,1,1,1,1,1,1,1,1,1,1,1,1,1,1,1,1,1,1,1,1,1,1,1,1,1,1,1,1,1,1,1,1,1,1,1,1,1,1,1,1,1,1,1,1,1,1,1,1,1,1,1,1,1,1,1,1,1,1,1,1,1,1,1,1,1,1,1,1,1,1,1,1,1,1,1,1,1,1,1,1,1,1,1,1,1,1,1,1,1,1,1,1,0,0,0,0,0,0,0,0,0,0,0,0,0,0,0,0,0,0,0,0,2|73199&4&52.4849397643955|73206&4&1107.7813450369379|73226&4&33.42919245769697|73233&4&1387.267822691071|73234&4&0.0|73242&4&2100.5085391905536|73245&4&2139.1568252112074|73248&4&263.1115029963703|73251&4&607.9490108563369|73252&4&1823.8049712022328|73254&4&190.84886143774006|73263&4&170.01617707280215|73267&4&169.59678159190673|73275&4&298.25021573661957|73286&4&1211.351419955656|73302&4&16.2213859578071,2|73195&4&746.6176865455346|73196&4&1482.5901505601842|73197&4&158.65575544885573|73208&4&256.0062645891679|73209&4&864.943692310916|73214&4&609.4769949366902|73215&4&50.79243084784537|73233&4&5.282212544747127|73234&4&0.0|73238&4&132.96444249055762|73240&4&2293.6009064075183|73249&4&1010.823268972009|73256&4&0.0|73265&4&62.30507767494615|73273&4&782.1620107313994|73275&4&35.73765648949885|73280&4&1268.607332013608|73288&4&1396.9570303755554|73299&4&60.905427875219516|73300&4&516.4010680115089,2|73193&4&105.70510872924439|73195&4&65.30343327425965|73219&4&403.76934338850174|73221&4&2909.1416094476185|73222&4&14.113193367086492|73224&4&32.26833598973667|73228&4&282.2876304750033|73242&4&9.947598300641403E-14|73244&4&227.2055524054431|73247&4&372.14311731719465|73257&4&2044.0712523908994|73260&4&970.0403892286596|73262&4&419.29778288159685|73268&4&845.0793157232479|73286&4&12.656778319577008|73296&4&3.2767771781918213|73307&4&243.31131430781465,2|73189&4&597.5096043537617|73190&4&940.9327307820361|73201&4&1753.491338968281|73202&4&947.0489109055434|73208&4&2194.994536789577|73210&4&406.5213088995471|73216&4&941.6044670972705|73219&4&45.911731734787764|73222&4&1987.7984099710256|73224&4&928.1909770920429|73230&4&1176.9776258153838|73236&4&1601.7888996294362|73253&4&371.7589726564011|73277&4&611.41146738831,2|73189&4&282.0158945655238|73203&4&86.5919419867339|73204&4&74.69932019027151|73206&4&1.021405182655144E-14|73211&4&111.37076117730356|73212&4&97.38150356334808|73213&4&1173.8726675523008|73216&4&313.8471368565846|73225&4&800.1865015713354|73229&4&304.14535263873154|73231&4&1587.5608147945643|73239&4&1037.6552024570549|73252&4&28.999510651166403|73261&4&1487.3362022532758|73268&4&514.1882006080486|73269&4&326.98527405654403|73282&4&67.92500641810369|73285&4&41.72453894748408|73286&4&1231.6565310309002|73288&4&472.3137598213051,2|73189&4&469.8789755815118|73190&4&154.76732196067536|73191&4&835.9512013693464|73192&4&928.6716711712994|73198&4&179.48897866919032|73214&4&113.74819782061118|73215&4&1222.1068021741548|73218&4&83.48278290183961|73219&4&213.62168369999407|73227&4&404.1335948089861|73228&4&530.486933313838|73238&4&1211.0052669016409|73243&4&897.1403598358388|73250&4&908.0354787762997|73253&4&1234.1414921051141|73263&4&2143.524048164666|73265&4&452.8588790909566|73269&4&327.11147141041715|73274&4&341.9580951748304|73277&4&110.36704948065262|73279&4&632.1108219179605|73282&4&1491.471688774292|73300&4&40.13296056944084|73301&4&109.37535466091808|73303&4&14.214049890750303,2|73190&4&7.3755478357718545|73194&4&155.4740350092317|73197&4&133.77062900068614|73199&4&56.59192823582016|73205&4&289.3141251423737|73207&4&1723.7520058883713|73211&4&1756.237641323924|73212&4&477.685599864608|73218&4&1201.8720854562725|73223&4&796.4167124953635|73229&4&347.5694365597918|73232&4&209.56656744144055|73244&4&1060.584758432521|73246&4&804.6600167202276|73248&4&1613.8152466536542|73254&4&1474.0141721784335|73256&4&376.6845080273703|73262&4&687.6858171637914|73264&4&382.895238178054|73275&4&1639.6375612950847|73285&4&907.4511237454592|73295&4&203.37558520473402,2|73199&4&370.4740549528868|73200&4&667.467636436236|73209&4&2543.7032895678203|73210&4&688.7490498583777|73237&4&1476.306288968668|73255&4&1937.6278469719064|73258&4&1302.541626100845|73266&4&2171.3496493183156|73278&4&2777.944983276686|73294&4&127.56356640514849,2|73192&4&127.24846015950058|73195&4&611.1382024154608|73197&4&235.7435410699456|73204&4&1911.9753651674146|73217&4&2227.874145600171|73218&4&213.81219413680378|73226&4&583.2754900864701|73235&4&486.9719556003319|73249&4&530.6163969631435|73270&4&1907.0044352434397|73271&4&48.38387727533941|73272&4&0.0|73274&4&195.68218327469162|73276&4&1665.4260551706725|73287&4&424.83322716187433|73299&4&78.19571053625428,2|73193&4&985.8170768103669|73194&4&50.490461920976244|73197&4&151.92069526777644|73198&4&41.361966327058546|73199&4&664.3038589301474|73201&4&110.37350140759551|73215&4&123.15309495840685|73220&4&465.44630536370346|73223&4&73.59839701956683|73228&4&858.1806292601225|73229&4&59.4488465855825|73232&4&915.242882238244|73235&4&346.8418355294017|73241&4&491.42317765188886|73243&4&509.27720234994894|73244&4&264.9425862321564|73256&4&841.5609442413986|73262&4&348.59242142543906|73267&4&164.68260185936415|73276&4&144.85374522352535|73283&4&939.5137231696373|73290&4&13.285501067967388|73299&4&299.68039718573544|73300&4&24.119221321499047
197|4,130,1,1,1,1,1,1,1,1,1,1,1,1,1,1,1,1,1,1,1,1,1,1,1,1,1,1,1,1,1,1,1,1,1,1,1,1,1,1,1,1,1,1,1,1,1,1,1,1,1,1,1,1,1,1,1,1,1,1,1,1,1,1,1,1,1,1,1,1,1,1,1,1,1,1,1,1,1,1,1,1,1,1,1,1,1,1,1,1,1,1,1,1,1,1,1,1,1,1,1,1,0,0,0,0,0,0,0,0,0,0,0,0,0,0,0,0,0,0,0,0,2|73199&4&34.160824518579844|73206&4&1115.7379479506285|73226&4&23.47442746665817|73233&4&1338.1754337361049|73242&4&1946.478871222535|73245&4&2031.8848548771998|73248&4&196.02261056057608|73251&4&565.0171281887687|73252&4&1947.375429733888|73254&4&147.97745183113025|73263&4&126.03449873235746|73267&4&135.48245672220122|73275&4&249.93214077641784|73286&4&1063.4238409491882|73302&4&3.8711556514225474,2|73195&4&881.3006653450911|73196&4&1692.154379230784|73197&4&150.11437512089023|73208&4&205.05007584478113|73209&4&1014.4439192715992|73214&4&568.1065115584395|73215&4&550.3915640559031|73233&4&2.8421709430404007E-14|73234&4&15.055189067781392|73238&4&83.84157237738764|73240&4&2119.8405002126437|73241&4&377.79767257967745|73249&4&1185.218849681778|73265&4&39.89560685190631|73273&4&708.7378970014707|73275&4&21.841826526639174|73280&4&1219.1092527211263|73288&4&1587.8247166338108|73299&4&45.037036631293674|73300&4&480.58162602361887,2|73193&4&100.3208587531594|73195&4&37.95778405609812|73219&4&700.7139903797317|73221&4&3185.728795144537|73222&4&4.042271015692058|73224&4&11.091653189882248|73228&4&215.1795793323198|73244&4&252.08814854969188|73247&4&347.04759442019196|73257&4&2123.095529330244|73260&4&1053.1235323709097|73262&4&334.22320781874134|73268&4&722.5873088212863|73286&4&8.171241461241152E-14|73296&4&0.0|73307&4&229.2665088695415,2|73189&4&558.2436153253244|73190&4&981.6260274996035|73201&4&1904.956393150573|73202&4&875.6730039273527|73208&4&2049.5104778078476|73210&4&348.3936413797572|73216&4&854.7341497016919|73219&4&40.17276526793929|73222&4&1984.698197175939|73224&4&1322.4653521275318|73230&4&1081.9774184690145|73236&4&1448.2995871311846|73253&4&288.30898419086543|73277&4&573.239277797812,2|73189&4&238.59297767957457|73203&4&149.16470374194063|73204&4&53.22596950316601|73211&4&80.61102511356478|73212&4&74.20649625060841|73213&4&1154.8305793052782|73216&4&297.6983548631474|73225&4&754.0807765991033|73229&4&287.09181832371564|73231&4&1469.0628677846967|73239&4&1257.8034632330962|73252&4&8.996260911919855|73261&4&1577.03820291726|73268&4&594.998161194644|73269&4&468.97400354339|73282&4&37.02790938360551|73285&4&29.326415903104866|73286&4&1508.8950337819324|73288&4&398.6953913018905,2|73189&4&613.0026242586507|73190&4&117.16630837721479|73191&4&770.7201031516972|73192&4&864.4276124190404|73198&4&322.1655806758523|73214&4&86.9767460159626|73215&4&1139.962529001231|73218&4&57.19656062374769|73219&4&149.96877202132254|73227&4&381.57046390864906|73228&4&482.05874469889284|73229&4&108.54640920587588|73238&4&1368.7488822979542|73243&4&801.8230943152782|73250&4&840.0631111249027|73253&4&1146.8677852743324|73263&4&1978.6275705599246|73265&4&419.6903595963182|73269&4&286.6697913973887|73274&4&296.30547637842966|73277&4&93.2582932226396|73279&4&775.118925669168|73282&4&1578.840714749859|73300&4&31.24639532918269|73301&4&92.43386771425025|73303&4&11.519578128352297,2|73190&4&6.760918849457534|73194&4&590.0630160578597|73197&4&113.91479321608318|73199&4&50.30393620961793|73205&4&265.36391188006326|73207&4&1724.9885892082325|73211&4&1614.2035561043065|73212&4&574.3939418977668|73218&4&1268.691477913909|73223&4&718.5208311563399|73229&4&302.53095757832705|73232&4&158.36680498831586|73244&4&979.927966943462|73246&4&729.8267688706287|73248&4&1945.93102103528|73254&4&1531.4105151645585|73256&4&314.7775716540707|73262&4&630.2534608579784|73264&4&319.5864383169709|73275&4&1533.107237040393|73285&4&839.2349511778557|73295&4&181.01511418603377,2|73199&4&344.4205221685049|73200&4&578.2376239618105|73209&4&2287.410808992878|73210&4&652.6902601858388|73237&4&1518.4668102233973|73255&4&1772.6621529145045|73258&4&1401.7751516455683|73266&4&2021.6787674053153|73278&4&2884.7752020401995|73294&4&110.81285126878457,2|73192&4&106.2423087821712|73195&4&539.7740474787815|73197&4&214.01500608112377|73204&4&1780.8423244573962|73217&4&2273.0643463137626|73218&4&181.563956589383|73226&4&545.5830218206231|73231&4&93.23751448681696|73235&4&422.56593875356543|73249&4&437.0945475459587|73270&4&2024.1805260172782|73271&4&45.260630471610995|73272&4&33.13415869300281|73274&4&210.1910389906159|73276&4&1515.5090293656726|73287&4&509.2962243727134|73299&4&70.01583838145474,2|73193&4&885.2763981476478|73194&4&20.195853792584185|73197&4&141.4998948234504|73198&4&26.3709364061027|73199&4&691.5173955746949|73201&4&67.8355656690574|73208&4&241.34932891850906|73215&4&72.5637953639447|73220&4&406.1347126389252|73223&4&42.342299193021105|73228&4&1192.3533901718556|73229&4&55.48559014654367|73232&4&866.8602098512947|73235&4&694.8982167021338|73241&4&443.56963435171565|73243&4&819.1063238902559|73244&4&199.40998777375688|73256&4&1016.1036254795252|73262&4&671.0644258922508|73267&4&140.4474892151738|73276&4&206.47295230998105|73283&4&1211.4718146079067|73290&4&11.477099864838996|73299&4&354.8915169132158|73300&4&12.176519455616436
198|4,130,1,1,1,1,1,1,1,1,1,1,1,1,1,1,1,1,1,1,1,1,1,1,1,1,1,1,1,1,1,1,1,1,1,1,1,1,1,1,1,1,1,1,1,1,1,1,1,1,1,1,1,1,1,1,1,1,1,1,1,1,1,1,1,1,1,1,1,1,1,1,1,1,1,1,1,1,1,1,1,1,1,1,1,1,1,1,1,1,1,1,1,1,1,1,1,1,1,1,1,1,0,0,0,0,0,0,0,0,0,0,0,0,0,0,0,0,0,0,0,0,2|73199&4&15.836709272764198|73206&4&1356.8316261277384|73226&4&15.173304349721418|73233&4&1300.3594679929406|73242&4&1792.449203254516|73245&4&1965.247326373842|73248&4&140.52977540123385|73251&4&522.0852455212005|73252&4&1954.4339611478172|73254&4&105.1060422245204|73263&4&83.6587602110669|73267&4&101.36813185249565|73275&4&201.6140658162161|73286&4&915.4962619427201|73302&4&8.881784197001252E-16,2|73195&4&982.8439658230106|73196&4&1992.3215509475547|73197&4&141.57299479292473|73208&4&161.10531941297194|73209&4&1281.251890738769|73214&4&526.7360281801887|73215&4&992.6176832398392|73234&4&14.302429614392322|73238&4&42.64379834560866|73240&4&1946.781219191229|73241&4&358.9077889506936|73249&4&1392.1345082591283|73265&4&20.87674753459524|73273&4&635.3137832715419|73275&4&7.945996563779494|73280&4&1317.3597168802505|73288&4&1504.833579041513|73299&4&29.571668831183274|73300&4&539.4911652490847,2|73193&4&94.93660877707441|73195&4&22.116600633770194|73219&4&968.2025711560852|73221&4&3224.7569667784664|73222&4&3.019806626980426E-14|73224&4&-7.460698725481052E-14|73228&4&165.98051010378748|73244&4&717.9131714298362|73247&4&321.9520715231892|73257&4&2148.689167994107|73260&4&978.8684434035357|73262&4&249.1486327558859|73268&4&606.263835120969|73307&4&262.54121587254804,2|73189&4&518.9776262968874|73190&4&1018.6788282599496|73201&4&1843.5415769805284|73202&4&804.2970969491621|73208&4&1904.0264188261183|73210&4&299.3851089021491|73216&4&768.8115611420242|73219&4&34.433798801090816|73222&4&2037.6551774812674|73224&4&1227.7662770618103|73230&4&986.9772111226451|73236&4&1309.1014460666242|73253&4&229.4873673422913|73277&4&634.3113461854041,2|73189&4&202.99290359325155|73203&4&162.21846716507093|73204&4&31.752618816060483|73211&4&49.85128904982601|73212&4&51.03148893786874|73213&4&1091.9809505399398|73216&4&281.5495728697102|73225&4&682.1546065992302|73229&4&270.0382840086998|73231&4&1350.5649207748288|73239&4&1462.4679497069633|73252&4&-2.8421709430404007E-14|73261&4&1583.6285967870538|73268&4&994.2109086962978|73269&4&441.9486280391018|73282&4&12.714057853521698|73285&4&16.92829285872565|73286&4&1664.4737205101594|73288&4&326.79079254172086|73297&4&220.7806204524585,2|73189&4&579.4246896110502|73190&4&82.57373967105366|73191&4&705.4890049340481|73192&4&800.1835536667813|73198&4&496.56060790049685|73214&4&60.20529421131402|73215&4&1057.8182558283074|73218&4&30.910338345655795|73219&4&101.96770369787029|73227&4&359.007333008312|73228&4&433.63055608394774|73229&4&103.11908874558208|73238&4&1483.1261316362638|73243&4&719.043286296357|73250&4&824.2979205746094|73253&4&1059.5940784435506|73263&4&2186.764144119723|73265&4&690.4936102873307|73269&4&248.62245363793664|73274&4&251.45946019652064|73277&4&76.14953696462655|73279&4&962.5922906135586|73282&4&1912.3499274391718|73300&4&22.35983008892454|73301&4&78.33377741713332|73303&4&8.82510636595429,2|73190&4&6.146289863143213|73194&4&693.5574122178297|73197&4&94.0589574314802|73199&4&44.0159441834157|73205&4&260.29741168253713|73207&4&1576.7801667466244|73211&4&1472.1694708846894|73212&4&523.704190585237|73218&4&1342.5951644478312|73223&4&1027.452267582469|73229&4&257.5898571167539|73232&4&109.85691120942727|73244&4&899.2711754544031|73246&4&654.99352102103|73248&4&1807.8945411143216|73254&4&1575.2618531092671|73256&4&270.48543129218933|73262&4&572.8211045521656|73264&4&0.0|73275&4&1669.525071577818|73285&4&771.0187786102522|73295&4&158.65464316733352,2|73189&4&58.43685697450371|73199&4&318.3669893841229|73200&4&534.7613496657459|73209&4&2051.980308332156|73210&4&616.6314705133|73237&4&1492.176166073856|73255&4&1607.6964588571032|73258&4&1293.1389344918598|73266&4&2062.6503760618475|73278&4&2712.663071644055|73294&4&145.5743870770158,2|73192&4&85.2361574048418|73195&4&468.4098925421023|73197&4&192.28647109230187|73204&4&1717.8500479901154|73217&4&2181.19946667247|73218&4&149.31571904196224|73226&4&507.8905535547761|73231&4&109.79511129232021|73235&4&369.23048819359633|73249&4&361.7837220267882|73270&4&1818.6488434007163|73271&4&42.137383667882574|73272&4&31.47745075835267|73274&4&225.48040645208758|73276&4&1378.5428265307582|73287&4&470.891406994775|73299&4&61.835966226655195,2|73193&4&784.7357194849287|73194&4&6.394884621840902E-14|73197&4&131.0790943791244|73198&4&11.379906485146861|73199&4&865.916907276903|73201&4&40.26986755473866|73202&4&63.913345462486575|73208&4&229.2818624725836|73215&4&36.21298267470863|73220&4&471.2809598393717|73223&4&14.225424636722318|73228&4&1297.4628157894826|73229&4&249.5323072087951|73232&4&1043.5231750212097|73235&4&751.652081409116|73240&4&272.71128447769377|73241&4&396.67174201936905|73243&4&790.697673968939|73244&4&133.87738931535745|73248&4&72.1426936521965|73256&4&1207.2041422567308|73262&4&816.998026385171|73267&4&515.8507717525583|73276&4&404.47463222481406|73283&4&1222.8842463892013|73290&4&9.668698661710605|73299&4&411.51441199932344|73300&4&4.094967845783736
199|4,130,1,1,1,1,1,1,1,1,1,1,1,1,1,1,1,1,1,1,1,1,1,1,1,1,1,1,1,1,1,1,1,1,1,1,1,1,1,1,1,1,1,1,1,1,1,1,1,1,1,1,1,1,1,1,1,1,1,1,1,1,1,1,1,1,1,1,1,1,1,1,1,1,1,1,1,1,1,1,1,1,1,1,1,1,1,1,1,1,1,1,1,1,1,1,1,1,1,1,1,1,0,0,0,0,0,0,0,0,0,0,0,0,0,0,0,0,0,0,0,0,2|73199&4&6.787376773274783|73206&4&1243.058437141462|73226&4&7.142088540567956|73233&4&1194.4368279308603|73242&4&1705.7849868689136|73245&4&2270.271343720844|73248&4&109.04803809180743|73251&4&479.1533628536321|73252&4&1933.2525703875963|73254&4&68.42641087359894|73263&4&50.753356997338024|73267&4&67.25380698279011|73275&4&153.29599085601438|73286&4&784.2051185254193,2|73195&4&1039.761488039632|73196&4&2123.957803235824|73197&4&133.03161446495926|73208&4&117.16056298116278|73209&4&1352.4379713167716|73214&4&485.36554480193786|73215&4&941.4774900367319|73234&4&13.549670161003252|73238&4&15.863617607966471|73240&4&1779.6986004625944|73241&4&340.01790532170975|73249&4&1598.1086520871813|73265&4&10.438373767297605|73273&4&784.1421960990749|73275&4&4.085620730620576E-14|73280&4&1233.9742843323497|73288&4&1488.5114115215924|73299&4&18.107749516424082|73300&4&498.93527420052703,2|73193&4&196.9817498639128|73195&4&9.663295482571332|73219&4&1119.8988936267042|73221&4&3223.1881265785023|73228&4&125.63919862273977|73244&4&680.790877911906|73247&4&296.85654862618645|73257&4&1944.4289526927687|73260&4&1040.894381110933|73262&4&167.94764948884003|73268&4&513.651817854236|73307&4&290.06633031333683,2|73189&4&479.7116372684501|73190&4&975.7960691945918|73201&4&2011.8604031406285|73202&4&735.4005790369147|73208&4&1758.542359844389|73210&4&250.37657642454104|73216&4&682.8889725823565|73219&4&28.694832334242342|73222&4&2005.712539779484|73224&4&1133.0672019960887|73230&4&901.7763907195011|73236&4&1515.1259953922136|73253&4&174.14070468120514|73277&4&591.1769436960016,2|73189&4&167.74094550787038|73203&4&153.50732819974735|73204&4&13.845693231884768|73211&4&19.56152175251717|73212&4&233.17469052226156|73213&4&1029.7374779537931|73216&4&265.400790876273|73225&4&612.9586974105437|73229&4&252.9847496936839|73231&4&1232.0669737649612|73239&4&1332.9673127719964|73241&4&122.12174335986955|73257&4&266.60063432346647|73261&4&1545.7730130723576|73268&4&1094.281266972298|73269&4&498.94361392528435|73282&4&-8.171241461241152E-14|73285&4&4.530169814346438|73286&4&1568.586620997794|73288&4&254.88619378155124|73297&4&258.62436993723304,2|73189&4&545.8467549634496|73190&4&52.19360220564797|73191&4&640.2579067163989|73192&4&735.9394949145225|73198&4&540.5954973429472|73214&4&39.66126918998168|73215&4&975.6739826553835|73218&4&6.559186338949143|73219&4&59.072572539386016|73227&4&0.0|73228&4&385.20236746900264|73229&4&97.69176828528828|73238&4&1607.6112410385422|73243&4&644.16190063919|73250&4&881.7856700309525|73253&4&1291.2243045068915|73259&4&262.2959350263135|73263&4&2474.5769940533464|73265&4&642.1265022834098|73269&4&212.10154225939954|73274&4&218.60017009538674|73277&4&62.37807106516856|73279&4&1175.5657926454132|73282&4&1815.7831030653322|73300&4&13.473264848666386|73301&4&65.2208836330094|73303&4&6.130634603556283,2|73190&4&5.531660876828893|73194&4&637.9200538719085|73197&4&74.20312164687721|73199&4&37.727952157213466|73205&4&228.73230408405354|73207&4&1519.1320693217094|73211&4&1330.1353856650724|73212&4&473.014439272707|73218&4&1448.315737950406|73223&4&1186.2102565383323|73229&4&223.79185977531267|73232&4&76.07457066338438|73244&4&818.6143839653438|73246&4&580.1602731714313|73248&4&1669.858061193363|73254&4&1740.0408281566026|73256&4&234.41833432210007|73262&4&515.3887482463526|73275&4&1780.172156736241|73285&4&858.5848073930797|73295&4&136.2941721486332,2|73189&4&165.1237416302888|73199&4&292.31345659974096|73200&4&852.450214273932|73209&4&1832.7757376824284|73210&4&580.572680840761|73237&4&1899.0437583521339|73255&4&1442.7307647997022|73258&4&1188.8419134488468|73266&4&1931.1277674208968|73278&4&2560.884310259046|73294&4&129.64703820983163,2|73192&4&65.2015243504747|73195&4&397.04573760542314|73197&4&170.55793610348002|73204&4&1639.2919440965084|73217&4&2231.721480885854|73218&4&117.06748149454147|73226&4&535.9258612347745|73231&4&104.07226194148717|73235&4&315.89503763362706|73249&4&294.657968810983|73270&4&1649.6170150566509|73271&4&39.01413686415415|73272&4&230.3151601414853|73274&4&492.40989649777265|73276&4&1255.8198290496057|73287&4&432.48658961683674|73299&4&53.65609407185565,2|73193&4&684.1950408222095|73197&4&120.6582939347984|73198&4&8.881784197001252E-14|73199&4&817.2277846188972|73201&4&18.11411800441952|73202&4&175.3335743601295|73208&4&259.94570328537725|73211&4&192.89685820537852|73214&4&273.3385425321107|73215&4&12.018948951861555|73220&4&423.34649463748644|73223&4&1.7763568394002505E-14|73228&4&1476.9349986772486|73229&4&278.9690337516532|73232&4&1162.939921971197|73235&4&959.9874093446889|73240&4&359.2240727758277|73241&4&355.30543585546684|73243&4&745.7311740791564|73244&4&431.5711309411101|73248&4&226.726018937772|73256&4&1171.40929130065|73262&4&1294.59867408462|73267&4&603.5349527483377|73276&4&382.93421069340525|73283&4&1124.3778107673775|73290&4&7.860297458582213|73299&4&386.0333931803084|73300&4&7.105427357601002E-15
200|4,130,1,1,1,1,1,1,1,1,1,1,1,1,1,1,1,1,1,1,1,1,1,1,1,1,1,1,1,1,1,1,1,1,1,1,1,1,1,1,1,1,1,1,1,1,1,1,1,1,1,1,1,1,1,1,1,1,1,1,1,1,1,1,1,1,1,1,1,1,1,1,1,1,1,1,1,1,1,1,1,1,1,1,1,1,1,1,1,1,1,1,1,1,1,1,1,1,1,1,1,1,0,0,0,0,0,0,0,0,0,0,0,0,0,0,0,0,0,0,0,0,2|73189&4&215.04245620393533|73191&4&62.2186058677442|73199&4&3.375077994860476E-14|73206&4&1123.1925691888814|73226&4&1.747208597640983|73233&4&1088.5141878687796|73239&4&50.556406901837704|73242&4&1632.3340865377922|73245&4&2403.0449723606293|73248&4&80.03417983437633|73251&4&436.22148018606384|73252&4&1782.900838203721|73254&4&37.8531019799561|73263&4&23.740817548730504|73267&4&37.72014340891161|73275&4&104.97791589581267|73286&4&666.4233539615877,2|73195&4&1125.3243883277153|73196&4&2189.129428267356|73197&4&124.49023413699378|73208&4&73.21580654935363|73209&4&1703.30224212384|73214&4&443.99506142368716|73215&4&1054.287148070733|73234&4&12.796910707614183|73238&4&4.084465480853243|73240&4&1612.6159817339599|73241&4&321.1280216927259|73249&4&1664.9319297894065|73265&4&0.0|73273&4&708.1330783841535|73280&4&1558.4615264829226|73288&4&1670.6101768484168|73299&4&9.263743187623792|73300&4&458.37938315196925,2|73193&4&504.2912603420578|73195&4&-6.750155989720952E-14|73219&4&1260.153261218344|73221&4&3090.831439368637|73228&4&93.68052812887335|73244&4&643.6685843939757|73247&4&271.76102572918376|73257&4&1749.3578258200125|73260&4&940.739612151091|73262&4&114.02517592508127|73268&4&442.9693456725031|73307&4&331.3484538324824,2|73189&4&440.4456482400129|73190&4&1078.027425886672|73201&4&2113.7209695904685|73202&4&666.5040611246671|73208&4&1613.0583008626597|73210&4&201.36804394693297|73216&4&596.9663840226887|73219&4&22.955865867393868|73222&4&1834.6799547346272|73224&4&1038.368126930367|73230&4&996.6562702667122|73236&4&1873.9555140304801|73253&4&120.89287866179052|73277&4&575.4434335914118|73306&4&116.59378250044654,2|73189&4&136.65654518736184|73203&4&246.2423568061128|73204&4&0.0|73211&4&4.419477771301716|73212&4&408.5069919174437|73213&4&956.9885226917072|73216&4&249.2520088828358|73225&4&543.7627882218572|73229&4&235.93121537866799|73231&4&1113.5690267550935|73237&4&317.9230975764906|73239&4&1205.7125772916402|73241&4&189.31655168129618|73257&4&526.6512538521476|73261&4&1708.7973434007806|73268&4&1237.6861518770793|73269&4&517.6978808067256|73285&4&0.0|73286&4&1721.0468236568577|73288&4&184.00717573481614|73297&4&288.50512252119097,2|73189&4&512.2688203158491|73190&4&28.68874449083429|73191&4&575.0268084987498|73192&4&671.6954361622633|73198&4&726.3253183779021|73214&4&31.916509312570632|73215&4&893.5297094824597|73218&4&-2.3092638912203256E-14|73219&4&37.27541596787993|73228&4&336.7741788540575|73229&4&92.26444782499448|73238&4&1483.4422380993701|73243&4&569.2805149820232|73250&4&811.8587753005623|73253&4&1673.4136582008264|73259&4&249.1811382749978|73263&4&2339.902658410777|73265&4&740.5968092971996|73269&4&182.71968973618766|73274&4&185.74087999425282|73277&4&48.60660516571056|73279&4&1342.6892765975683|73282&4&1780.9264627479615|73300&4&4.586699608408233|73301&4&53.711561630757686|73303&4&3.4361628411582763,2|73190&4&4.917031890514572|73194&4&584.5379269770353|73197&4&54.34728586227422|73199&4&31.43996013101123|73205&4&205.15921344483323|73207&4&1583.2848394475309|73211&4&1188.101300445455|73212&4&422.32468796017713|73218&4&1336.7087787957225|73223&4&1131.5993307863002|73229&4&189.99386243387147|73232&4&45.370410349301345|73244&4&737.9575924762848|73246&4&505.3270253218326|73248&4&1531.8215812724047|73254&4&1905.2671020285252|73256&4&198.7655609194181|73262&4&457.95639194053973|73264&4&318.33478771995715|73275&4&1650.0281836743077|73285&4&970.2361652910096|73295&4&113.93370112993293,2|73189&4&156.7214624063381|73199&4&266.259923815359|73200&4&1104.1686188606664|73209&4&1621.3165903413906|73210&4&664.8061261089732|73237&4&1758.1931680351013|73255&4&1385.7886407993399|73258&4&1084.5448924058337|73266&4&1961.3490243298224|73278&4&2417.7372714143103|73294&4&122.17630224179119,2|73192&4&45.166891296107615|73195&4&325.68158266874394|73197&4&148.82940111465817|73204&4&1712.268927259734|73217&4&2079.747342355792|73218&4&84.8192439471207|73226&4&577.9782299285428|73227&4&21.796560499567306|73231&4&189.46022414705047|73235&4&274.3021619047777|73249&4&234.78665170766106|73270&4&1900.9963212989792|73271&4&48.47748371399703|73272&4&235.96633379818977|73274&4&513.5341067614139|73276&4&1139.0433311919078|73287&4&394.08177223889845|73299&4&45.47622191705611,2|73193&4&586.5238217018039|73194&4&271.7782745506892|73197&4&110.23749349047239|73199&4&785.7744746054243|73201&4&5.102916796623641|73202&4&212.57901373820982|73208&4&564.4907019668034|73211&4&493.5584011991674|73214&4&278.7719021248315|73215&4&5.3290705182007514E-14|73220&4&368.76159131453625|73228&4&1427.0249504404155|73229&4&329.9213298392911|73232&4&1335.78341130409|73235&4&1050.888019441365|73240&4&582.2518116558917|73241&4&317.2345042520569|73243&4&814.4770839876116|73244&4&621.9826290119126|73248&4&439.93074945783485|73256&4&1141.7708235314885|73262&4&1528.6151129863265|73267&4&815.5508798011031|73276&4&566.446461102534|73283&4&1099.2006600977252|73290&4&6.051896255453821|73299&4&370.06474116771597
201|4,130,1,1,1,1,1,1,1,1,1,1,1,1,1,1,1,1,1,1,1,1,1,1,1,1,1,1,1,1,1,1,1,1,1,1,1,1,1,1,1,1,1,1,1,1,1,1,1,1,1,1,1,1,1,1,1,1,1,1,1,1,1,1,1,1,1,1,1,1,1,1,1,1,1,1,1,1,1,1,1,1,1,1,1,1,1,1,1,1,1,1,1,1,1,1,1,1,1,1,1,1,0,0,0,0,0,0,0,0,0,0,0,0,0,0,0,0,0,0,0,0,2|73189&4&204.29033339373856|73191&4&113.70529629788558|73206&4&1062.5637058589928|73226&4&0.8736042988204905|73233&4&1106.4915191135738|73239&4&337.7691516075839|73242&4&1653.532959606294|73245&4&2376.8402249771807|73248&4&51.020321576945264|73251&4&0.0|73252&4&1632.5491060198462|73254&4&16.38832747217444|73263&4&0.028418457591898302|73267&4&12.739157872340064|73275&4&56.659840935610944|73286&4&561.3434195413361,2|73195&4&1372.39652712724|73196&4&2012.856312117986|73197&4&115.94885380902828|73208&4&33.14629889989076|73209&4&1807.6241942243166|73214&4&402.62457804543635|73215&4&1089.8464354682583|73234&4&12.044151254225113|73238&4&-7.105427357601002E-15|73240&4&1449.0131489963815|73241&4&302.23813806374204|73249&4&1568.189734739498|73273&4&739.7665646751807|73280&4&1721.5425848070383|73288&4&1586.3410193057216|73299&4&3.1779213935739334|73300&4&531.5590204342527,2|73193&4&572.6069772299046|73219&4&1294.223964364312|73221&4&2917.3150981850267|73228&4&66.40571152512885|73244&4&606.5462908760454|73247&4&246.66550283218098|73257&4&1564.314141414662|73260&4&1096.256084811993|73262&4&68.65246508248298|73268&4&381.1636105257344|73307&4&302.240971791382,2|73189&4&401.1796592115757|73190&4&1155.4949912539464|73201&4&2085.619117498499|73202&4&597.6075432124198|73208&4&1467.5742418809305|73210&4&158.32719144260955|73216&4&518.3465751448305|73219&4&17.216899400545394|73222&4&1663.6473696897701|73224&4&943.6690518646453|73230&4&1064.6980907006935|73236&4&1967.8051803704286|73253&4&76.42614361692277|73277&4&681.8343036666047|73306&4&110.76409337542421,2|73189&4&109.99549653920293|73203&4&331.20594233890256|73211&4&0.0|73212&4&579.7736292436572|73213&4&1029.63310109191|73216&4&415.31486185971585|73225&4&621.3881913572973|73229&4&218.87768106365212|73231&4&995.0710797452257|73237&4&512.794016331462|73239&4&1079.0292740374275|73241&4&179.5454197388317|73257&4&692.1737272428687|73261&4&1819.2732233827128|73268&4&1247.8781225173207|73269&4&511.31456521067236|73282&4&393.57447696252495|73286&4&1742.847814031165|73288&4&131.25335256225605|73297&4&305.90827110110735|73306&4&49.47227472363511,2|73189&4&478.6908856682485|73190&4&16.12013641985861|73191&4&509.7957102811006|73192&4&622.4307769176371|73198&4&700.7130180422155|73214&4&26.174936385053194|73215&4&811.3854363095361|73219&4&23.092817394802694|73228&4&288.3459902391124|73229&4&86.83712736470068|73238&4&1580.7272917645141|73243&4&494.39912932485635|73250&4&741.9318805701722|73253&4&1691.5701218497597|73259&4&236.06634152368213|73263&4&2498.405298844496|73265&4&836.1379647831006|73269&4&155.75053508883843|73274&4&152.88158989311893|73277&4&36.40680885053505|73279&4&1368.2215407970025|73282&4&1589.1381632867644|73300&4&3.552713678800501E-14|73301&4&43.951826857992216|73303&4&1.1301576340084978,2|73190&4&4.302402904200251|73194&4&538.0383556434344|73197&4&34.491450077671225|73199&4&25.151968104808994|73205&4&181.58612280561292|73207&4&1431.347185084502|73211&4&1046.0672152258378|73212&4&371.63493664764724|73218&4&1491.8674984225988|73223&4&1442.3593714681676|73229&4&156.19586509243027|73232&4&24.104632148725436|73244&4&657.3008009872257|73246&4&431.7221669022742|73248&4&1393.7851013514464|73254&4&1979.112039798742|73256&4&169.07380418755287|73262&4&400.52403563472683|73264&4&535.0880329534273|73275&4&1519.8842106123743|73285&4&884.8480506292318|73295&4&93.3207491883544,2|73189&4&148.31918318238743|73199&4&240.20639103097704|73200&4&1332.6631671184305|73209&4&1421.4196448925256|73210&4&726.787781965195|73237&4&1628.143397355376|73255&4&1724.0589288228946|73258&4&1018.9034619544442|73266&4&1946.5731092049155|73278&4&2582.373282606698|73294&4&186.68256360390194,2|73192&4&25.132258241740523|73195&4&254.31742773206474|73197&4&127.1008661258363|73204&4&1735.23416422227|73217&4&1884.5521618636944|73218&4&52.571006399699925|73226&4&532.8478115775582|73227&4&20.70673247458894|73231&4&179.1818342183976|73235&4&242.68400093552296|73249&4&188.90191211325336|73270&4&2090.24657426084|73271&4&99.98993739020273|73272&4&0.0|73274&4&483.8209099231376|73275&4&90.17948989175147|73276&4&1030.6119415329517|73284&4&0.3341637594074065|73287&4&355.67695486096|73299&4&37.29634976225657,2|73193&4&505.4864852269551|73194&4&430.493736448037|73197&4&99.81669304614638|73199&4&899.1406640856774|73201&4&3.375077994860476E-14|73202&4&201.34395658356|73208&4&812.1619074280692|73211&4&852.7503079030042|73214&4&314.2069193399958|73220&4&444.89258442700225|73228&4&1337.0040112734619|73229&4&310.5434968781102|73232&4&1304.4950811432414|73235&4&1084.5678117439902|73240&4&603.3064031444151|73241&4&279.35384104173625|73243&4&816.225966081818|73244&4&624.4885355434195|73248&4&417.17802236676164|73256&4&1072.195175244702|73262&4&1681.4392688897656|73267&4&919.1340482954724|73276&4&534.6534059740984|73283&4&1228.6183329310188|73290&4&4.24349505232543|73299&4&417.80314619721923
202|4,130,1,1,1,1,1,1,1,1,1,1,1,1,1,1,1,1,1,1,1,1,1,1,1,1,1,1,1,1,1,1,1,1,1,1,1,1,1,1,1,1,1,1,1,1,1,1,1,1,1,1,1,1,1,1,1,1,1,1,1,1,1,1,1,1,1,1,1,1,1,1,1,1,1,1,1,1,1,1,1,1,1,1,1,1,1,1,1,1,1,1,1,1,1,1,1,1,1,1,1,1,0,0,0,0,0,0,0,0,0,0,0,0,0,0,0,0,0,0,0,0,2|73189&4&394.2167019068249|73191&4&107.86448496832193|73206&4&1215.0887817042135|73226&4&3.3306690738754696E-15|73233&4&1262.9453709877341|73239&4&702.6247898448104|73242&4&1742.6096787303686|73245&4&2216.5405920396315|73248&4&22.006463319514182|73252&4&1482.8912517306856|73254&4&-2.8421709430404007E-14|73263&4&-2.1510571102112408E-16|73267&4&1.016692103730911|73275&4&19.11357820503873|73286&4&459.934672222924|73300&4&90.21044357780238,2|73195&4&1484.105804537486|73196&4&1980.325101602206|73197&4&107.4074734810628|73208&4&10.941999201342963|73209&4&1698.7934233726742|73214&4&361.2540946671856|73215&4&1059.7468616601077|73234&4&11.291391800836044|73240&4&1287.3050295613807|73241&4&283.3482544347582|73249&4&1453.7382000378193|73273&4&904.463196467331|73280&4&1690.7627730620843|73288&4&1536.4474244285284|73299&4&2.5757174171303632E-14|73300&4&485.3163529691529,2|73193&4&809.6922819677893|73219&4&1413.490279055914|73221&4&3001.109040561477|73228&4&39.130894921384396|73244&4&569.4239973581151|73247&4&327.9017172529774|73257&4&1394.9426405388263|73260&4&1157.8865011216296|73262&4&34.19729392975874|73268&4&319.35787537896556|73307&4&276.35421139747723,2|73189&4&361.91367018313855|73190&4&1194.9436772498107|73201&4&2037.9260189953811|73202&4&529.3385762113357|73208&4&1322.0901828992014|73210&4&121.34512222777701|73216&4&454.5352727735709|73219&4&11.477932933696918|73222&4&1492.6147846449137|73224&4&848.9699767989239|73230&4&1202.5823741157328|73236&4&1807.3505302189517|73253&4&38.267429400314725|73277&4&676.4456639120694|73306&4&104.93440425040188,2|73189&4&84.31065207467756|73197&4&39.76130534854887|73203&4&312.4851433511597|73212&4&631.8317672859996|73213&4&926.9236813920555|73216&4&448.37633515546895|73225&4&936.8481717866065|73229&4&201.82414674863625|73231&4&876.5731327353581|73237&4&486.3595077709477|73239&4&967.0964278093263|73241&4&169.77428779636722|73257&4&1203.285149136599|73261&4&1677.6031351503839|73268&4&1430.9777323080557|73269&4&647.1593207901384|73282&4&999.8036654678629|73286&4&1985.4024681417168|73288&4&94.20912395476711|73297&4&288.60417918354165|73306&4&80.69564933479566,2|73189&4&445.112951020648|73190&4&5.32305583191102|73191&4&451.5838221036678|73192&4&602.254158143777|73198&4&653.6845538741443|73214&4&20.433363457535762|73215&4&729.2411631366124|73219&4&8.910218821725504|73228&4&239.91780162416725|73229&4&81.40980690440688|73238&4&1901.922924512343|73243&4&422.8956772540379|73250&4&797.0409117300239|73253&4&1908.9132492398562|73259&4&357.65472345572505|73263&4&2331.9577060303764|73265&4&772.8664793162588|73269&4&128.7813804414892|73274&4&120.02229979198498|73277&4&29.591290633956415|73279&4&1498.576348048187|73282&4&1414.1458207556198|73301&4&35.48056925799794|73303&4&0.0,2|73190&4&3.6877739178859303|73194&4&502.11906926860695|73197&4&18.330606721702512|73199&4&18.863976078606758|73205&4&158.01303216639258|73207&4&1292.0657366786156|73211&4&904.0331300062207|73212&4&320.94518533511734|73218&4&1613.646173899358|73223&4&1401.4138961914346|73229&4&122.39786775098905|73232&4&7.480477892595339|73244&4&576.6440094981665|73246&4&361.11466973479173|73248&4&1255.7486214304881|73254&4&2008.2911536524182|73256&4&139.38204745568765|73262&4&343.091679328914|73264&4&507.53779433645605|73275&4&1389.7402375504412|73285&4&803.8514193068388|73295&4&76.5732024970996,2|73189&4&139.91690395843673|73199&4&214.15285824659506|73200&4&1476.393389083602|73209&4&1221.5226994436605|73210&4&796.6294709226127|73237&4&1508.8662810177698|73255&4&1533.303042919294|73258&4&912.67366138185|73266&4&1811.1568979452957|73278&4&2731.48557773013|73294&4&216.21010119270528,2|73192&4&13.187230481749427|73195&4&200.11668053980802|73197&4&105.37233113701444|73204&4&1816.6886802208542|73209&4&477.62053440409727|73217&4&1700.5573845626575|73218&4&27.76204822482784|73226&4&600.5500697320037|73227&4&19.616904449610573|73231&4&295.4932917253704|73234&4&45.027448361267986|73235&4&211.06583996626821|73237&4&72.54236011406454|73249&4&145.79608270514018|73255&4&363.3381527145027|73258&4&142.01714275315845|73261&4&335.10778621285067|73270&4&2362.0102933431062|73271&4&93.4741093956651|73272&4&258.0197929301567|73274&4&454.1077130848613|73275&4&257.9068790684038|73276&4&922.1805518739956|73284&4&0.3174555714370362|73287&4&317.27213748302165|73297&4&46.947548832203665|73299&4&29.11647760745702,2|73193&4&438.80066921840694|73194&4&453.70067179619366|73197&4&89.39589260182038|73199&4&841.4438956569209|73202&4&190.10889942891015|73208&4&1046.505222777997|73211&4&1255.074076732486|73214&4&297.08212994353715|73220&4&644.2096131405866|73228&4&1443.8330861074414|73229&4&406.2864910272529|73232&4&1330.7197015880765|73235&4&1018.8250082456284|73240&4&1018.4623252944376|73241&4&245.30533241132702|73243&4&807.4760760802437|73244&4&577.1960747625377|73248&4&394.4252952756885|73256&4&999.9063141192264|73262&4&1817.776213512196|73267&4&924.0898230720466|73276&4&529.1933754808636|73283&4&1296.8064577205273|73290&4&2.4350938491970373|73299&4&388.16175692844104
203|4,130,1,1,1,1,1,1,1,1,1,1,1,1,1,1,1,1,1,1,1,1,1,1,1,1,1,1,1,1,1,1,1,1,1,1,1,1,1,1,1,1,1,1,1,1,1,1,1,1,1,1,1,1,1,1,1,1,1,1,1,1,1,1,1,1,1,1,1,1,1,1,1,1,1,1,1,1,1,1,1,1,1,1,1,1,1,1,1,1,1,1,1,1,1,1,1,1,1,1,1,1,0,0,0,0,0,0,0,0,0,0,0,0,0,0,0,0,0,0,0,0,2|73189&4&454.1588915161235|73191&4&102.02367363875828|73199&4&7.071543372614087|73206&4&1263.6055272497533|73216&4&165.42986984624076|73233&4&1209.3827271656885|73239&4&870.9148295630282|73242&4&1900.6729391478884|73245&4&2061.860993024661|73248&4&-1.4921397450962104E-13|73252&4&1554.2534297561115|73267&4&0.0|73275&4&1.3500311979441904E-13|73286&4&367.3650278133565|73300&4&192.72599189863857,2|73195&4&1808.9586237092349|73196&4&2001.373874148443|73197&4&98.86609315309731|73208&4&0.0|73209&4&1589.9626525210315|73214&4&319.88361128893484|73215&4&993.9651792062735|73234&4&0.0|73240&4&1139.613342329904|73241&4&264.45837080577434|73249&4&1339.2866653361407|73273&4&819.2238893458398|73280&4&1585.7329782535621|73288&4&1596.2440680435589|73300&4&439.07368550405306,2|73191&4&241.56857035252614|73193&4&764.8599150091492|73207&4&119.71962569162167|73219&4&1481.5525104635458|73221&4&2998.996790987032|73228&4&14.585318869902885|73229&4&58.78475801472629|73240&4&77.60042524844812|73244&4&532.3017038401848|73247&4&356.9456619854581|73248&4&195.88155606492398|73257&4&1251.6473599432518|73260&4&1050.7894885262076|73262&4&9.916576143989673|73268&4&257.56488097356953|73281&4&141.04150299886896|73307&4&274.37785938435974,2|73189&4&322.64768115470133|73190&4&1345.129443180408|73201&4&2003.8673934859926|73202&4&462.4449610531025|73208&4&1176.606123917472|73210&4&85.51201844549564|73216&4&396.03686564625565|73219&4&5.738966466848442|73222&4&1680.5684892160593|73224&4&754.2709017332022|73230&4&1286.7439105796313|73236&4&1921.3003693355067|73253&4&14.872216545183441|73277&4&622.0634222835695|73306&4&99.10471512537956,2|73189&4&64.99297634577016|73197&4&215.76406773745325|73203&4&293.76434436341674|73212&4&676.2463126962465|73213&4&940.4964730274928|73216&4&420.2009295616306|73225&4&862.0156336091468|73229&4&184.77061243362033|73231&4&758.0751857254903|73237&4&459.9249992104334|73239&4&868.2585127034235|73241&4&234.93044518333886|73257&4&1511.893694488846|73261&4&1552.2474841534402|73268&4&1456.5430025131536|73269&4&603.5199242572345|73282&4&1131.7776293823076|73286&4&2139.34070011737|73288&4&60.91507003665998|73297&4&271.30008726597595|73306&4&123.0838461092107,2|73189&4&411.5350163730475|73190&4&0.0|73191&4&393.371933926235|73192&4&846.79274200962|73198&4&606.6560897060734|73214&4&14.691790530018327|73215&4&647.0968899636887|73219&4&-4.263256414560601E-14|73228&4&191.48961300922213|73229&4&75.98248644411308|73238&4&1948.3250297418253|73243&4&351.39222518321935|73250&4&982.8576876879074|73253&4&2002.4382698884665|73259&4&337.8047677702414|73263&4&2228.5221663710345|73265&4&719.8378898831998|73269&4&105.5264883195294|73274&4&87.16300969085107|73277&4&23.697829764135978|73279&4&1509.1068427361365|73282&4&1260.931055944347|73301&4&28.887654014314638,2|73190&4&3.0731449315716093|73194&4&466.19978289377946|73197&4&6.421270422327788|73199&4&12.575984052404522|73205&4&339.77920492746574|73207&4&1152.7842882727289|73211&4&775.295643736838|73212&4&276.223012337481|73218&4&1829.5334068521274|73223&4&1557.1404776207382|73229&4&97.25288997253433|73232&4&-5.5067062021407764E-14|73244&4&495.98721800910744|73246&4&299.2804967262061|73248&4&1117.7121415095298|73254&4&2238.051102553689|73256&4&109.69029072382244|73262&4&285.659323023101|73264&4&479.9875557194848|73275&4&1259.5962644885078|73285&4&722.854787984446|73295&4&61.71925933218691,2|73189&4&131.51462473448603|73199&4&188.09932546221313|73200&4&1371.8635379349057|73209&4&1032.4729162832396|73210&4&875.7242802621679|73237&4&1389.5972004756914|73255&4&1355.652597632804|73258&4&812.1419960974805|73266&4&1730.3841023481405|73278&4&2912.971394211857|73294&4&246.3011126567712,2|73192&4&2.8467777382014496|73195&4&153.92554168238297|73197&4&83.64379614819258|73198&4&18.305783905475664|73204&4&1780.3360820556616|73209&4&961.9374197927644|73217&4&1658.6919635816353|73218&4&11.424396923178191|73226&4&555.6234065386559|73227&4&18.527076424632206|73231&4&511.48818182218395|73234&4&0.0|73235&4&181.4828384727429|73237&4&68.91524210836131|73246&4&211.42924456896202|73249&4&103.40910740040877|73255&4&651.4734995767712|73258&4&392.6155484436837|73261&4&403.85962636335915|73270&4&2653.8658518597385|73271&4&86.95828140112746|73272&4&422.9693159812987|73274&4&506.5957870042799|73275&4&477.289865291267|73276&4&815.6401548709398|73284&4&0.30074738346666585|73287&4&290.6697038772419|73297&4&94.85683631054101|73299&4&20.936605452657474,2|73193&4&375.01539781138524|73194&4&474.8156509932037|73197&4&78.97509215749437|73199&4&783.7471272281641|73202&4&178.87384227426028|73208&4&1254.8820888500702|73211&4&1282.0276767013224|73214&4&279.95734054707845|73220&4&616.3069732370727|73228&4&1692.8359892822127|73229&4&381.15261671055583|73232&4&1518.4638130656072|73235&4&1075.6786547139918|73240&4&962.7231771639358|73241&4&217.22704646174344|73243&4&1157.1854057535734|73244&4&653.2682118846819|73248&4&371.67256818461533|73256&4&1013.7646746801973|73262&4&1703.3748455431976|73267&4&1083.267398377454|73276&4&496.0836691206679|73283&4&1207.4284711374326|73290&4&0.6266926460686457|73299&4&358.52036765966284
204|4,130,1,1,1,1,1,1,1,1,1,1,1,1,1,1,1,1,1,1,1,1,1,1,1,1,1,1,1,1,1,1,1,1,1,1,1,1,1,1,1,1,1,1,1,1,1,1,1,1,1,1,1,1,1,1,1,1,1,1,1,1,1,1,1,1,1,1,1,1,1,1,1,1,1,1,1,1,1,1,1,1,1,1,1,1,1,1,1,1,1,1,1,1,1,1,1,1,1,1,1,1,0,0,0,0,0,0,0,0,0,0,0,0,0,0,0,0,0,0,0,0,2|73189&4&429.3364322904796|73191&4&96.18286230919465|73199&4&39.79913910453824|73206&4&1342.6844430197318|73210&4&21.6971235713571|73216&4&464.81467277240563|73233&4&1104.1328521445892|73239&4&824.5865359907717|73242&4&1732.755583316518|73245&4&2154.5526883247157|73251&4&5.989588415579789|73252&4&1676.9047421473872|73286&4&282.29321272887705|73300&4&182.86416619476213,2|73195&4&1789.5578993522126|73196&4&1818.8737398407034|73197&4&90.32471282513183|73209&4&1481.131881669389|73214&4&278.51312791068403|73215&4&928.1834967524396|73240&4&1001.0153698402055|73241&4&245.56848717679046|73249&4&1382.9818568472974|73273&4&815.499743607005|73280&4&1502.1404912510766|73288&4&1550.6754213387728|73300&4&398.4055145828381,2|73191&4&405.3428864059806|73193&4&720.027548050509|73207&4&661.7540039026632|73219&4&1455.4144440366522|73221&4&3029.3178756933685|73228&4&-1.1013412404281553E-13|73229&4&55.84552011398998|73240&4&73.72040398602572|73244&4&495.1794103222545|73247&4&357.85098771218054|73248&4&455.9639021366705|73257&4&1115.2126873346779|73260&4&949.3166631594382|73262&4&27.899123133451283|73268&4&200.90758247975137|73281&4&0.0|73307&4&310.17560199351095,2|73189&4&283.38169212626417|73190&4&1239.1718337814525|73201&4&1855.208749502531|73202&4&395.68825877128427|73208&4&1031.1220649357429|73210&4&51.41708853065197|73216&4&341.9486403583528|73219&4&-3.375077994860476E-14|73222&4&1890.9281752897086|73224&4&753.7189926953183|73230&4&1180.829289019801|73236&4&2037.4546072108278|73253&4&5.3290705182007514E-14|73277&4&567.6811806550696|73306&4&93.27502600035723,2|73189&4&45.67530061686269|73197&4&325.24896760718804|73203&4&275.04354537567383|73212&4&651.3957317968745|73213&4&1017.4808888172081|73216&4&392.0255239677922|73225&4&896.8083984293074|73229&4&167.71707811860443|73231&4&647.9005739043879|73237&4&433.4904906499191|73239&4&773.4381693149769|73241&4&347.61526800845996|73257&4&1429.250699440848|73261&4&1427.1577977678985|73268&4&1359.0801870210921|73269&4&632.701669177598|73282&4&1238.567290354975|73286&4&2202.7640842064807|73288&4&33.800575942506896|73297&4&253.99599534841028|73306&4&151.8420709637822,2|73189&4&377.9570817254469|73191&4&342.7119156590908|73192&4&841.0188118357014|73198&4&559.6276255380025|73214&4&10.171016346680183|73215&4&564.952616790765|73228&4&143.061424394277|73229&4&70.55516598381928|73238&4&1813.4293110970266|73243&4&294.6748555586917|73250&4&1063.629614282445|73253&4&2268.1728491947324|73259&4&549.0692564315559|73263&4&2384.2188677893364|73265&4&786.2474433642801|73269&4&82.27159619756961|73274&4&55.17476049072506|73277&4&18.34578701315219|73279&4&1511.0053775228782|73282&4&1119.1861421900885|73301&4&24.323975725280416,2|73190&4&2.4585159452572882|73194&4&430.2804965189521|73197&4&-3.019806626980426E-14|73199&4&6.287992026202286|73205&4&346.21408583695535|73207&4&1013.5028398668422|73211&4&656.6854648386592|73212&4&236.03063145377257|73218&4&1953.7836569993838|73223&4&1554.117397086163|73229&4&79.19221311967726|73244&4&415.33042652004826|73246&4&242.16079509503166|73248&4&979.6756615885714|73254&4&2238.456814050672|73256&4&81.94257763891258|73262&4&228.22696671728815|73264&4&452.43731710251353|73275&4&1129.4522914265744|73285&4&646.11578840393|73295&4&51.690874626618694,2|73189&4&123.11234551053535|73199&4&162.04579267783117|73200&4&1277.9022449303886|73209&4&862.0703198426963|73210&4&815.9808910275143|73237&4&1270.328119933613|73255&4&1195.1692525092992|73258&4&723.253230977758|73266&4&1558.1570198521285|73278&4&2909.40882927198|73294&4&276.96435807552893,2|73192&4&-1.865174681370263E-14|73195&4&108.94299655304833|73197&4&61.915261159370715|73198&4&17.39049471020188|73204&4&1636.3670019559986|73209&4&1146.5227453644225|73217&4&1553.3731805271293|73218&4&4.618527782440651E-14|73226&4&507.697032846884|73227&4&17.43724839965384|73231&4&483.2501609018874|73235&4&155.74218862775035|73237&4&65.28812410265809|73246&4&532.2209187166939|73249&4&61.02213209567735|73255&4&740.8550774953783|73258&4&593.1970473944929|73261&4&389.2155542879197|73270&4&2718.365426730539|73271&4&80.44245340658985|73272&4&475.90365786982795|73274&4&518.6842367393056|73275&4&652.5855658862083|73276&4&712.0265800697707|73284&4&0.2840391954962955|73287&4&420.6625217860227|73297&4&144.30729607471|73299&4&12.756733297857927,2|73193&4&311.23012640436355|73194&4&448.0614818366465|73197&4&68.55429171316837|73199&4&726.0503587994074|73202&4&243.78292372400026|73208&4&1183.6148116457439|73211&4&1507.3927052634506|73214&4&262.8325511506198|73220&4&611.7818903501392|73228&4&2086.4991395735915|73229&4&356.0187423938588|73232&4&1459.1602149873638|73235&4&1086.4203510759348|73240&4&906.9840290334341|73241&4&189.14876051215992|73243&4&1406.330715114174|73244&4&693.5014514712913|73248&4&348.9198410935421|73256&4&1026.2913204759009|73262&4&1588.9734775741988|73267&4&1009.9183360921697|73276&4&462.9739627604721|73283&4&1105.3152732714304|73290&4&0.4700194845514764|73299&4&358.21216892540036
205|4,130,1,1,1,1,1,1,1,1,1,1,1,1,1,1,1,1,1,1,1,1,1,1,1,1,1,1,1,1,1,1,1,1,1,1,1,1,1,1,1,1,1,1,1,1,1,1,1,1,1,1,1,1,1,1,1,1,1,1,1,1,1,1,1,1,1,1,1,1,1,1,1,1,1,1,1,1,1,1,1,1,1,1,1,1,1,1,1,1,1,1,1,1,1,1,1,1,1,1,1,1,0,0,0,0,0,0,0,0,0,0,0,0,0,0,0,0,0,0,0,0,2|73189&4&404.51397306483574|73191&4&90.34205097963101|73199&4&273.8770961719344|73206&4&1433.1628402655|73210&4&300.1832179064346|73216&4&441.1603644591697|73233&4&998.8829771234896|73239&4&778.2582424185151|73242&4&1570.6644320042906|73245&4&2462.522085442119|73251&4&5.6901089948007995|73252&4&1930.2184472512292|73286&4&199.53192311627592|73300&4&173.0023404908857,2|73195&4&1906.4263445925164|73196&4&1797.3337139882062|73197&4&81.78333249716633|73209&4&1372.3011108177463|73214&4&237.1426445324333|73215&4&862.4018142986056|73240&4&862.4173973505068|73241&4&226.67860354780657|73249&4&1855.3885736836407|73273&4&738.7712424691847|73280&4&1470.5492417517253|73288&4&1638.8351374033414|73300&4&357.7373436616232,2|73191&4&446.32951071945223|73193&4&785.7394405718644|73207&4&929.4197874983283|73219&4&1357.7549840456313|73221&4&3475.13310416537|73229&4&110.5461853443961|73240&4&69.84038272360331|73244&4&458.0571168043242|73247&4&381.7752130592314|73248&4&685.3228323642624|73257&4&978.7780147261037|73260&4&912.7817605257412|73262&4&295.23650859044614|73268&4&154.32090888452984|73307&4&283.243306837297,2|73189&4&244.11570309782704|73190&4&1133.2142243824974|73201&4&2036.1795359105497|73202&4&334.60018212576836|73208&4&888.6573729936094|73210&4&33.30618772404395|73216&4&289.77002005600775|73222&4&1959.2287220399062|73224&4&991.2591100262332|73230&4&1074.9146674599706|73236&4&2058.1487640607215|73277&4&513.2989390265697|73285&4&208.98664387510507|73306&4&87.4453368753349,2|73189&4&26.357624887955232|73197&4&419.3928316907614|73203&4&256.3227463879309|73212&4&717.9860126753425|73213&4&1175.350256306136|73216&4&363.8501183739539|73225&4&819.7232045061987|73229&4&150.66354380358857|73231&4&539.0795365060987|73237&4&407.0559820894048|73239&4&680.5271219821503|73241&4&416.1013694964131|73257&4&1443.1759021618295|73261&4&1302.0681113823568|73268&4&1374.592699245322|73269&4&585.4212155720307|73282&4&1466.4487309916897|73286&4&2052.219652495278|73288&4&13.97171039022424|73297&4&236.6919034308446|73306&4&143.59407376360923,2|73189&4&344.37914707784637|73191&4&298.9257489034999|73192&4&754.3439139205145|73198&4&513.232759529768|73214&4&5.65024216334203|73215&4&482.8083436178413|73228&4&94.6332357793319|73229&4&65.12784552352548|73238&4&1694.050630658489|73243&4&252.07776000919858|73250&4&985.2166587198562|73253&4&2266.902209892325|73259&4&0.0|73263&4&2723.226077081119|73265&4&723.4613919689955|73269&4&67.81195527646247|73274&4&28.547283868686325|73277&4&12.993744262168406|73279&4&1409.490352827503|73282&4&978.0717120077202|73301&4&21.891578152752377,2|73190&4&1.8438869589429672|73194&4&394.3612101441246|73199&4&4.973799150320701E-14|73205&4&490.4670877558511|73207&4&883.1125772290989|73211&4&560.9689335337509|73212&4&195.8382505700642|73218&4&2055.3139748660074|73223&4&1566.4339504261038|73229&4&61.131536266820156|73244&4&334.6736350309891|73246&4&191.1899453744426|73248&4&854.2325425675566|73254&4&2231.1052306523316|73256&4&55.35859042920306|73262&4&170.79461041147525|73264&4&424.88707848554225|73275&4&999.7331599163512|73285&4&569.3767888234139|73295&4&45.51226977808355,2|73189&4&114.71006628658466|73199&4&135.9922598934492|73200&4&1258.8002002640442|73209&4&709.198003356291|73210&4&756.2375017928608|73237&4&1151.0590393915345|73255&4&1048.6222029134465|73258&4&634.3644658580355|73266&4&1452.7256607256163|73278&4&2756.3319732859277|73294&4&257.35406272312315,2|73195&4&71.73808614412523|73197&4&40.18672617054885|73198&4&16.4752055149281|73204&4&1492.3979218563354|73209&4&1100.4302526803638|73217&4&1525.8171506319027|73226&4&459.770659155112|73227&4&16.347420374675472|73231&4&678.4698269688737|73235&4&130.00153878275782|73237&4&181.5977193814462|73246&4&632.4984430882666|73249&4&27.079089921387723|73255&4&912.4791752179001|73258&4&631.5650475805523|73261&4&367.86546956880653|73270&4&2649.0289938304004|73271&4&73.92662541205223|73272&4&454.31023622900415|73274&4&658.8954508883813|73275&4&1091.1472024136006|73276&4&609.0578377094856|73284&4&0.2673310075259252|73287&4&375.9148509747939|73297&4&136.73155186451362|73299&4&8.007960901005342,2|73193&4&247.44485499734185|73194&4&421.3073126800894|73197&4&58.133491268842356|73199&4&668.3535903706506|73202&4&228.7406596391309|73208&4&1141.5900641067951|73211&4&1664.6905337919611|73214&4&350.88724585531816|73220&4&674.5308002869631|73228&4&2205.619323312684|73229&4&330.8848680771618|73232&4&1426.9435220692556|73235&4&1010.4170089613049|73240&4&851.2448809029324|73241&4&164.71900298513236|73243&4&1314.3268511456447|73244&4&759.7466587281186|73248&4&326.1671140024689|73256&4&1121.0757479864765|73262&4&1474.5721096052|73267&4&936.5692738068855|73276&4&530.8712638168154|73283&4&1182.168656802845|73290&4&0.3133463230343173|73299&4&327.1041201298964
206|4,130,1,1,1,1,1,1,1,1,1,1,1,1,1,1,1,1,1,1,1,1,1,1,1,1,1,1,1,1,1,1,1,1,1,1,1,1,1,1,1,1,1,1,1,1,1,1,1,1,1,1,1,1,1,1,1,1,1,1,1,1,1,1,1,1,1,1,1,1,1,1,1,1,1,1,1,1,1,1,1,1,1,1,1,1,1,1,1,1,1,1,1,1,1,1,1,1,1,1,1,1,0,0,0,0,0,0,0,0,0,0,0,0,0,0,0,0,0,0,0,0,2|73189&4&728.6254370283662|73191&4&84.50123965006736|73199&4&260.0651807142232|73202&4&200.6505811337703|73206&4&1297.8010136456123|73210&4&430.09211694835943|73216&4&417.5060561459338|73233&4&1058.1510238287422|73239&4&731.9299488462585|73242&4&1408.573280692063|73245&4&2312.9475905856552|73251&4&5.39062957402181|73252&4&1803.7290160043126|73286&4&117.34376358534945|73300&4&163.14051478700927,2|73195&4&1912.585782211505|73196&4&2150.8498168033066|73197&4&73.24195216920084|73209&4&1263.470339966104|73214&4&195.77216115418256|73215&4&796.6201318447718|73240&4&723.8194248608083|73241&4&207.7887199188227|73249&4&1703.2914232788874|73273&4&755.7642230087093|73280&4&1505.491080794524|73288&4&1566.0615403715146|73300&4&317.06917274040825,2|73191&4&422.36556047028927|73193&4&780.0533529033142|73207&4&1220.7454660368003|73219&4&1260.0955240546111|73221&4&3397.9353568693923|73229&4&104.72495228710265|73240&4&151.80232694082417|73244&4&420.9348232863939|73247&4&416.24582335902187|73248&4&649.4025919060371|73257&4&842.3433421175299|73260&4&819.5402741542115|73262&4&750.7581307508342|73268&4&117.05181308896212|73307&4&331.423405710384,2|73189&4&204.84971406938985|73190&4&1027.2566149835422|73201&4&2076.219478151998|73202&4&283.9882524581148|73208&4&758.8506012334029|73210&4&27.755156436703178|73216&4&243.1145385021136|73222&4&2047.8707119237597|73224&4&1048.3782498345645|73230&4&969.0000459001404|73236&4&1895.8505686943558|73277&4&458.9166973980698|73285&4&221.71646128243464|73306&4&81.61564775031258,2|73189&4&7.039949159047772|73197&4&396.93409491152755|73203&4&237.601947400188|73212&4&789.5218520182848|73213&4&1285.9301626993524|73216&4&335.6747127801155|73225&4&936.9322372675783|73229&4&133.61000948857267|73231&4&434.4230069571788|73237&4&380.6214735288905|73239&4&587.6160746493235|73241&4&391.8580714328443|73257&4&1580.0821606306718|73261&4&1178.3624120586624|73268&4&1712.259826274666|73269&4&538.1407619664635|73282&4&1655.2062518498312|73286&4&2215.534537381349|73288&4&3.62300585793588|73297&4&219.38781151327893|73306&4&135.3460765634362,2|73189&4&310.8012124302458|73191&4&258.44573668026635|73192&4&667.6690160053276|73198&4&466.83789352153354|73214&4&2.179162653436026|73215&4&401.35579199093775|73228&4&63.953086692434034|73229&4&59.70052506323169|73238&4&1646.6251648840225|73243&4&209.48066445970537|73250&4&906.8037031572677|73253&4&2401.340219156554|73255&4&117.44479152511758|73259&4&0.0|73263&4&2906.0092475001|73265&4&669.7191299952603|73269&4&53.35231435535529|73274&4&8.020764606180073|73277&4&7.641701511184621|73279&4&1307.9753281321277|73282&4&846.419955137801|73301&4&19.459180580224334,2|73190&4&1.2292579726286461|73191&4&1.7386207605954382|73194&4&358.44192376929715|73205&4&458.1311966786916|73207&4&769.3624933676067|73211&4&467.16360161716585|73212&4&157.91684197378115|73218&4&2001.0309973966928|73223&4&1502.7312396577208|73229&4&43.07085941396305|73244&4&254.01684354192997|73246&4&144.12599205900045|73248&4&731.7842995709273|73254&4&2049.383354416131|73256&4&34.46233233374279|73262&4&113.36225410566236|73264&4&525.9518746432917|73275&4&881.9985742874453|73285&4&492.63778924289795|73295&4&39.333664929548426,2|73189&4&106.30778706263396|73199&4&109.93872710906723|73200&4&1226.8881254130124|73209&4&571.1387150942082|73210&4&696.4941125582071|73237&4&1031.789958849456|73249&4&440.09120086428777|73255&4&909.6255069533971|73258&4&545.475700738313|73265&4&65.15522844258027|73266&4&1294.7152830110092|73278&4&2777.441812789532|73294&4&239.7954891281114,2|73195&4&45.50898081505206|73197&4&18.458191181727|73198&4&15.559916319654317|73204&4&1348.4288417566727|73209&4&1540.2120025134318|73217&4&1561.718514704376|73226&4&411.8442854633401|73227&4&15.257592349697108|73231&4&991.6341885415161|73234&4&1.3790328183932683|73235&4&104.26088893776526|73237&4&360.01055521361764|73246&4&813.9652467082769|73249&4&9.74729340944811|73255&4&862.2915100434583|73258&4&794.3552760996699|73261&4&346.5153848496934|73270&4&2669.566917527454|73271&4&67.4107974175146|73272&4&711.1593269178122|73274&4&809.8197846262717|73275&4&1103.1653282393538|73276&4&506.08909534920053|73284&4&0.2506228195555549|73287&4&356.3005436400856|73297&4&172.11277601649684|73299&4&3.2591885041527324,2|73193&4&186.7034297754047|73194&4&394.5531435235323|73197&4&47.71269082451634|73199&4&610.6568219418939|73202&4&213.6983955542616|73208&4&1130.640026416898|73211&4&1654.294944365175|73214&4&389.5856214604621|73220&4&744.7316575107991|73228&4&2116.8333942461877|73229&4&305.7509937604647|73232&4&1330.5708393625223|73235&4&934.4136668466747|73240&4&795.5057327724306|73241&4&145.29163618050242|73243&4&1222.3229871771155|73244&4&819.2378109359777|73248&4&303.41438691139575|73256&4&1181.797819488042|73262&4&1360.1707416362015|73267&4&864.8819455697126|73276&4&773.2139769960372|73283&4&1262.6366296824287|73290&4&0.1566731615171582|73299&4&295.99607133439235
207|4,130,1,1,1,1,1,1,1,1,1,1,1,1,1,1,1,1,1,1,1,1,1,1,1,1,1,1,1,1,1,1,1,1,1,1,1,1,1,1,1,1,1,1,1,1,1,1,1,1,1,1,1,1,1,1,1,1,1,1,1,1,1,1,1,1,1,1,1,1,1,1,1,1,1,1,1,1,1,1,1,1,1,1,1,1,1,1,1,1,1,1,1,1,1,1,1,1,1,1,1,1,0,0,0,0,0,0,0,0,0,0,0,0,0,0,0,0,0,0,0,0,2|73189&4&731.2984841095997|73191&4&78.66042832050371|73199&4&371.67881704652336|73202&4&251.05194475319232|73206&4&1347.1441748237605|73210&4&407.78009810680055|73216&4&393.851747832698|73233&4&975.5738976511814|73239&4&1024.5358088802418|73242&4&1487.823191956993|73245&4&2174.3432606803026|73251&4&5.091150153242821|73252&4&1817.1811599526136|73282&4&204.49340043018674|73286&4&56.43040231310396|73300&4&153.27868908313283,2|73195&4&1869.9891009083562|73196&4&2187.6303209688276|73197&4&64.70057184123536|73209&4&1154.6395691144612|73214&4&154.4016777759318|73215&4&764.9757762283084|73240&4&594.9442946247382|73241&4&188.8988362898388|73249&4&1551.1942728741337|73273&4&763.689905177161|73280&4&1554.5850141689446|73288&4&1407.1678895796022|73300&4&276.4010018191933,2|73191&4&398.4016102211263|73193&4&885.1357498810113|73207&4&1208.4771655717536|73219&4&1162.4360640635903|73221&4&3105.4719402646806|73229&4&98.90371922980921|73240&4&542.4727122803936|73244&4&383.8125297684636|73247&4&382.07912856509637|73248&4&1062.4532808741844|73257&4&706.0667217411476|73260&4&727.3798306447682|73262&4&1044.9524747013638|73268&4&91.30362652696226|73307&4&300.73549085270497,2|73189&4&165.5837250409527|73190&4&921.2990055845868|73197&4&203.88403157847762|73201&4&1900.8146101236243|73202&4&239.82013452756624|73208&4&642.1752290738565|73210&4&22.204125149362532|73216&4&196.4590569482195|73222&4&2102.0425922361214|73224&4&1166.5174981722403|73230&4&863.08542434031|73236&4&1767.767113333091|73276&4&180.17961247592848|73277&4&535.7764465688133|73285&4&482.2267591361099|73306&4&75.78595862529025,2|73189&4&-4.796163466380676E-14|73197&4&374.4753581322938|73203&4&218.8811484124451|73212&4&947.1725237409416|73213&4&1409.0775000600154|73216&4&307.4993071862771|73225&4&1078.9904900172169|73229&4&116.55647517355679|73231&4&338.4776368597332|73237&4&354.1869649683762|73239&4&494.7050273164968|73241&4&367.61477336927555|73257&4&1632.2926448677292|73261&4&1055.2424950281425|73268&4&1876.0103516509282|73269&4&610.6616807695939|73282&4&1558.3196413146297|73286&4&2532.645916480461|73288&4&6.217248937900877E-15|73297&4&202.08371959571326|73306&4&144.5865502351153,2|73189&4&277.2232777826453|73191&4&220.68724276046092|73192&4&583.4863292428895|73198&4&420.4430275132991|73214&4&7.105427357601002E-15|73215&4&332.1235112209595|73228&4&37.806492598210994|73229&4&54.273204602937895|73238&4&1497.3741568847715|73243&4&166.88356891021215|73250&4&828.3907475946793|73253&4&2429.3334959470712|73255&4&387.42834333884343|73263&4&2906.3863552792586|73265&4&617.1202811994605|73269&4&38.892673434248124|73274&4&4.010382303089966|73277&4&3.2607711553574825|73279&4&1216.9475852873995|73282&4&727.2418701761264|73301&4&17.02678300769629,2|73190&4&0.6146289863143252|73191&4&45.82555216946531|73194&4&322.5226373944697|73205&4&425.79530560153205|73207&4&668.5219029492781|73211&4&375.005246586598|73212&4&127.59875619768988|73218&4&1931.5488608388118|73223&4&1414.0722102474601|73229&4&25.01018256110595|73244&4&174.14670662777266|73246&4&113.65170109408368|73248&4&611.5659238088821|73254&4&1863.3737734587003|73256&4&22.974888222495167|73262&4&69.74124867704944|73264&4&509.6624224213347|73275&4&766.4249143177333|73285&4&422.5220882402073|73295&4&33.1550600810133,2|73189&4&97.90550783868326|73192&4&70.67349030833054|73199&4&83.88519432468526|73200&4&1253.4623634277593|73209&4&457.8054981365596|73210&4&636.7507233235538|73237&4&912.5208783073774|73249&4&642.6848159756389|73255&4&782.6748476465928|73258&4&462.56760631345793|73260&4&169.91500442078853|73265&4&61.89746702045125|73266&4&1341.7535936884688|73278&4&3147.1049678244253|73294&4&222.23691553309965,2|73195&4&24.871226133825893|73197&4&6.0490265270413754|73198&4&14.644627124380534|73204&4&1343.1485525996297|73209&4&1738.8481297874796|73217&4&1781.607801612928|73226&4&363.91791177156813|73227&4&14.167764324718743|73231&4&1379.7252019793646|73234&4&1.310081177473605|73235&4&78.52023909277271|73237&4&460.56221791005333|73246&4&974.5240857692561|73249&4&4.263256414560601E-14|73255&4&812.1038448690165|73258&4&950.0966317928502|73261&4&325.1653001305803|73270&4&2454.0919206253357|73271&4&60.894969422976985|73272&4&0.0|73274&4&981.2514313588503|73275&4&1041.230193558525|73276&4&406.56161835315106|73284&4&0.23391463158518455|73287&4&696.3799245031175|73297&4&218.552023677195|73299&4&2.042810365310288E-14,2|73193&4&130.0555918473438|73194&4&367.79897436697513|73197&4&37.29189038019034|73199&4&552.9600535131373|73202&4&198.65613146939228|73208&4&1215.100533662955|73211&4&1729.7898742040754|73214&4&436.66866314195187|73220&4&836.7909232774128|73228&4&2018.9994865585668|73229&4&280.61711944376765|73232&4&1351.5283712529172|73235&4&858.4103247320448|73240&4&739.7665846419288|73241&4&125.86426937587244|73243&4&1130.319123208586|73244&4&902.3286108713564|73248&4&280.6616598203226|73256&4&1150.358384918861|73262&4&1245.769373667203|73267&4&864.8895017269965|73276&4&721.0287817695023|73283&4&1286.7749424918225|73290&4&-8.881784197001252E-16|73299&4&264.88802253888826
208|4,130,1,1,1,1,1,1,1,1,1,1,1,1,1,1,1,1,1,1,1,1,1,1,1,1,1,1,1,1,1,1,1,1,1,1,1,1,1,1,1,1,1,1,1,1,1,1,1,1,1,1,1,1,1,1,1,1,1,1,1,1,1,1,1,1,1,1,1,1,1,1,1,1,1,1,1,1,1,1,1,1,1,1,1,1,1,1,1,1,1,1,1,1,1,1,1,1,1,1,1,1,0,0,0,0,0,0,0,0,0,0,0,0,0,0,0,0,0,0,0,0,2|73189&4&730.3454226421829|73191&4&72.81961699094008|73199&4&351.5956239993116|73202&4&237.9977210626983|73206&4&1394.0574288113903|73210&4&385.4680792652417|73216&4&428.80059163714645|73233&4&871.985554668378|73239&4&1443.5717931246304|73242&4&1694.134909767551|73245&4&2256.1149315781777|73251&4&4.791670732463832|73252&4&1729.256394505469|73282&4&572.0238786196705|73286&4&17.69499321567817|73300&4&143.4168633792564,2|73195&4&1977.862694995914|73196&4&2128.2215543276902|73197&4&56.159191513269874|73209&4&1045.8087982628188|73214&4&113.03119439768105|73215&4&697.4872274326059|73240&4&486.4466564435212|73241&4&170.00895266085493|73249&4&1399.0971224693797|73256&4&61.617527448589634|73273&4&699.2543659498192|73280&4&1646.859181084182|73288&4&1300.6935221429417|73300&4&239.80534316585351,2|73191&4&374.43765997196334|73193&4&1045.7496860082542|73207&4&1443.7576306029457|73219&4&1064.7766040725699|73221&4&2837.244208167368|73229&4&93.08248617251577|73240&4&950.4199955759409|73244&4&346.6902362505333|73247&4&347.9124337711709|73248&4&1417.4943519335388|73257&4&587.8422157781537|73260&4&644.1532704061026|73262&4&1079.1751554264065|73268&4&71.92664924229777|73307&4&298.1044920896603,2|73189&4&126.3177360125155|73190&4&1147.776735437325|73197&4&281.00339609812596|73201&4&2152.5433160840976|73202&4&195.65201659701768|73208&4&533.4234455271527|73210&4&16.653093862021887|73216&4&151.72476776206514|73222&4&2389.4947690519875|73224&4&1141.9395088259353|73230&4&760.9905076559994|73236&4&1703.029311711085|73276&4&589.4670618045951|73277&4&574.0620453619908|73285&4&457.01254008592616|73306&4&69.95626950026792,2|73197&4&352.01662135306003|73203&4&200.1603494247022|73212&4&886.3810338453764|73213&4&1588.3780464206402|73216&4&279.3239015924388|73225&4&997.0725479799247|73229&4&99.50294085854091|73231&4&267.9785784481062|73237&4&327.75245640786187|73239&4&412.2609960374446|73241&4&385.9007505485725|73257&4&1684.3795830964173|73261&4&935.0290402348296|73268&4&1736.4147821927158|73269&4&557.3911585435918|73282&4&1461.433030779428|73286&4&2815.695347163416|73297&4&184.7796276781476|73306&4&181.59480956095126,2|73189&4&243.64534313504475|73191&4&184.7930059704119|73192&4&503.70185041224295|73198&4&0.0|73215&4&272.4990368672401|73228&4&19.40636044641924|73229&4&48.8458841426441|73238&4&1348.1231488855212|73243&4&124.28647336071896|73250&4&785.8254178574615|73253&4&2536.9324661916853|73255&4&892.0452347536702|73263&4&2663.785646366344|73265&4&564.5214324036606|73269&4&28.36553947454688|73274&4&1.7763568394002505E-15|73277&4&2.042810365310288E-14|73279&4&1114.9081964994923|73282&4&620.674575570512|73301&4&14.594385435168249,2|73190&4&4.218847493575595E-15|73191&4&43.52992800909056|73194&4&286.6033510196422|73204&4&67.65912473745243|73205&4&393.45941452437256|73207&4&571.4701233801525|73211&4&291.72138089455296|73212&4&102.19679456057085|73218&4&1788.730038099818|73223&4&1459.0245837553412|73229&4&11.119905518388943|73244&4&107.00065498631025|73246&4&91.4794367428184|73248&4&507.0662903181983|73254&4&1930.4486284208003|73256&4&11.487444111247603|73262&4&39.26120273107563|73264&4&474.7968551589399|73275&4&651.6022549176602|73285&4&365.1081945712177|73295&4&26.976455232478184,2|73189&4&89.50322861473256|73192&4&163.1789632712821|73199&4&63.02777059791543|73200&4&1392.8237459239997|73209&4&358.055616254957|73210&4&577.0073340889|73237&4&793.2517977652989|73249&4&727.7624784743643|73255&4&668.6121494704225|73258&4&393.9100214930959|73260&4&638.5302537782784|73265&4&58.63970559832224|73266&4&1343.9096088364158|73278&4&3456.596680961792|73294&4&251.6890903236931,2|73195&4&5.076395841128912|73197&4&2.6645352591003757E-14|73198&4&0.0|73204&4&1192.7050356548582|73209&4&2132.097066584517|73217&4&1866.508922304546|73226&4&315.9915380797962|73227&4&13.077936299740378|73231&4&1612.421379624347|73234&4&1.2411295365539416|73235&4&52.77958924778016|73237&4&755.5562339040729|73246&4&920.0238365955927|73255&4&761.9161796945747|73258&4&1129.4620465689713|73261&4&303.8152154114672|73270&4&2414.864867483018|73271&4&54.37914142843936|73272&4&5.918611814937719|73274&4&915.2150993571877|73275&4&1279.7375692070373|73276&4&311.1318003549968|73284&4&0.21720644361481423|73287&4&643.9261941838843|73297&4&264.47719856369645,2|73193&4&81.27081913682528|73194&4&458.5014866668582|73197&4&26.87108993586433|73199&4&495.26328508438047|73202&4&183.6138673845229|73208&4&1131.268217713798|73211&4&1744.6127689023094|73214&4&678.4827135920202|73220&4&777.3329823686852|73228&4&1951.5870626952674|73229&4&297.3941135653149|73232&4&1367.704765624676|73235&4&782.4069826174147|73240&4&684.0274365114271|73241&4&106.43690257124246|73243&4&1038.3152592400568|73244&4&983.3335960855816|73248&4&257.9089327292494|73256&4&1042.0753923910472|73262&4&1131.3680056982041|73267&4&791.7076723250577|73276&4&668.8435865429674|73283&4&1449.4629725734378|73299&4&233.7799737433843
209|4,130,1,1,1,1,1,1,1,1,1,1,1,1,1,1,1,1,1,1,1,1,1,1,1,1,1,1,1,1,1,1,1,1,1,1,1,1,1,1,1,1,1,1,1,1,1,1,1,1,1,1,1,1,1,1,1,1,1,1,1,1,1,1,1,1,1,1,1,1,1,1,1,1,1,1,1,1,1,1,1,1,1,1,1,1,1,1,1,1,1,1,1,1,1,1,1,1,1,1,1,1,0,0,0,0,0,0,0,0,0,0,0,0,0,0,0,0,0,0,0,0,2|73189&4&763.2922742423335|73191&4&66.97880566137644|73199&4&331.51243095209986|73202&4&224.94349737220426|73206&4&1267.8397612486792|73210&4&363.1560604236828|73216&4&531.543624101502|73233&4&966.8508292492724|73239&4&1532.5964270435811|73242&4&1849.292084452351|73245&4&2415.2566279980574|73251&4&4.492191311684842|73252&4&1934.247152180148|73282&4&1082.8070178625799|73286&4&1.2079226507921703E-13|73300&4&133.55503767537994,2|73195&4&1985.122164583237|73196&4&1951.011786981534|73197&4&0.0|73206&4&207.5532941818455|73209&4&936.9780274111762|73214&4&79.1877212011671|73215&4&669.142016774852|73217&4&46.79495396897369|73240&4&389.64493084968143|73241&4&151.11906903187105|73249&4&1253.7531139530731|73256&4&280.20592725040626|73273&4&1026.6583793800846|73280&4&1511.5052378953585|73288&4&1434.4671966706935|73300&4&203.20968451251375,2|73191&4&350.4737097228004|73193&4&1132.8624762878567|73207&4&1711.6658577113803|73219&4&967.1171440815493|73221&4&2570.4208559574295|73229&4&87.26125311522233|73240&4&1118.3938127941133|73244&4&309.56794273260294|73247&4&318.5904585775985|73248&4&1338.45507210455|73257&4&486.31004661745527|73260&4&575.2065715334347|73262&4&1400.9143100288934|73268&4&52.54967195763328|73307&4&271.48024540561534,2|73189&4&87.0517469840783|73190&4&1186.3207615820543|73197&4&0.0|73201&4&2107.5750734390463|73202&4&151.48389866646917|73208&4&432.07928142070153|73210&4&11.102062574681241|73216&4&118.64840211905563|73222&4&2559.956170855585|73224&4&1045.9389481186768|73230&4&852.905883049955|73236&4&1854.0810857218507|73276&4&648.7848757524752|73277&4&667.1129699872563|73285&4&699.7216797399337|73306&4&64.1265803752456,2|73197&4&0.0|73203&4&181.43955043695928|73212&4&825.5895439498108|73213&4&1598.8181880658462|73216&4&251.14849599860045|73225&4&918.3048453686159|73229&4&82.44940654352501|73231&4&204.72707426018678|73237&4&301.31794784734757|73239&4&349.7333283337271|73241&4&359.53098872286046|73257&4&1710.4207443755004|73261&4&814.8155854415166|73268&4&1604.953148816946|73269&4&504.1206363175898|73282&4&1364.546420244226|73286&4&3209.7964521932126|73297&4&167.47553576058192|73306&4&203.29990691403182,2|73189&4&210.0674084874442|73191&4&148.8987691803629|73192&4&438.97885684520463|73215&4&212.8745625135207|73228&4&1.979197959644588|73229&4&43.41856368235031|73238&4&1301.0954567514648|73243&4&81.68937781122574|73250&4&705.6200810036045|73253&4&2504.8982691084025|73255&4&925.0932465169304|73263&4&2462.86920582561|73265&4&511.92258360786076|73269&4&17.838405514845636|73279&4&1013.8724353154746|73282&4&534.4899388889298|73301&4&12.161987862640206,2|73191&4&151.3821822185123|73194&4&254.0539253584007|73204&4&522.4321232833729|73205&4&361.1235234472131|73207&4&482.44513922180283|73211&4&208.43751520250783|73212&4&80.24964242043417|73218&4&1634.5770155335595|73223&4&1685.9141761986752|73229&4&-3.907985046680551E-14|73244&4&57.86043248177774|73246&4&69.30717239155314|73248&4&617.5068242872112|73254&4&1750.957489992258|73256&4&3.907985046680551E-14|73262&4&12.367771848310444|73264&4&439.9312878965451|73275&4&548.1739491129044|73285&4&312.1623723689461|73295&4&20.79785038394306,2|73189&4&81.10094939078186|73192&4&643.1548827967408|73199&4&42.17034687114557|73200&4&1478.3533706044827|73209&4&273.32646420477056|73210&4&517.2639448542465|73220&4&99.43668887728535|73237&4&681.6691485073868|73249&4&879.6089604468448|73255&4&570.5484629371174|73258&4&334.9514271744461|73260&4&868.5352171402118|73265&4&55.38194417619322|73266&4&1293.2548883428467|73278&4&3366.9479338400033|73294&4&281.56486341324774,2|73195&4&2.3909609913518746|73198&4&168.2718610670447|73204&4&1050.8812653504804|73209&4&2325.1225881643563|73217&4&1686.0150650869336|73226&4&412.12651961206126|73227&4&11.988108274762013|73231&4&1716.0435601496283|73234&4&1.1721778956342783|73235&4&27.0389394027876|73237&4&738.1497645906211|73246&4&865.5235874219293|73255&4&711.728514520133|73258&4&1071.001566553878|73261&4&282.4651306923541|73270&4&2204.080935340887|73271&4&304.5375718464767|73272&4&5.622681224190833|73274&4&849.1787673555252|73275&4&1232.4127117633932|73276&4&232.98981946922683|73284&4&0.2004982556444439|73287&4&619.3108436388277|73297&4&311.09585787794924,2|73193&4&43.7209492832452|73194&4&425.87448343747906|73197&4&0.0|73199&4&437.5665166556238|73202&4&168.5716032996536|73208&4&1047.4359017646411|73211&4&1916.6547789056006|73214&4&635.8748990867994|73220&4&724.0394148657651|73228&4&2147.2373819054146|73229&4&596.9203688996533|73232&4&1496.36539549882|73235&4&756.6498405652922|73240&4&628.2882883809255|73241&4&87.00953576661247|73243&4&1045.0347833930475|73244&4&1060.1987002477288|73248&4&235.15620563817617|73256&4&933.7923998632335|73262&4&1016.9666377292057|73267&4&727.9009165002388|73276&4&616.6583913164324|73283&4&1442.8339738126688|73299&4&202.67192494788026
210|4,130,1,1,1,1,1,1,1,1,1,1,1,1,1,1,1,1,1,1,1,1,1,1,1,1,1,1,1,1,1,1,1,1,1,1,1,1,1,1,1,1,1,1,1,1,1,1,1,1,1,1,1,1,1,1,1,1,1,1,1,1,1,1,1,1,1,1,1,1,1,1,1,1,1,1,1,1,1,1,1,1,1,1,1,1,1,1,1,1,1,1,1,1,1,1,1,1,1,1,1,1,0,0,0,0,0,0,0,0,0,0,0,0,0,0,0,0,0,0,0,0,2|73189&4&1328.5859775264407|73191&4&61.13799433181279|73199&4&545.5887672597262|73202&4&211.88927368171022|73206&4&1149.113498225494|73210&4&340.84404158212396|73216&4&583.5003744870912|73233&4&894.6160095797546|73239&4&1517.0432823037504|73242&4&1854.9222482049968|73245&4&2555.1070217423894|73251&4&158.7448563445601|73252&4&2023.360072567004|73282&4&1050.4892335062584|73300&4&123.6932119715035,2|73195&4&2068.647668968319|73196&4&1858.4894136854473|73206&4&690.025248088577|73209&4&828.1472565595336|73214&4&50.96365507320801|73215&4&599.6963010722519|73217&4&236.14954437828115|73240&4&297.9432926266761|73241&4&132.22918540288717|73249&4&1120.2808128601519|73256&4&469.239234642894|73273&4&1049.822244214284|73280&4&1376.1610252118865|73288&4&1598.0605454667082|73300&4&173.493413020522,2|73191&4&326.5097594736374|73193&4&1171.6416444927895|73207&4&1680.1882251351285|73219&4&869.4576840905288|73221&4&2804.7982327033465|73229&4&81.44002005792889|73240&4&1215.7924878887854|73244&4&272.4456492146726|73247&4&284.1815278036554|73248&4&1259.4157922755612|73257&4&400.8210366564047|73260&4&516.6750825615526|73262&4&1927.6158234582645|73268&4&33.17269467296878|73269&4&70.57706421227493|73307&4&247.8625822211117,2|73189&4&48.62037551557351|73190&4&1153.7752125351508|73201&4&2043.5699434279395|73202&4&108.17031029255578|73208&4&330.7351173142504|73210&4&5.551031287340596|73216&4&89.94158736250674|73222&4&2355.5586570109426|73224&4&949.938387411418|73230&4&945.0952756134263|73236&4&1784.3752131509877|73254&4&157.59537575600018|73276&4&701.0283562129413|73277&4&636.3043138071051|73285&4&661.1112927545404|73306&4&58.29689125022327,2|73203&4&162.71875144921637|73212&4&889.0704147332821|73213&4&1531.8702687675254|73216&4&222.97309040476213|73225&4&839.5371427573072|73229&4&65.39587222850912|73231&4&147.327339783016|73237&4&274.8834392868332|73239&4&294.1864222435022|73241&4&333.16122689714837|73257&4&1656.3321314456593|73261&4&694.6021306482037|73268&4&1466.7205863243425|73269&4&450.8501140915877|73282&4&1267.6598097090243|73286&4&3248.9798946097626|73297&4&150.17144384301625|73306&4&190.21424956176983,2|73189&4&176.48947383984367|73191&4&116.34843076273992|73192&4&382.1866383559945|73215&4&154.08892711648244|73228&4&1.3766765505351941E-14|73229&4&37.99124322205652|73238&4&1554.078451133319|73243&4&39.283486039504936|73250&4&625.4147441497473|73253&4&2305.272506920586|73255&4&1386.3919951694465|73263&4&2646.3945007058337|73265&4&459.3237348120608|73269&4&7.311271555144394|73279&4&930.5089380715024|73282&4&464.5519265385562|73301&4&9.729590290112164,2|73191&4&247.72533973603765|73194&4&221.50449969715916|73204&4&627.6262899988064|73205&4&328.7876323700536|73207&4&400.4825025783621|73211&4&140.78921953284964|73212&4&61.40478403197176|73218&4&1735.7704199524514|73223&4&1642.696828708973|73244&4&25.888627849446117|73246&4&47.134908040287904|73248&4&531.8564555369924|73254&4&1580.7708599718528|73262&4&0.0|73264&4&405.0657206341503|73275&4&444.7456433081486|73285&4&264.53114554882757|73295&4&14.619245535407938,2|73189&4&72.69867016683116|73192&4&841.1137342046826|73199&4&22.867798258167014|73200&4&1600.700404537402|73209&4&196.8924473526871|73210&4&457.5205556195929|73220&4&115.37105140998865|73237&4&577.7137059925176|73249&4&1267.1578549584397|73255&4&472.9115635785338|73258&4&282.8906219625036|73260&4&823.066103762151|73265&4&52.12418275406421|73266&4&1215.1957597306846|73278&4&3089.410937083501|73294&4&286.0405725737411,2|73195&4&-1.0658141036401503E-14|73198&4&159.85826801369248|73204&4&924.5375705123499|73209&4&2544.532464229993|73217&4&1505.5212078693214|73226&4&413.1209457272052|73227&4&18.64738280928563|73231&4&1624.0155659971401|73234&4&0.0|73235&4&5.985077140298234|73237&4&770.8751883438864|73246&4&811.0233382482659|73255&4&661.5408493456912|73258&4&1041.3916016504572|73261&4&377.99034980430173|73270&4&2389.9491627886346|73271&4&653.5882431425769|73272&4&5.326750633443947|73274&4&783.1424353538628|73275&4&1415.7367284332895|73276&4&164.7494996308473|73284&4&53.18977767469929|73287&4&584.7072617799766|73297&4&359.50574535562134,2|73193&4&19.2708760199937|73194&4&471.6402896884997|73199&4&379.86974822686705|73202&4&153.52933921478424|73208&4&1404.6109453835736|73211&4&2178.036283507441|73214&4&630.8593824867264|73220&4&670.7458473628452|73228&4&2099.326592538227|73229&4&608.7295780784725|73232&4&1792.8805831859358|73235&4&1384.89729454689|73240&4&572.5491402504238|73241&4&67.58216896198249|73243&4&1244.3236125563453|73244&4&1567.2031756445776|73248&4&212.403478547103|73256&4&825.5094073354196|73262&4&902.565269760207|73267&4&664.0941606754197|73276&4&564.4731960898973|73283&4&1321.897581563689|73299&4&252.19564097826947
211|4,130,1,1,1,1,1,1,1,1,1,1,1,1,1,1,1,1,1,1,1,1,1,1,1,1,1,1,1,1,1,1,1,1,1,1,1,1,1,1,1,1,1,1,1,1,1,1,1,1,1,1,1,1,1,1,1,1,1,1,1,1,1,1,1,1,1,1,1,1,1,1,1,1,1,1,1,1,1,1,1,1,1,1,1,1,1,1,1,1,1,1,1,1,1,1,1,1,1,1,1,1,0,0,0,0,0,0,0,0,0,0,0,0,0,0,0,0,0,0,0,0,2|73189&4&1497.3230152516203|73191&4&55.297183002249156|73199&4&669.4262394935151|73202&4&205.087672459042|73206&4&1043.8247220355515|73210&4&318.532022740565|73216&4&546.1991540876031|73233&4&1108.0793931551634|73239&4&1416.7990643035205|73242&4&2123.2596456972815|73245&4&2686.924783743192|73251&4&150.7177697010984|73252&4&2054.9779602443236|73282&4&1016.6562974633713|73300&4&117.34031330945822,2|73195&4&1885.2834293644032|73196&4&1834.0900334341138|73206&4&740.0919233660753|73209&4&719.316485707891|73214&4&26.203657934968668|73215&4&656.3411983670749|73217&4&822.3088173767853|73240&4&206.91431078265126|73241&4&113.33930177390329|73249&4&1005.3229659211688|73256&4&639.2906692091697|73273&4&1098.5752958912701|73280&4&1383.5914139567358|73288&4&1721.2120767243005|73300&4&148.2820424941794,2|73191&4&302.54580922447445|73193&4&1086.2656912654693|73207&4&1575.9091672329616|73219&4&777.1767479575266|73221&4&3243.263543019055|73229&4&75.61878700063545|73240&4&1589.4692458715576|73244&4&235.32335569674228|73247&4&249.77259702971224|73248&4&1180.3765124465724|73257&4&321.9600751142224|73260&4&458.1435935896706|73262&4&2336.6107446408196|73268&4&13.795717388304285|73269&4&199.1939134902284|73307&4&315.9358679872371,2|73189&4&27.45676191419801|73190&4&1082.5862949328107|73193&4&78.15079944510444|73201&4&2246.6153700199898|73202&4&64.85672191864242|73208&4&244.5306293497206|73210&4&86.80630076113579|73216&4&61.23477260595787|73222&4&2194.8214232851083|73224&4&854.4399163068988|73230&4&1085.0113335024946|73236&4&1609.0461029471626|73254&4&463.1912674520562|73276&4&858.021364319604|73277&4&624.0182942491601|73285&4&622.500905769147|73287&4&40.04567846205978|73306&4&52.46720212520094,2|73203&4&143.99795246147346|73212&4&1046.4633632970335|73213&4&1559.3551013602341|73216&4&194.79768481092378|73225&4&760.7694401459983|73229&4&48.342337913493225|73231&4&97.22029644377362|73237&4&248.4489307263189|73239&4&245.30512277246643|73241&4&306.7914650714364|73257&4&1531.8174385563884|73261&4&575.011224054964|73268&4&1585.186233611678|73269&4&397.5795918655857|73282&4&1170.7731991738228|73286&4&2993.1420491760937|73297&4&132.86735192545058|73306&4&177.12859220950787,2|73189&4&142.91153919224314|73191&4&84.84586152195504|73192&4&331.0313097980553|73215&4&97.23718198276671|73229&4&32.563922761762726|73238&4&1496.098322143111|73243&4&14.157967471576182|73250&4&545.2094072958903|73253&4&2345.4581801570075|73255&4&1637.6340052470705|73259&4&86.95449136618676|73263&4&2613.9298911627907|73265&4&406.724886016261|73269&4&1.2434497875801753E-14|73279&4&860.6595687738983|73282&4&394.6139141881825|73301&4&7.29719271758412,2|73191&4&234.7150128773536|73194&4&190.94352868263908|73204&4&624.6458101435442|73205&4&296.4517412928941|73207&4&322.21337459544986|73211&4&91.17430503409042|73212&4&47.547712970221376|73218&4&1693.7325665041276|73223&4&1510.6631073138406|73244&4&8.493515743225567|73246&4&24.962643689022663|73248&4&453.0285516975053|73254&4&1411.8047231903108|73264&4&370.2001533717555|73275&4&359.0799052248822|73285&4&219.9425234134215|73295&4&10.693369092239077,2|73189&4&64.29639094288046|73192&4&865.5809413102618|73197&4&134.59602122656804|73199&4&13.843130226540111|73200&4&1479.1299905078638|73209&4&131.7800111225372|73210&4&397.7771663849393|73220&4&109.353907117296|73237&4&473.7582634776485|73249&4&1290.8031718323052|73255&4&394.9391956839827|73258&4&230.82981675056112|73260&4&777.5969903840901|73265&4&48.86642133193519|73266&4&1458.1939012105868|73278&4&2811.873940326999|73294&4&339.4858032720888,2|73198&4&151.44467496034025|73204&4&799.4737141240855|73209&4&2669.2690469599165|73217&4&1329.894760489825|73226&4&418.0233314039335|73227&4&64.94788237994015|73231&4&1785.483512692062|73234&4&29.555167204737003|73235&4&1.5683517806123952|73237&4&1098.871344032496|73246&4&1119.815417081648|73255&4&611.3531841712494|73258&4&1073.7984862378034|73261&4&670.5002057031359|73270&4&2425.8753318227346|73271&4&615.8186916168472|73272&4&5.03082004269706|73274&4&717.1061033522003|73275&4&1534.987508613171|73276&4&102.89176745756615|73284&4&50.522770106377656|73287&4&537.2798065239746|73297&4&337.5990967863011,2|73193&4&6.349914901972748|73194&4&445.53683024914307|73199&4&322.17297979811036|73202&4&138.4870751299149|73208&4&1882.5801627455548|73211&4&2425.505190345476|73214&4&911.9826682845633|73220&4&619.6741060537311|73228&4&2143.728791785151|73229&4&649.2720279280663|73232&4&1666.5912587286339|73235&4&1300.2147224105697|73240&4&516.8099921199221|73241&4&48.1548021573525|73243&4&1503.1814305866085|73244&4&1930.57581167089|73248&4&189.6507514560298|73256&4&717.2264148076058|73262&4&788.1639017912083|73267&4&600.287404850601|73276&4&512.2880008633624|73283&4&1200.9611893147091|73299&4&219.1015514195548
212|4,130,1,1,1,1,1,1,1,1,1,1,1,1,1,1,1,1,1,1,1,1,1,1,1,1,1,1,1,1,1,1,1,1,1,1,1,1,1,1,1,1,1,1,1,1,1,1,1,1,1,1,1,1,1,1,1,1,1,1,1,1,1,1,1,1,1,1,1,1,1,1,1,1,1,1,1,1,1,1,1,1,1,1,1,1,1,1,1,1,1,1,1,1,1,1,1,1,1,1,1,1,0,0,0,0,0,0,0,0,0,0,0,0,0,0,0,0,0,0,0,0,2|73189&4&1403.3374141854051|73191&4&49.45637167268552|73199&4&629.8536378911244|73202&4&874.4538131960386|73206&4&938.5359458456089|73210&4&296.2200038990062|73216&4&508.89793368811524|73233&4&1311.6829756163847|73239&4&1316.5548463032903|73242&4&1946.3126948716417|73245&4&2455.838231214812|73251&4&0.0|73252&4&2097.7950858900367|73282&4&1146.1909524888822|73285&4&145.271643939279|73300&4&107.30304125349024,2|73195&4&1909.457574021705|73196&4&1902.5530698017428|73206&4&1044.4147785774423|73209&4&610.4857148562484|73214&4&11.44422689212228|73215&4&580.5909520146038|73217&4&1038.7773795396456|73240&4&136.76779801833152|73241&4&94.4494181449194|73249&4&892.5942944954944|73256&4&673.6091962469335|73273&4&1104.262069667202|73280&4&1297.0286612408745|73288&4&1874.7107640243921|73300&4&123.07067196783677,2|73191&4&278.5818589753115|73193&4&1000.8897380381493|73207&4&1733.607188572284|73219&4&1002.8505516184141|73221&4&3489.1741086928378|73229&4&69.79755394334201|73240&4&1755.566729928457|73244&4&198.20106217881195|73247&4&362.21920014489547|73248&4&1101.3372326175836|73257&4&250.54487531780202|73260&4&399.61210461778865|73262&4&2272.5157079198443|73268&4&-9.592326932761353E-14|73269&4&309.18050917498874|73307&4&347.5350317273464,2|73189&4&13.648772788092103|73190&4&1205.6824478147255|73193&4&295.6794554311438|73201&4&2213.637858719308|73202&4&30.040581945395733|73208&4&164.5530631215047|73210&4&286.9574563015681|73216&4&32.527957849409006|73222&4&2096.289489105855|73224&4&758.9414452023796|73230&4&987.6605671315865|73236&4&1484.4969859306739|73254&4&725.8836380548748|73276&4&932.6937125152378|73277&4&682.3943189396904|73285&4&583.8905187837538|73287&4&119.96023626744056|73306&4&46.637513000178615,2|73203&4&310.78985663577777|73212&4&1076.041238335516|73213&4&1428.5670873302042|73216&4&166.6222792170854|73225&4&911.3721089783429|73229&4&31.288803598477333|73231&4&58.396617097517534|73237&4&222.0144221658046|73239&4&202.35524457409224|73241&4&280.4217032457243|73257&4&1537.4795220154833|73261&4&477.95257865259185|73268&4&1640.896651977046|73269&4&344.30906963958364|73282&4&1073.886588638621|73286&4&2737.3042037424248|73297&4&115.5632600078849|73306&4&164.04293485724585,2|73189&4&109.33360454464258|73191&4&53.34329228117018|73192&4&287.9465479013594|73199&4&277.3405643747933|73215&4&57.76322888623788|73229&4&27.136602301468933|73238&4&1623.5315156356332|73243&4&0.0|73250&4&814.1377816245048|73253&4&2166.849343637902|73255&4&1656.6040671792396|73259&4&82.60676679787743|73263&4&3025.613286654691|73265&4&354.1260372204611|73279&4&774.5387238925025|73282&4&324.67590183780874|73301&4&4.8647951450560765,2|73191&4&322.0674089863593|73194&4&160.38255766811903|73204&4&663.9754476604587|73205&4&264.11585021573455|73207&4&243.9442466125377|73211&4&59.29946403600192|73212&4&35.094784129925834|73218&4&1653.9883667388985|73223&4&1494.5217330726912|73244&4&3.552713678800501E-15|73245&4&510.3317683977823|73246&4&13.596273878136369|73248&4&385.5882191682516|73254&4&1252.1333004145854|73264&4&335.33458610936066|73275&4&288.4794070214612|73285&4&175.35390127801543|73295&4&6.767492649070203,2|73189&4&55.89411171892977|73192&4&831.9114134355125|73197&4&127.86622016523964|73199&4&4.81846219491328|73200&4&1360.945774457792|73209&4&77.3803978249112|73210&4&338.0337771502857|73220&4&103.33676282460337|73237&4&1004.8209112646089|73249&4&1215.58294571254|73251&4&0.0|73255&4&332.51690838001036|73258&4&180.71178855460965|73260&4&732.1278770060292|73265&4&45.60865990980618|73266&4&1654.6456509672298|73278&4&2625.945215950034|73294&4&312.72027076377077,2|73198&4&143.03108190698802|73204&4&674.4098577358209|73209&4&2804.3253214841984|73217&4&1176.6892505437638|73226&4&383.510579443347|73227&4&221.02415209483127|73231&4&1963.4832203389974|73234&4&28.07740884450015|73235&4&9.325873406851315E-15|73237&4&1034.2450330079546|73246&4&1065.4815151373568|73255&4&561.1655189968076|73258&4&1230.6366347638634|73261&4&913.0844351563029|73270&4&2422.226572895392|73271&4&580.6606618217081|73272&4&4.734889451950174|73274&4&651.2692428528612|73275&4&1432.9215931596934|73276&4&52.656622262181415|73284&4&0.0|73287&4&493.54034581558966|73297&4&315.692448216981,2|73193&4&-1.2434497875801753E-14|73194&4&408.46802733254185|73199&4&264.4762113693536|73202&4&123.44481104504557|73208&4&2019.7107154542427|73211&4&2360.266130040445|73214&4&851.2147031241694|73220&4&568.6023647446171|73228&4&2258.792843510047|73229&4&665.4431391023558|73232&4&1529.2051020871604|73235&4&1208.858322517212|73240&4&461.07084398942027|73241&4&28.727435352722512|73243&4&1728.1858253458024|73244&4&2015.0203668862905|73248&4&166.8980243649566|73256&4&627.2526657304977|73262&4&688.895627241794|73267&4&536.480649025782|73276&4&460.1028056368275|73283&4&1185.219415146156|73299&4&270.60278053231684
213|4,130,1,1,1,1,1,1,1,1,1,1,1,1,1,1,1,1,1,1,1,1,1,1,1,1,1,1,1,1,1,1,1,1,1,1,1,1,1,1,1,1,1,1,1,1,1,1,1,1,1,1,1,1,1,1,1,1,1,1,1,1,1,1,1,1,1,1,1,1,1,1,1,1,1,1,1,1,1,1,1,1,1,1,1,1,1,1,1,1,1,1,1,1,1,1,1,1,1,1,1,1,0,0,0,0,0,0,0,0,0,0,0,0,0,0,0,0,0,0,0,0,2|73189&4&1581.716851621678|73191&4&43.61556034312188|73199&4&590.2810362887336|73202&4&1067.481603708682|73206&4&849.7754716762853|73210&4&273.9079850574473|73216&4&0.0|73233&4&1495.8155872896036|73239&4&1429.113279862898|73242&4&2024.3500058152783|73245&4&2236.288094092456|73252&4&1909.7430777884215|73282&4&1352.2037479772998|73285&4&299.4822125279256|73300&4&166.5902583191236,2|73195&4&2339.2939756525466|73196&4&1788.6432338805223|73206&4&987.9604247968339|73209&4&501.6549440046059|73214&4&-7.460698725481052E-14|73215&4&1112.3478758372646|73217&4&1075.6788584089777|73240&4&75.90938400771631|73241&4&75.55953451593552|73249&4&779.8656230698201|73256&4&648.9978488040819|73273&4&1056.2358720541058|73280&4&1167.333510865757|73288&4&2084.5713616027015|73300&4&97.85930144149417,2|73191&4&254.61790872614853|73193&4&915.513784810829|73207&4&2184.021421357208|73219&4&888.7420559422524|73221&4&3428.8678665539537|73229&4&63.97632088604857|73240&4&2093.2760387092057|73244&4&161.07876866088162|73247&4&582.3317017633867|73248&4&1022.297952788595|73257&4&187.3314990837003|73260&4&341.0806156459066|73262&4&2134.3458660849165|73269&4&401.4702967396757|73307&4&316.3427523767041,2|73189&4&-6.039613253960852E-14|73190&4&1244.7363475553416|73193&4&280.70010566097386|73201&4&2427.065580583325|73202&4&12.93604546687822|73208&4&104.48796542147474|73210&4&322.276822213331|73216&4&0.0|73222&4&1917.5283533150991|73224&4&677.6136403956955|73230&4&890.3098007606785|73236&4&1882.2482369157428|73254&4&688.0177901221414|73276&4&1410.684356313662|73277&4&935.0936924533216|73285&4&545.2801317983605|73287&4&210.39790767690548|73306&4&70.25338692799383,2|73203&4&304.64327780646414|73212&4&992.4260832917022|73213&4&1362.623276636397|73216&4&0.0|73225&4&959.384112374064|73229&4&14.235269283461442|73231&4&25.42491869384202|73237&4&195.57991360529024|73239&4&159.40536637571805|73241&4&365.1675989909414|73257&4&1582.8402962128362|73261&4&388.65675634629247|73268&4&1840.6097704726496|73269&4&298.9954209505054|73282&4&976.9999781034194|73286&4&2481.466358308756|73297&4&98.25916809031925|73306&4&150.9572775049839,2|73189&4&75.75566989704204|73191&4&24.246158684221918|73192&4&250.94113925001596|73199&4&296.5157319273216|73214&4&229.13471260263393|73215&4&20.022893286618284|73229&4&21.70928184117514|73238&4&1794.9363110429827|73250&4&946.3958397991707|73253&4&2052.820229932082|73255&4&1782.2258664467138|73259&4&78.2590422295681|73263&4&3349.1547338774935|73265&4&301.5271884246613|73279&4&791.0515351553349|73282&4&260.1638417106711|73301&4&2.432397572528033,2|73191&4&609.1983812580561|73194&4&129.82158665359896|73204&4&980.9350375731505|73205&4&550.8507546425426|73207&4&170.18875928169442|73211&4&30.651952517371996|73212&4&28.075827303940688|73218&4&1802.8007196848394|73223&4&1510.492845032859|73245&4&744.1317448493742|73246&4&5.775618397922102|73248&4&572.1702085782445|73254&4&1107.674142078382|73264&4&300.4690188469658|73275&4&217.87890881804017|73285&4&132.63632563784188|73295&4&4.511661766046798,2|73189&4&47.49183249497907|73192&4&783.4842609211254|73197&4&121.13641910391124|73199&4&2.1316282072803006E-14|73200&4&1242.7615584077203|73209&4&27.181136554685136|73210&4&278.29038791563215|73220&4&97.31961853191072|73230&4&35.240185888886685|73237&4&901.5896084528821|73249&4&1140.362719592775|73251&4&62.678448916132254|73255&4&273.2999562928791|73258&4&137.83432818806148|73260&4&686.6587636279683|73265&4&42.35089848767716|73266&4&1832.4939507023237|73278&4&2950.1393429956406|73294&4&288.06540813121075,2|73198&4&134.6174888536358|73204&4&549.3460013475564|73209&4&3160.207798827568|73217&4&1033.5135603128845|73226&4&558.9251350427555|73227&4&209.16085770549614|73231&4&2096.811015184409|73234&4&26.5996504842633|73237&4&969.6187219834133|73246&4&1081.431115371526|73255&4&510.9778538223658|73258&4&1188.3425470169454|73261&4&1054.988001763615|73270&4&2533.9029100942244|73271&4&545.5026320265692|73272&4&4.438958861203288|73274&4&726.1087900017376|73275&4&1604.3365576400652|73276&4&18.43180900888545|73287&4&450.3461933010354|73297&4&314.2928186755873,2|73194&4&371.3992244159407|73199&4&206.7794429405969|73202&4&108.40254696017622|73208&4&2048.7519019495567|73211&4&2272.527657137578|73214&4&790.4467379637754|73220&4&517.5306234355031|73228&4&2108.8463205561466|73229&4&656.4757941437774|73232&4&1390.0158064342297|73235&4&1144.6194653615494|73240&4&405.3316958589185|73241&4&9.300068548092527|73243&4&1817.3720679465196|73244&4&1878.105436759022|73248&4&144.14529727388344|73256&4&550.3253201474611|73262&4&592.9901253286564|73267&4&472.673893200963|73276&4&407.9176104102926|73283&4&1201.0431024995523|73299&4&240.02302730709533
214|4,130,1,1,1,1,1,1,1,1,1,1,1,1,1,1,1,1,1,1,1,1,1,1,1,1,1,1,1,1,1,1,1,1,1,1,1,1,1,1,1,1,1,1,1,1,1,1,1,1,1,1,1,1,1,1,1,1,1,1,1,1,1,1,1,1,1,1,1,1,1,1,1,1,1,1,1,1,1,1,1,1,1,1,1,1,1,1,1,1,1,1,1,1,1,1,1,1,1,1,1,1,0,0,0,0,0,0,0,0,0,0,0,0,0,0,0,0,0,0,0,0,2|73189&4&1748.2596728754165|73191&4&37.774749013558235|73199&4&550.7084346863428|73202&4&1009.7241362502964|73206&4&761.4933123345357|73210&4&251.59596621588844|73216&4&0.0|73233&4&1545.282392221941|73239&4&1608.4017133356163|73242&4&1840.1911302664128|73245&4&2027.2223471968505|73252&4&1825.6382850566092|73282&4&1465.392531184942|73285&4&413.3747511676229|73300&4&240.72342512348803,2|73195&4&2310.8471148449426|73196&4&2018.073015040837|73206&4&931.5060710162253|73209&4&392.82417315296334|73215&4&1789.6736805748849|73217&4&1276.1004560027773|73240&4&30.468737491548893|73241&4&56.66965088695165|73249&4&667.1369516441457|73256&4&677.8669902511593|73273&4&975.031397302047|73280&4&1106.417627444126|73288&4&2149.1561551961468|73300&4&73.06998261060133,2|73191&4&230.6539584769856|73193&4&830.1378315835088|73207&4&2038.2539022605083|73219&4&774.6335602660905|73221&4&3167.538180724334|73229&4&58.15508782875513|73240&4&2445.618965502484|73244&4&123.95647514295129|73247&4&539.5929919574104|73248&4&943.2586729596062|73257&4&127.6747364856183|73260&4&282.5491266740246|73262&4&1996.1760242499886|73269&4&379.9064185736075|73307&4&375.0706793865004,2|73190&4&1399.7467149860595|73193&4&271.5908683381112|73201&4&2560.2276532309397|73202&4&4.865402148068824|73208&4&59.57021709709011|73210&4&583.5264267455934|73222&4&1953.7220317013876|73224&4&600.1044292947784|73230&4&799.760881595675|73236&4&1709.3671836202816|73254&4&948.312061773117|73276&4&1962.0701888360181|73277&4&989.2533088308186|73285&4&506.66974481296717|73287&4&199.47299179642872|73306&4&117.21878592009057,2|73203&4&278.44201773094073|73212&4&908.8109282478885|73213&4&1242.214157528563|73225&4&875.5307331033799|73229&4&3.3680754318751447|73231&4&5.671683397926794|73237&4&169.14540504477594|73239&4&116.68635617369964|73241&4&644.3253830366241|73257&4&1583.202285318734|73261&4&307.22440499496435|73268&4&1958.8011656043889|73269&4&258.3423965314274|73282&4&880.1133675682177|73286&4&2289.4125738330076|73297&4&80.95507617275358|73306&4&137.87162015272187,2|73189&4&42.1777352494415|73191&4&7.230392456974236|73192&4&216.560871206169|73199&4&580.1122196417683|73214&4&217.67797697250222|73215&4&-1.9895196601282805E-13|73229&4&16.28196138088135|73238&4&1921.9384565908108|73250&4&1309.3465250279883|73253&4&1849.8157873255957|73255&4&2073.3268152220703|73259&4&73.91131766125876|73263&4&3398.783371642081|73265&4&248.92833962886138|73279&4&684.5769942637114|73282&4&209.51995602586243|73301&4&-1.0658141036401503E-14,2|73191&4&833.723027415243|73194&4&99.26061563907889|73204&4&1415.8379168639365|73205&4&512.7893387654615|73207&4&708.5825260460598|73211&4&10.392005290205894|73212&4&21.056870477955506|73218&4&1991.7887719357109|73223&4&1372.497042058273|73232&4&258.6723850205118|73236&4&498.6995402371802|73245&4&799.8089106318372|73246&4&2.887809198961037|73248&4&900.5488447169315|73254&4&963.7085168383672|73264&4&265.6034515845711|73275&4&148.88834552976104|73285&4&101.44775514092626|73295&4&2.2558308830234024,2|73189&4&39.089553271028365|73192&4&750.4062783282365|73197&4&114.40661804258283|73200&4&1124.5773423576481|73209&4&1.0658141036401503E-13|73210&4&218.54699868097856|73220&4&91.30247423921807|73230&4&165.79027114243644|73237&4&798.3583056411552|73249&4&1153.087225148989|73251&4&291.08341692914456|73255&4&221.209218576294|73258&4&94.95686782151333|73260&4&865.6544900518247|73265&4&39.09313706554815|73266&4&1780.5920904687869|73278&4&3452.5938638749435|73294&4&263.4105454986507,2|73198&4&126.20389580028356|73204&4&440.59070848107024|73209&4&3387.9783867635815|73217&4&898.2990047424471|73226&4&604.8279179846465|73227&4&197.29756331616105|73231&4&2180.68825736265|73234&4&25.12189212402645|73237&4&904.9924109588719|73246&4&1003.3731509165403|73255&4&460.79018864792397|73258&4&1101.4215379183775|73261&4&1178.1675937087923|73270&4&2611.388542720011|73271&4&510.3446022314302|73272&4&4.143028270456401|73274&4&658.4211157632005|73275&4&2061.146735037153|73276&4&8.526512829121202E-14|73287&4&409.6290441486055|73297&4&370.02564620484253,2|73194&4&334.3304214993394|73199&4&149.0826745118402|73202&4&93.3602828753069|73208&4&2178.4715433888377|73211&4&2558.915619590657|73214&4&729.6787728033815|73220&4&466.4588821263891|73228&4&1904.4561397568436|73229&4&686.2964651456914|73232&4&1250.8265107812992|73235&4&1150.0338655001437|73240&4&349.59254772841683|73241&4&6.039613253960852E-14|73243&4&1712.5214926302408|73244&4&1741.1905066317536|73248&4&121.39257018281023|73256&4&473.3979745644246|73262&4&498.28337005991193|73267&4&408.86713737614394|73276&4&355.73241518375767|73283&4&1082.068577301492|73299&4&212.77884258232234
215|4,130,1,1,1,1,1,1,1,1,1,1,1,1,1,1,1,1,1,1,1,1,1,1,1,1,1,1,1,1,1,1,1,1,1,1,1,1,1,1,1,1,1,1,1,1,1,1,1,1,1,1,1,1,1,1,1,1,1,1,1,1,1,1,1,1,1,1,1,1,1,1,1,1,1,1,1,1,1,1,1,1,1,1,1,1,1,1,1,1,1,1,1,1,1,1,1,1,1,1,1,1,0,0,0,0,0,0,0,0,0,0,0,0,0,0,0,0,0,0,0,0,2|73189&4&1626.9484861718229|73191&4&31.9339376839946|73199&4&511.13583308395204|73202&4&950.1054368092509|73206&4&673.2111529927862|73210&4&229.28394737432956|73233&4&1771.4632861291934|73239&4&1483.0087235548472|73242&4&2168.7737529666556|73245&4&1823.1745125258362|73252&4&2139.91977560181|73282&4&1469.2194220984877|73285&4&555.2554478141145|73300&4&309.58120912694227,2|73195&4&2108.5276415743556|73196&4&2054.458724494465|73206&4&875.0517172356167|73209&4&283.99340230132077|73215&4&1644.3755052337149|73217&4&1381.0959241467617|73237&4&129.90736135075394|73240&4&9.023344024741844|73241&4&37.77976725796778|73249&4&554.4082802184713|73256&4&782.0786573068681|73273&4&893.8269225499884|73280&4&1223.9405247318887|73288&4&2181.3545887624714|73300&4&52.98278239489367,2|73191&4&206.69000822782266|73193&4&744.7618783561886|73207&4&1892.4863831638086|73219&4&660.5250645899287|73221&4&2858.4748921102596|73229&4&52.333854771461695|73240&4&2295.95456507398|73244&4&86.83418162502096|73247&4&528.0479517279163|73248&4&864.2193931306174|73257&4&73.92727196320578|73260&4&232.1227214566815|73262&4&1934.7100640369385|73269&4&473.5171203377215|73307&4&422.4564886101849,2|73190&4&1466.996409026876|73193&4&298.94762135702814|73201&4&2592.433489491324|73202&4&2.4327010740344406|73208&4&21.877865172620123|73210&4&552.551890163516|73222&4&2114.7401082813158|73224&4&792.9917706630731|73230&4&714.5771076648349|73236&4&1550.9279154281694|73254&4&1248.8132405063002|73276&4&2144.2203571401296|73277&4&940.4868287709014|73285&4&468.0593578275739|73287&4&188.54807591595193|73306&4&107.20345032893832,2|73203&4&249.20870747746145|73212&4&825.1957732040746|73213&4&1124.2274773644288|73225&4&891.088468430955|73229&4&-1.1546319456101628E-14|73231&4&1.2434497875801753E-14|73237&4&142.71089648426158|73239&4&83.01456127219024|73240&4&250.05484757071144|73241&4&662.8757730256191|73257&4&1561.2028565147796|73261&4&235.91464344094703|73268&4&2018.0050389291296|73269&4&218.0768399231028|73282&4&783.2267570330159|73286&4&2529.3443452313086|73297&4&63.65098425518791|73306&4&124.78596280045988,2|73189&4&23.55736994840241|73191&4&2.3092638912203256E-14|73192&4&182.18060316232203|73199&4&875.6444562500786|73214&4&206.22124134237052|73229&4&10.854640920587554|73238&4&1827.117479077196|73250&4&1528.427241424959|73253&4&1792.1353327466368|73255&4&2329.39911583307|73259&4&69.56359309294943|73263&4&3372.338766307241|73265&4&196.32949083306153|73279&4&925.6581868235147|73282&4&159.3729886257718,2|73191&4&926.8420286738158|73194&4&68.69964462455883|73204&4&2037.5911538880305|73205&4&474.72792288838036|73207&4&831.2801551253729|73211&4&3.144940446427883|73212&4&14.037913651970324|73218&4&1952.8734615077472|73223&4&1236.179252288571|73232&4&469.0571916909504|73236&4&473.7645632253212|73245&4&807.2120967590897|73246&4&0.0|73248&4&1083.633702620899|73254&4&830.2292524522239|73264&4&230.73788432217626|73275&4&91.7040355484014|73285&4&78.3714484029635|73295&4&7.105427357601002E-15,2|73189&4&30.687274047077665|73192&4&862.3019625955116|73197&4&122.71513399910188|73200&4&1006.3931263075763|73210&4&507.6164990298038|73220&4&85.28532994652542|73221&4&559.7164313721362|73227&4&275.996615432774|73230&4&243.0809989044788|73237&4&697.4820006958022|73249&4&1319.582657446424|73251&4&451.1685950297272|73255&4&179.59704068940235|73258&4&52.079407454965164|73260&4&828.6709274777784|73265&4&196.63322395229676|73266&4&2032.1210589977966|73278&4&3468.432679430364|73294&4&284.5044562798078,2|73198&4&117.79030274693133|73204&4&345.2217181735525|73209&4&3511.6002437483726|73217&4&785.0597547167972|73226&4&585.907838348635|73227&4&185.43426892682595|73231&4&2393.6237321935337|73234&4&23.644133763789597|73237&4&840.3660999343306|73246&4&925.315186461555|73255&4&410.60252347348217|73258&4&1317.6098794300178|73261&4&1212.845458267297|73270&4&2382.313627497615|73271&4&475.6982975094289|73272&4&3.8470976797095155|73274&4&590.7334415246637|73275&4&2453.754541366094|73284&4&377.52967996931517|73287&4&368.9118949961756|73297&4&343.16040533162754,2|73194&4&297.26161858273815|73199&4&104.02556684777936|73202&4&78.31801879043756|73208&4&2503.0118475946965|73211&4&2548.3358276497916|73214&4&668.9108076429876|73220&4&415.38714081727505|73228&4&2208.063291777735|73229&4&770.1278375556661|73232&4&1121.3426261400934|73235&4&1030.4452189092476|73240&4&293.8533995979151|73243&4&1563.528058917713|73244&4&1604.2755765044851|73248&4&98.63984309173705|73256&4&396.47062898138796|73262&4&403.5766147911675|73267&4&345.060381551325|73276&4&303.5472199572227|73283&4&963.0940521034322|73299&4&188.91386987777076
216|4,130,1,1,1,1,1,1,1,1,1,1,1,1,1,1,1,1,1,1,1,1,1,1,1,1,1,1,1,1,1,1,1,1,1,1,1,1,1,1,1,1,1,1,1,1,1,1,1,1,1,1,1,1,1,1,1,1,1,1,1,1,1,1,1,1,1,1,1,1,1,1,1,1,1,1,1,1,1,1,1,1,1,1,1,1,1,1,1,1,1,1,1,1,1,1,1,1,1,1,1,1,0,0,0,0,0,0,0,0,0,0,0,0,0,0,0,0,0,0,0,0,2|73189&4&1505.6372994682292|73191&4&26.09312635443096|73199&4&471.5632314815613|73202&4&1036.4079111028168|73206&4&584.9289936510366|73210&4&206.9719285327707|73216&4&413.7769973041903|73233&4&1830.7109071365567|73239&4&1534.5602941020807|73242&4&2203.404119927725|73245&4&1628.6479612179407|73252&4&2233.688538319252|73282&4&1373.1610983540468|73285&4&525.2726927689963|73300&4&372.90328293985414,2|73195&4&1909.929995697084|73196&4&2039.311600799569|73206&4&818.5973634550082|73209&4&199.38111296817027|73215&4&1499.077329892545|73217&4&1577.5114790026312|73237&4&467.0393030761119|73240&4&6.039613253960852E-14|73241&4&18.889883628983902|73249&4&454.13861927235774|73256&4&1006.5696945314635|73273&4&812.6224477979295|73280&4&1590.1199633512235|73288&4&2006.3953833205933|73300&4&37.90678020404576,2|73191&4&182.7260579786597|73193&4&661.3658159213239|73207&4&1746.7188640671088|73219&4&677.7287890524334|73221&4&2568.5954780613315|73229&4&46.51262171416826|73240&4&2146.2901646454766|73244&4&49.71188810709062|73247&4&487.70067117659363|73248&4&785.1801133016286|73257&4&36.67060878360021|73260&4&183.75255710438535|73262&4&1841.3266403644152|73269&4&446.19451317514427|73307&4&455.12370819468816,2|73190&4&1347.4376744354831|73193&4&281.5432855439202|73201&4&2608.345180603007|73202&4&0.0|73208&4&0.0|73210&4&521.5773535814384|73222&4&2574.847024380723|73224&4&1379.9925098487959|73230&4&637.8863230958431|73236&4&1392.488647236057|73254&4&1178.3756349621262|73276&4&2016.5381889458108|73277&4&968.9717810234686|73285&4&429.44897084218053|73287&4&194.1670586743693|73306&4&97.18811473778607,2|73203&4&492.6265531342372|73212&4&741.5806181602607|73213&4&1324.395166184619|73225&4&1011.0944516856382|73237&4&116.27638792374727|73239&4&49.34276637068085|73240&4&515.7552944725369|73241&4&809.266117248838|73257&4&1864.96366628107|73261&4&166.32526468366797|73268&4&1941.1743636007732|73269&4&183.7834024875255|73282&4&686.3401464978141|73286&4&2638.7068931880654|73297&4&46.346892337622236|73306&4&111.7003054481979,2|73189&4&8.414361110701895|73192&4&157.1295407273407|73199&4&1066.5822888066223|73214&4&194.76450571223882|73229&4&5.42732046029376|73236&4&121.06271065769113|73238&4&1787.805397524396|73250&4&1422.184357612249|73253&4&1590.5478890128281|73255&4&2231.102742696853|73259&4&65.2158685246401|73263&4&3148.3620087404897|73265&4&149.911860618798|73279&4&984.9404120681281|73282&4&109.22602122568117,2|73191&4&882.4200232775902|73194&4&38.138673610038765|73204&4&2215.9414128938515|73205&4&436.66650701129925|73207&4&912.4717297609973|73211&4&0.0|73212&4&7.018956825985142|73218&4&1777.3004356792742|73221&4&563.3334670353515|73223&4&1099.8614625188688|73232&4&444.95765114385165|73236&4&448.82958621346216|73245&4&988.0517551107619|73248&4&1295.3655592922396|73254&4&825.5844618337787|73264&4&195.87231705978144|73275&4&58.69353848211976|73285&4&60.89865830917559,2|73189&4&286.9062084495261|73192&4&805.0528368211628|73195&4&38.10704049580909|73197&4&115.2334170868811|73200&4&888.2089102575045|73210&4&632.545474965948|73220&4&79.26818565383277|73221&4&531.7306098035294|73227&4&262.19678466113527|73230&4&282.37075360175413|73237&4&603.5978607268846|73249&4&1364.342164017125|73251&4&427.71792580751315|73255&4&148.76400415736003|73258&4&20.343263085520086|73260&4&865.7230232299006|73265&4&356.3284519366341|73266&4&1976.6648076905396|73278&4&3274.4616158019853|73294&4&257.56215497656194,2|73198&4&109.3767096935791|73204&4&284.48839487896834|73209&4&3701.8476859738958|73217&4&686.0333831208576|73226&4&542.3936912923175|73227&4&173.57097453749083|73231&4&2351.625982597091|73234&4&0.0|73237&4&775.7397889097892|73246&4&847.2572220065695|73255&4&360.4148582990403|73258&4&1626.2709337610074|73261&4&1352.887824122973|73270&4&2153.2387122752193|73271&4&441.0519927874276|73272&4&3.5511670889626297|73274&4&523.0457672861268|73275&4&2282.5383114424876|73284&4&0.0|73287&4&328.2304342250303|73297&4&438.00718109460684,2|73194&4&341.8277659327873|73199&4&68.66083729843393|73202&4&63.27575470556823|73208&4&2944.9742062002742|73211&4&2337.628206163463|73214&4&608.1428424825938|73220&4&364.315399508161|73228&4&2164.0016390408628|73229&4&707.1445769255054|73232&4&1002.0984481595833|73235&4&1017.5345527822396|73240&4&238.11425146741334|73243&4&1481.4574273139374|73244&4&1467.3606463772164|73248&4&75.88711600066385|73256&4&326.34163334891383|73262&4&308.8698595224231|73267&4&281.25362572650596|73276&4&258.98590605824165|73283&4&1044.3558360316163|73299&4&173.26200095115277
217|4,130,1,1,1,1,1,1,1,1,1,1,1,1,1,1,1,1,1,1,1,1,1,1,1,1,1,1,1,1,1,1,1,1,1,1,1,1,1,1,1,1,1,1,1,1,1,1,1,1,1,1,1,1,1,1,1,1,1,1,1,1,1,1,1,1,1,1,1,1,1,1,1,1,1,1,1,1,1,1,1,1,1,1,1,1,1,1,1,1,1,1,1,1,1,1,1,1,1,1,1,1,0,0,0,0,0,0,0,0,0,0,0,0,0,0,0,0,0,0,0,0,2|73189&4&1384.3261127646356|73191&4&20.252315024867322|73199&4&431.99062987917046|73202&4&969.4931529750406|73206&4&496.6468343092871|73210&4&184.65990969121182|73216&4&407.36947964121407|73223&4&139.58989459406894|73233&4&1871.6865451813865|73239&4&1649.8257908072142|73242&4&2127.1851997790513|73245&4&1444.4505541817127|73252&4&2505.7819205905416|73282&4&1392.564548960096|73285&4&495.28993772387804|73300&4&346.40356961917695,2|73195&4&1720.108364200004|73196&4&2091.8993292854198|73206&4&906.2780231421436|73209&4&135.00845080799797|73215&4&1736.4780598108182|73217&4&1885.4466635405786|73237&4&657.3174343496555|73241&4&2.8421709430404007E-14|73249&4&366.17356731825487|73256&4&1301.5807241977218|73273&4&731.4179730458708|73280&4&1483.5905398222499|73288&4&2213.412666503924|73300&4&27.483554726835948,2|73191&4&158.76210772949673|73193&4&581.3741126700887|73207&4&1600.9513449704093|73219&4&924.0793582495937|73221&4&2298.779962002592|73229&4&40.69138865687482|73240&4&1996.6257642169726|73244&4&23.94987220943238|73247&4&450.02616363893327|73248&4&706.1408334726398|73257&4&11.29381436166636|73260&4&139.42765698789492|73262&4&2025.284964759495|73269&4&738.6845427248502|73307&4&499.56846516023063,2|73190&4&1317.512450599127|73193&4&264.13894973081227|73201&4&2667.727635092572|73210&4&490.6028169993609|73222&4&2361.416125455367|73224&4&1343.6274137554922|73230&4&568.6799170791098|73236&4&1240.7433533578696|73254&4&1107.9380294179523|73276&4&2149.0009934111836|73277&4&914.4747910127646|73285&4&390.83858385678724|73287&4&182.4149478619478|73306&4&87.17277914663381,2|73203&4&0.0|73212&4&657.9654631164468|73213&4&1287.864045713019|73225&4&1019.2759704765772|73237&4&89.84187936323293|73239&4&16.294151608947733|73240&4&639.147865176133|73241&4&928.1637505910728|73257&4&2232.164135177366|73261&4&114.52450651720845|73267&4&464.53194402525355|73268&4&1930.2699244986643|73269&4&149.48996505194813|73282&4&589.4535359626122|73286&4&2985.4325887451323|73297&4&29.042800420056565|73306&4&98.6146480959359,2|73189&4&-1.4210854715202004E-14|73192&4&134.69870156441291|73199&4&1133.3903556714554|73214&4&183.3077700821071|73229&4&-3.375077994860476E-14|73236&4&115.00957512480657|73238&4&2019.8558681109303|73250&4&1316.781291816514|73253&4&1974.6463657969161|73255&4&2081.0513113850084|73259&4&60.86814395633076|73263&4&3199.1321633881175|73265&4&113.21139530720387|73279&4&1127.4026147920094|73282&4&59.07905382559054,2|73191&4&828.8422458101248|73194&4&7.577702595518694|73204&4&2085.8194988356636|73205&4&398.6050911342181|73207&4&1070.2176364173197|73212&4&-4.085620730620576E-14|73218&4&1836.431442165803|73221&4&869.4362916022216|73223&4&963.5436727491668|73232&4&420.8581105967528|73236&4&423.89460920160315|73245&4&1337.1005280224822|73248&4&1572.7664328256133|73254&4&799.6520752061543|73264&4&161.00674979738665|73275&4&35.079889674877876|73285&4&43.72671621500128,2|73189&4&575.7902236584871|73192&4&747.803711046814|73195&4&282.3500842529245|73197&4&107.75170017466033|73200&4&770.0246942074327|73210&4&649.780696579758|73220&4&73.25104136114014|73221&4&503.7447882349226|73227&4&248.39695388949656|73230&4&267.11218320030014|73237&4&529.9663644973732|73249&4&1380.7164946408639|73251&4&404.26725658529904|73255&4&117.93096762531766|73258&4&7.73111811832461|73260&4&818.5116658819609|73265&4&356.8532798078817|73266&4&1936.5497446527615|73278&4&3308.81295727284|73294&4&258.9544226654873,2|73198&4&100.96311664022687|73204&4&235.1826863481644|73209&4&3831.0846851334636|73217&4&592.9443434395579|73226&4&521.1285267137837|73227&4&161.7076801481557|73231&4&2205.6209944265584|73237&4&711.1134778852478|73246&4&769.199257551584|73255&4&310.2271931245985|73258&4&1758.0341382241281|73261&4&1569.355652536803|73270&4&2201.5683283562457|73271&4&406.4056880654264|73272&4&3.255236498215744|73274&4&460.698621465626|73275&4&2111.3220815188806|73287&4&290.7675590256179|73297&4&504.6265903287442,2|73194&4&753.457423005626|73199&4&45.792060753644414|73202&4&48.233490620698895|73208&4&2865.5180228267427|73211&4&2150.767002644454|73214&4&547.3748773221998|73220&4&313.24365819904693|73228&4&2216.4154771727526|73229&4&688.3428011695378|73232&4&882.8542701790731|73235&4&1337.7910899531842|73240&4&182.3751033369116|73243&4&1750.9504133336602|73244&4&1330.4457162499477|73248&4&53.13438890959066|73256&4&267.66319709218874|73262&4&216.53375250350686|73267&4&217.446869901687|73276&4&214.4245921592607|73283&4&1088.6570868679787|73299&4&151.55974717182838
218|4,130,1,1,1,1,1,1,1,1,1,1,1,1,1,1,1,1,1,1,1,1,1,1,1,1,1,1,1,1,1,1,1,1,1,1,1,1,1,1,1,1,1,1,1,1,1,1,1,1,1,1,1,1,1,1,1,1,1,1,1,1,1,1,1,1,1,1,1,1,1,1,1,1,1,1,1,1,1,1,1,1,1,1,1,1,1,1,1,1,1,1,1,1,1,1,1,1,1,1,1,1,0,0,0,0,0,0,0,0,0,0,0,0,0,0,0,0,0,0,0,0,2|73189&4&1263.0149260610422|73191&4&14.411503695303683|73199&4&392.41802827677975|73202&4&926.0610275565718|73206&4&414.5443548827589|73210&4&162.34789084965294|73216&4&385.9665631658929|73223&4&441.968835879212|73233&4&1733.061930141649|73239&4&1667.3077666559411|73242&4&2027.8223304835935|73245&4&1264.4009879064472|73250&4&18.852919706075795|73252&4&2507.570426589724|73282&4&1378.3344323435442|73285&4&465.3071826787599|73300&4&364.64729455828194,2|73195&4&1539.1995767810372|73196&4&2449.8074831199337|73206&4&1170.1605156516462|73209&4&80.33370543043358|73215&4&1666.0330544094795|73217&4&1937.7116742796088|73237&4&1104.0123006742074|73249&4&290.13489932217294|73256&4&1221.313617134724|73273&4&717.564554045647|73280&4&1487.4027144632414|73288&4&2145.770324342395|73300&4&17.0603292496261,2|73191&4&134.7981574803338|73193&4&501.3824094188536|73207&4&1455.1838258737098|73219&4&0.0|73221&4&2056.063981440775|73229&4&34.87015559958139|73240&4&1846.961363788469|73244&4&2.5579538487363607E-13|73247&4&412.3516561012729|73248&4&627.1015536436512|73257&4&6.750155989720952E-14|73260&4&104.14511299727883|73262&4&2320.1909054684475|73269&4&695.3713037266587|73307&4&543.9479080749456,2|73190&4&1199.1045074746621|73193&4&246.73461391770434|73201&4&2486.0674080504614|73210&4&459.6282804172834|73222&4&2287.3564464768288|73224&4&1264.9687939494183|73230&4&499.4735110623766|73236&4&1088.9980594796818|73254&4&1037.5004238737783|73276&4&2008.3115765838802|73277&4&976.6948754702389|73285&4&352.22819687139395|73287&4&170.66283704952633|73306&4&77.15744355548156,2|73203&4&118.35239823670953|73212&4&574.3503080726329|73213&4&1168.3508610936399|73225&4&928.3230108471148|73237&4&63.40737080271861|73239&4&4.973799150320701E-14|73240&4&1112.8176947422246|73241&4&1016.5439892316427|73257&4&2182.9673031684824|73261&4&74.05773630781115|73267&4&574.5068964460747|73268&4&2528.9115653178033|73269&4&192.28688990558055|73282&4&492.5669254274105|73286&4&3390.5664147173775|73297&4&11.738708502490892|73306&4&85.52899074367392,2|73192&4&112.2678624014851|73199&4&1248.8307202805354|73214&4&219.8008911652346|73236&4&234.14288291061834|73238&4&2090.2262968575174|73250&4&1211.3782260207793|73253&4&2097.818775459147|73255&4&1930.9998800731632|73259&4&56.52041938802142|73263&4&3318.911080911349|73265&4&76.51092999560974|73279&4&1051.2046446080608|73282&4&21.077071794946526,2|73191&4&775.2644683426593|73194&4&0.0|73204&4&1955.6975847774756|73205&4&360.8462017280184|73207&4&997.9132296214158|73218&4&1849.0814317569161|73221&4&1182.30664834273|73223&4&827.2258829794646|73232&4&877.4958433713429|73236&4&398.9596321897441|73245&4&1478.6662125863006|73248&4&1482.2798065605955|73254&4&766.51773151927|73256&4&298.2180667153891|73264&4&458.3049771107293|73275&4&11.466240867636028|73285&4&26.554774120826977,2|73189&4&538.6310159975048|73192&4&690.554585272465|73195&4&299.75463242134913|73197&4&100.26998326243955|73200&4&651.8404781573608|73210&4&596.8436817473674|73220&4&178.2248231647352|73221&4&475.7589666663158|73227&4&234.59712311785785|73230&4&374.6668852236191|73237&4&465.61626626853075|73249&4&1677.1041357078216|73251&4&380.816587363085|73255&4&87.09793109327528|73258&4&5.798338588743514|73260&4&916.7992456083166|73265&4&639.9388920295974|73266&4&2086.915106911064|73275&4&201.73802544410205|73278&4&3204.3694460022275|73294&4&293.5624646970213,2|73198&4&314.86839552987647|73204&4&185.8769778173605|73209&4&3872.1987673757194|73217&4&512.009292255522|73226&4&512.4674931987835|73227&4&149.84438575882058|73231&4&2024.5191714253879|73237&4&646.4871668607065|73246&4&691.1412930965984|73255&4&260.0395279501567|73258&4&1622.7019571650362|73261&4&1610.9630540479307|73270&4&2130.3614256846377|73271&4&371.75938334342504|73272&4&2.959305907468858|73274&4&608.536096211923|73275&4&1940.1058515952743|73287&4&259.2880304376264|73297&4&466.6972360767613,2|73194&4&984.7683517233013|73199&4&26.16114668002614|73202&4&33.191226535829564|73208&4&2641.4270158272097|73211&4&2250.8145477575404|73214&4&486.606912161806|73220&4&262.17191688993285|73228&4&2076.615318645184|73229&4&787.4382930523427|73232&4&764.2757248952562|73235&4&1540.4984207603065|73240&4&126.63595520640985|73243&4&1875.1292025544535|73244&4&1311.8278431222582|73248&4&30.381661818517472|73256&4&220.1921227109246|73262&4&141.4245087554354|73267&4&153.93578299822062|73276&4&173.32543268098024|73283&4&1134.9853194177635|73299&4&134.75795116766918
219|4,130,1,1,1,1,1,1,1,1,1,1,1,1,1,1,1,1,1,1,1,1,1,1,1,1,1,1,1,1,1,1,1,1,1,1,1,1,1,1,1,1,1,1,1,1,1,1,1,1,1,1,1,1,1,1,1,1,1,1,1,1,1,1,1,1,1,1,1,1,1,1,1,1,1,1,1,1,1,1,1,1,1,1,1,1,1,1,1,1,1,1,1,1,1,1,1,1,1,1,1,1,0,0,0,0,0,0,0,0,0,0,0,0,0,0,0,0,0,0,0,0,2|73189&4&1141.7037393574485|73191&4&8.570692365740042|73199&4&352.84542667438893|73202&4&916.3131043221681|73206&4&349.97876460149394|73210&4&140.0358720080941|73216&4&364.5636466905717|73223&4&677.4124540480831|73233&4&1597.6804900694797|73239&4&1725.2630576909164|73242&4&1846.6905978789307|73245&4&1090.6229600822642|73250&4&125.33842069355626|73252&4&2376.8564521979797|73260&4&333.4660049306814|73282&4&1587.0957844661348|73285&4&435.3244276336416|73287&4&13.004680344721379|73300&4&422.90444779096936,2|73195&4&1365.9922917280064|73196&4&2479.877381946419|73206&4&1094.18635725595|73209&4&41.707159899931604|73215&4&1737.8074190247858|73217&4&2221.457427174375|73237&4&1576.9791405164474|73249&4&228.24493837539222|73256&4&1141.046510071726|73273&4&1022.6227728559187|73280&4&1341.0309804579902|73288&4&1996.9364480507095|73300&4&11.373552833084076,2|73191&4&110.83420723117085|73193&4&421.3907061676184|73207&4&1309.41630677701|73219&4&176.27931834758573|73221&4&1828.8830235696607|73229&4&29.04892254228795|73240&4&1697.296963359965|73247&4&374.6771485636126|73248&4&548.0622738146624|73260&4&70.49013133334964|73262&4&2546.1997950110617|73269&4&652.0580647284671|73307&4&586.5801659309477,2|73190&4&1189.1477635694832|73193&4&347.0543477401449|73201&4&2482.0848455775376|73210&4&428.6537438352059|73222&4&2188.366604656231|73224&4&1223.5415173391114|73230&4&430.26710504564323|73236&4&937.7667846707564|73254&4&967.0628183296044|73276&4&2038.843013010834|73277&4&899.2471150441554|73285&4&313.6178098860006|73287&4&158.91072623710483|73306&4&67.14210796432931,2|73203&4&112.43477832487406|73212&4&520.8314604217765|73213&4&1174.4316810874739|73225&4&837.370051217652|73237&4&36.972862242204286|73240&4&1053.535869020566|73241&4&1074.518327026115|73257&4&2177.183083634554|73261&4&40.95447007890829|73267&4&751.0533940796015|73268&4&2867.649650515177|73269&4&173.09261268278473|73282&4&395.6803148922088|73286&4&3165.8679594065134|73297&4&5.473647607548214|73306&4&72.44333339141193,2|73192&4&89.83702323855731|73199&4&1174.8776003804514|73214&4&389.44047405392996|73236&4&692.3135334306123|73238&4&2063.0867854256503|73250&4&1108.5855190800996|73253&4&2323.8081444686372|73255&4&1780.9484487613183|73259&4&52.172694819712085|73263&4&3323.001704950518|73265&4&55.009053193298314|73279&4&1122.6214233761013|73280&4&251.58552918806686|73282&4&8.13433373790892,2|73191&4&721.6866908751938|73204&4&1947.3866312143182|73205&4&324.34915076948323|73207&4&1118.8149803040883|73218&4&2080.242814233621|73221&4&1646.0886297559114|73223&4&710.2494590980198|73232&4&1167.981459423085|73236&4&374.0246551778851|73245&4&1711.333216228511|73248&4&1409.3282203480062|73254&4&1066.6899797156234|73256&4&283.3071633796197|73264&4&551.1243497295599|73275&4&6.750155989720952E-14|73285&4&9.382832026652672,2|73189&4&529.6220483802824|73192&4&633.3054594981162|73195&4&283.96099460834785|73197&4&92.78826635021878|73200&4&706.245878179313|73210&4&543.9066669149771|73220&4&330.82570398249527|73221&4&447.773145097709|73227&4&0.0|73230&4&594.1814491868715|73237&4&407.3306669468831|73249&4&1839.795064776265|73251&4&357.3659181408709|73255&4&56.2648945612329|73258&4&3.8655590591623428|73260&4&845.5517086584532|73265&4&614.9465001231134|73266&4&1921.0298978185424|73275&4&496.95611364778915|73278&4&2933.3432049389376|73294&4&326.92807088747406,2|73198&4&499.0978607634571|73204&4&139.97830749869354|73209&4&3755.510545158868|73217&4&436.48641994312726|73226&4&626.241719587993|73227&4&0.0|73228&4&419.892930265376|73231&4&1844.4783220507095|73235&4&323.74857576911825|73237&4&581.8608558361651|73246&4&613.083328641613|73255&4&209.85186277571484|73258&4&1487.3697761059445|73259&4&338.54974236544206|73261&4&1697.305461948108|73270&4&2482.247884129723|73271&4&337.11307862142377|73272&4&136.95504525996463|73274&4&825.9497877910317|73275&4&1768.8896216716673|73285&4&81.75052280497086|73287&4&227.80850184963495|73297&4&428.7678818247784,2|73194&4&915.2396930327486|73199&4&17.153500909275216|73202&4&21.34462972408456|73208&4&2417.336008827677|73211&4&2307.9488828643885|73214&4&425.83894700141207|73220&4&217.32306757708014|73228&4&1879.8770330898626|73229&4&944.3856294593619|73232&4&657.6483758208108|73235&4&1414.013262773598|73240&4&84.53237129979287|73243&4&1720.9517185048321|73244&4&1685.3926797892448|73248&4&11.236069410054109|73256&4&185.31667007584798|73262&4&75.57655124305613|73267&4&109.86134953254256|73276&4&142.6806589858542|73283&4&1178.0016239542297|73299&4&120.55950610357164
220|4,130,1,1,1,1,1,1,1,1,1,1,1,1,1,1,1,1,1,1,1,1,1,1,1,1,1,1,1,1,1,1,1,1,1,1,1,1,1,1,1,1,1,1,1,1,1,1,1,1,1,1,1,1,1,1,1,1,1,1,1,1,1,1,1,1,1,1,1,1,1,1,1,1,1,1,1,1,1,1,1,1,1,1,1,1,1,1,1,1,1,1,1,1,1,1,1,1,1,1,1,1,0,0,0,0,0,0,0,0,0,0,0,0,0,0,0,0,0,0,0,0,2|73189&4&1020.3925526538551|73191&4&2.7298810361764025|73199&4&313.2728250719981|73202&4&845.3071662324847|73206&4&285.72663210534387|73210&4&117.72385316653519|73216&4&343.1607302152505|73223&4&758.9687047172138|73233&4&1531.8123479034073|73239&4&1874.2880106149632|73242&4&1668.9271378533886|73245&4&941.5039112412289|73250&4&119.02436735961325|73252&4&2213.565591328619|73260&4&350.9790678498938|73282&4&1748.4368929689376|73285&4&405.34167258852335|73287&4&13.123044165147778|73300&4&492.5380253145041,2|73195&4&1198.640295246144|73196&4&2341.3357966651065|73206&4&1013.9448666584556|73209&4&10.150129664386679|73215&4&1903.5608211122924|73217&4&2239.0831096897546|73237&4&1902.193062006028|73249&4&181.16404409291263|73256&4&1060.7794030087282|73273&4&929.6818593266453|73280&4&1197.3099260219556|73288&4&2358.964325120276|73300&4&5.68677641654202,2|73191&4&86.8702569820079|73193&4&346.7704724695294|73207&4&1163.6487876803105|73219&4&167.46535243020645|73221&4&1615.2102228199183|73229&4&23.227689484994514|73240&4&1547.6325629314613|73247&4&337.00264102595224|73248&4&469.02299398567357|73260&4&45.30707377419364|73262&4&2674.5310930596183|73269&4&608.7448257302756|73307&4&575.5532175163893,2|73190&4&1484.6484537000997|73193&4&977.456743816044|73201&4&2333.3941630001545|73210&4&397.6792072531284|73222&4&1987.813794424753|73224&4&1125.611495721515|73230&4&361.5481944467548|73236&4&803.7896253669892|73254&4&896.6252127854304|73276&4&2063.056404824961|73277&4&859.6879401213048|73285&4&275.0074229006073|73287&4&147.15861542468332|73306&4&57.12677237317706,2|73203&4&293.56062265423685|73212&4&657.3480917657002|73213&4&1310.688318992225|73225&4&746.4170915881894|73237&4&10.538353681689962|73240&4&1109.1127728403717|73241&4&1000.1665530019453|73257&4&2105.1007395526067|73261&4&12.843372156247451|73267&4&710.8450607814401|73268&4&2747.122515498373|73269&4&147.07123179794286|73282&4&298.7937043570071|73286&4&3124.508706590405|73297&4&1.6527257379753235|73306&4&59.35767603914993,2|73192&4&67.40618407562951|73199&4&1135.1326994106394|73214&4&720.9777928611475|73236&4&975.4908584157507|73238&4&1886.8373309650956|73250&4&1012.0677356608214|73253&4&2512.1604893898393|73255&4&1630.8970174494737|73259&4&47.824970251402746|73263&4&3104.849137410406|73265&4&33.50717639098673|73279&4&1263.6745195539877|73280&4&590.6167702624851|73282&4&6.039613253960852E-14,2|73191&4&668.1089134077282|73204&4&2352.6362649935495|73205&4&346.67649453030225|73207&4&1253.6788383156631|73218&4&1912.2863958113057|73221&4&1742.8749340416882|73223&4&606.0727970257325|73232&4&1182.8994042912368|73236&4&349.0896781660261|73245&4&1745.3262086901814|73248&4&1317.964842080367|73254&4&1228.8729099533748|73256&4&268.39626004385025|73264&4&828.702978283661|73285&4&0.0,2|73189&4&801.7604098087539|73192&4&576.0563337237674|73195&4&362.3732647655095|73197&4&85.30654943799802|73200&4&602.2945807795803|73210&4&809.8649901973957|73220&4&311.05063481422485|73221&4&419.7873235291022|73230&4&674.557718673644|73237&4&375.9975387201997|73249&4&2030.259769285533|73251&4&333.91524891865686|73255&4&25.43185802919053|73258&4&1.9327795295811716|73260&4&774.3041717085899|73265&4&799.750894414932|73266&4&1780.6329243447763|73275&4&471.60396290178943|73278&4&2878.8545828267165|73294&4&373.8305080133696,2|73198&4&528.4224485025919|73200&4&501.47944375163024|73204&4&96.87873593145402|73209&4&4086.127618496791|73217&4&373.543881231143|73226&4&636.4111890960214|73227&4&25.862878747043347|73228&4&522.1192649456582|73231&4&1664.4374726760307|73235&4&475.9123072356149|73237&4&517.2345448116237|73246&4&535.0253641866275|73255&4&159.66419760127303|73258&4&1352.0375950468526|73259&4&321.62225524716996|73261&4&1717.4256697978733|73270&4&2511.6095753282148|73271&4&334.14365704366975|73272&4&143.70234148568312|73274&4&791.5591029875909|73275&4&1597.6733917480606|73285&4&348.4617819073456|73287&4&196.3289732616435|73297&4&390.83852757279544,2|73194&4&886.0847103133696|73199&4&8.145855138524293|73202&4&15.228827720877916|73208&4&2227.406723901172|73211&4&2352.1632760804287|73214&4&378.73790896762375|73220&4&173.0964808822343|73228&4&1695.8807989454695|73229&4&872.0217478083872|73232&4&560.7074718552088|73235&4&1300.0095314536475|73240&4&47.436205019276755|73243&4&1566.7742344552107|73244&4&1591.0110356374291|73248&4&6.750155989720952E-14|73256&4&152.32185188760428|73262&4&36.03629663848014|73267&4&71.80944709946233|73276&4&112.03588529072807|73283&4&1328.8423939710437|73299&4&106.36106103947407
221|4,130,1,1,1,1,1,1,1,1,1,1,1,1,1,1,1,1,1,1,1,1,1,1,1,1,1,1,1,1,1,1,1,1,1,1,1,1,1,1,1,1,1,1,1,1,1,1,1,1,1,1,1,1,1,1,1,1,1,1,1,1,1,1,1,1,1,1,1,1,1,1,1,1,1,1,1,1,1,1,1,1,1,1,1,1,1,1,1,1,1,1,1,1,1,1,1,1,1,1,1,1,0,0,0,0,0,0,0,0,0,0,0,0,0,0,0,0,0,0,0,0,2|73189&4&909.8334887604583|73191&4&-6.217248937900877E-15|73199&4&273.70022346960735|73202&4&774.3012281428016|73206&4&221.4744996091938|73210&4&95.41183432497633|73216&4&540.7321312430838|73223&4&1315.30326175002|73233&4&1418.0997318001664|73239&4&1866.6555387391786|73242&4&1495.361029838647|73245&4&808.6879617553735|73250&4&167.97240050848688|73252&4&2076.372691711629|73260&4&688.2599825083807|73282&4&2198.6003214626926|73285&4&375.35891754340514|73287&4&12.434380256028586|73300&4&454.31542992349426,2|73195&4&1038.8686206675816|73196&4&2145.465506635363|73206&4&933.7033760609613|73209&4&5.6843418860808015E-14|73215&4&1771.2869551669796|73217&4&2087.056475837812|73237&4&1933.8402055251433|73249&4&142.67512650165818|73256&4&980.5122959457303|73273&4&1028.4465013384897|73280&4&1076.4447432318843|73288&4&2458.5719303876426|73300&4&-3.730349362740526E-14,2|73191&4&62.90630673284495|73193&4&288.05350027180924|73207&4&1017.8812685836109|73219&4&320.8058020787796|73221&4&1408.3239588310144|73229&4&17.40645642770108|73240&4&1397.968162502957|73247&4&343.1575792833625|73248&4&389.98371415668487|73260&4&20.585628625427425|73262&4&2875.785258071288|73269&4&565.4315867320842|73307&4&532.5317542936782,2|73190&4&1366.844860632854|73193&4&1095.6436748094693|73201&4&2413.4895013720957|73210&4&366.70467067105096|73222&4&1787.2609841932745|73224&4&1027.6814741039186|73230&4&302.32324219131954|73236&4&695.002962854725|73254&4&826.1876072412566|73276&4&1920.9873452221216|73277&4&898.2128734650072|73285&4&236.39703591521405|73287&4&135.40650461226184|73306&4&52.94112590704714,2|73203&4&278.2908295303415|73212&4&1010.5789510726086|73213&4&1227.658423956709|73225&4&962.6582696889595|73237&4&5.6843418860808015E-14|73240&4&1068.5805389637462|73241&4&930.3379595667807|73257&4&2408.6257871218677|73261&4&9.592326932761353E-14|73267&4&1107.6743596956628|73268&4&2530.0818470654694|73269&4&123.54888393586369|73282&4&201.90709382180535|73286&4&3020.9376489399533|73297&4&-1.021405182655144E-14|73306&4&46.27201868688795,2|73192&4&116.5299173995004|73199&4&1059.469168564042|73214&4&680.2205619355914|73236&4&1196.8595800023252|73238&4&1918.50472905557|73250&4&915.5499522415435|73253&4&2442.76292730897|73255&4&1558.4340032103664|73259&4&43.47724568309341|73263&4&3145.532688647721|73265&4&19.347170339560627|73279&4&1162.2192554985838|73280&4&806.5232192274252,2|73191&4&614.5311359402629|73204&4&2281.730301025454|73205&4&324.43778445391945|73207&4&1176.2339149682905|73218&4&2198.34947890783|73221&4&1791.9534937357257|73223&4&504.6674391176655|73232&4&1212.6773746556405|73236&4&324.15470115416707|73245&4&1817.432993863133|73248&4&1226.6014638127276|73254&4&1104.6327721016592|73256&4&376.85222742936526|73264&4&904.1549386287845,2|73189&4&756.6342260257079|73192&4&518.8072079494185|73195&4&749.5764288102139|73197&4&77.82483252577724|73200&4&515.5996478732902|73210&4&996.8508099220646|73215&4&24.577715967584027|73220&4&426.3946128649851|73221&4&391.8015019604954|73230&4&830.1940129926686|73237&4&344.66441049351636|73249&4&2215.248206948754|73251&4&598.0807350662944|73255&4&1.6342482922482304E-13|73258&4&4.440892098500626E-16|73260&4&703.0566347587268|73265&4&888.1912066195398|73266&4&1626.7167502072953|73275&4&639.3888566377274|73278&4&3225.9452731751476|73279&4&228.2012984929249|73294&4&338.83861982196663,2|73198&4&495.75285803369337|73200&4&702.1981357867644|73204&4&64.2949724060548|73209&4&3726.289397621219|73217&4&313.1375331808869|73226&4&586.3484143295916|73227&4&24.56973480969118|73228&4&494.96356937271185|73231&4&1488.9521638791718|73235&4&543.1057675699471|73237&4&452.6082337870822|73246&4&558.9929970731848|73255&4&109.47653242683121|73258&4&1365.6752218693205|73259&4&304.69476812889786|73261&4&1914.5208411982626|73270&4&2437.120214755664|73271&4&649.1748083964391|73272&4&0.0|73274&4&721.6291319684644|73275&4&1426.457161824454|73285&4&463.42737424329323|73287&4&164.84944467365202|73297&4&462.02873122261207,2|73194&4&1301.711743985543|73199&4&1.4210854715202004E-14|73202&4&11.421620790658444|73208&4&2478.7635906986575|73211&4&2482.7718161960584|73214&4&332.59188526980176|73220&4&128.8698941873884|73228&4&1513.7946072263203|73229&4&803.0069199216421|73232&4&476.6086723730379|73235&4&1193.2395622418487|73240&4&22.423574775263205|73243&4&1560.6657011515|73244&4&1618.4682310726862|73256&4&121.60951902788102|73262&4&11.939919647210917|73267&4&46.29778955345887|73276&4&91.6437451926289|73283&4&1425.2039058676114|73299&4&92.63823431569763
222|4,130,1,1,1,1,1,1,1,1,1,1,1,1,1,1,1,1,1,1,1,1,1,1,1,1,1,1,1,1,1,1,1,1,1,1,1,1,1,1,1,1,1,1,1,1,1,1,1,1,1,1,1,1,1,1,1,1,1,1,1,1,1,1,1,1,1,1,1,1,1,1,1,1,1,1,1,1,1,1,1,1,1,1,1,1,1,1,1,1,1,1,1,1,1,1,1,1,1,1,1,1,0,0,0,0,0,0,0,0,0,0,0,0,0,0,0,0,0,0,0,0,2|73189&4&799.2744248670615|73199&4&234.12762186721656|73202&4&703.2952900531183|73206&4&160.1842173441783|73210&4&73.09981548341746|73216&4&508.3804988926049|73223&4&1369.4238191393197|73233&4&1421.6690248115412|73239&4&2018.293589709651|73242&4&1330.934630105228|73245&4&684.3568019198207|73250&4&355.28723513458976|73252&4&1873.7240684645226|73260&4&652.094187450394|73282&4&2388.0910248498876|73285&4&345.37616249828693|73287&4&11.745716346909392|73300&4&538.5691351181792,2|73195&4&895.1317460130563|73196&4&1949.5952166056202|73206&4&896.602188129026|73215&4&1643.7579378797907|73217&4&1958.2734984078336|73237&4&2020.9105631625714|73249&4&105.02951079858319|73256&4&900.2451888827325|73273&4&1191.890981056446|73280&4&970.9983697833153|73288&4&2252.612378660752,2|73191&4&38.94235648368201|73193&4&234.08526296996132|73207&4&872.1137494869113|73210&4&147.53380251253213|73219&4&604.016688438803|73221&4&1206.2381835110216|73229&4&11.585223370407645|73240&4&1248.3037620744535|73247&4&531.3587048581012|73248&4&310.9444343276961|73260&4&189.60516771628033|73262&4&2968.661484779101|73269&4&539.1792588821489|73307&4&493.1366271449069,2|73190&4&1278.379149206208|73193&4&1091.8028479869768|73201&4&2191.6311127358526|73210&4&335.73013408897344|73222&4&1586.708173961796|73224&4&929.7514524863223|73230&4&251.57971229654072|73236&4&598.8732987287833|73254&4&755.7500016970827|73276&4&1952.1260020408465|73277&4&821.9606403209092|73285&4&197.78664892982076|73287&4&123.65439379984036|73306&4&48.75547944091721,2|73203&4&263.0210364064461|73212&4&1108.1696601255687|73213&4&1099.6654097673154|73225&4&863.6866687891916|73240&4&1308.2959113090537|73241&4&923.1032974796303|73257&4&2605.284107980564|73267&4&1091.93620892062|73268&4&2324.006590176652|73269&4&101.39364162381057|73282&4&124.6992071347299|73286&4&2881.061750303818|73306&4&35.6599750708077,2|73192&4&147.90083294231718|73199&4&988.7618717554309|73214&4&639.4633310100354|73236&4&1131.4144684077662|73238&4&1920.0245070823644|73250&4&819.0321688222655|73253&4&2377.7875844177943|73255&4&1729.3270279933313|73259&4&0.0|73263&4&3012.6497452554045|73265&4&12.749671000169917|73279&4&1066.8805988676725|73280&4&787.3813819834018,2|73191&4&622.394925361895|73204&4&2362.54320029408|73205&4&284.1395357285107|73207&4&1098.7889916209178|73218&4&2206.169003600132|73221&4&2143.257457967464|73223&4&424.4404989037248|73232&4&1268.7567381277954|73236&4&299.21972414230805|73245&4&1927.9547348900671|73248&4&1135.238085545088|73254&4&1152.7296522375125|73256&4&355.7729805575316|73264&4&849.4515623461793,2|73189&4&877.7281468443631|73192&4&461.55808217506956|73195&4&870.54444168088|73197&4&70.34311561355646|73200&4&445.2075669036455|73210&4&926.693743308973|73215&4&276.09171753611815|73220&4&708.0816411205642|73221&4&363.8156803918886|73230&4&1050.3378882304548|73237&4&313.331282266833|73249&4&2042.8385661833847|73251&4&560.2492580755879|73260&4&631.8090978088637|73265&4&833.6966798307379|73266&4&1481.3408919875083|73275&4&980.4010374114146|73278&4&3055.2449331145713|73279&4&223.47061944784184|73294&4&307.75091147342727,2|73198&4&463.0832675647948|73200&4&1018.8696596413085|73204&4&40.252220014553586|73209&4&3366.451176745646|73217&4&252.73118513063093|73226&4&601.9515944978059|73227&4&23.276590872339014|73228&4&605.6400653414612|73231&4&1313.4668550823133|73234&4&41.20155467905847|73235&4&513.9108584119668|73237&4&387.9819227625409|73246&4&475.83375275112223|73255&4&59.288867252389394|73258&4&1467.4085270980875|73259&4&0.0|73261&4&2261.366729555501|73270&4&2581.8824974955965|73271&4&598.8056421805694|73272&4&0.0|73274&4&651.6991609493379|73275&4&1259.7499063954347|73285&4&439.1702559539972|73287&4&133.36991608566058|73297&4&418.64339907553915,2|73194&4&1266.2313227310767|73202&4&7.614413860438954|73208&4&2547.6375378971907|73211&4&2508.791634340863|73214&4&288.94870950586653|73220&4&91.17910231431331|73228&4&1331.708415507171|73229&4&902.4404117361682|73232&4&395.7874916237825|73235&4&1091.2040023539062|73240&4&1.3500311979441904E-13|73243&4&1473.3440818654658|73244&4&1470.9366988588813|73256&4&153.51547160158708|73262&4&8.171241461241152E-14|73267&4&28.531751210966423|73276&4&71.25160509452968|73283&4&1534.1695792914227|73299&4&82.60015970136318
223|4,130,1,1,1,1,1,1,1,1,1,1,1,1,1,1,1,1,1,1,1,1,1,1,1,1,1,1,1,1,1,1,1,1,1,1,1,1,1,1,1,1,1,1,1,1,1,1,1,1,1,1,1,1,1,1,1,1,1,1,1,1,1,1,1,1,1,1,1,1,1,1,1,1,1,1,1,1,1,1,1,1,1,1,1,1,1,1,1,1,1,1,1,1,1,1,1,1,1,1,1,1,0,0,0,0,0,0,0,0,0,0,0,0,0,0,0,0,0,0,0,0,2|73189&4&698.7492855398289|73199&4&194.55502026482577|73202&4&632.289351963435|73206&4&112.6116000958632|73210&4&50.78779664185859|73216&4&476.02886654212597|73223&4&1440.1096384277064|73225&4&155.43919854665666|73233&4&1297.281223263279|73239&4&2164.1549125496817|73242&4&1179.215809348384|73245&4&562.0025592171683|73250&4&570.6120973939569|73252&4&1988.9989446438378|73260&4&615.9283923924072|73282&4&2680.9420629787487|73285&4&315.3934074531687|73287&4&199.9199708971104|73300&4&575.4871145922505,2|73195&4&761.4632682093059|73196&4&1942.1925110053028|73206&4&964.248129615646|73215&4&1517.928068623349|73217&4&2108.5073780632897|73237&4&1999.9248632271588|73249&4&67.38389509550822|73256&4&819.9780818197348|73273&4&1094.021886894583|73280&4&871.5458114540102|73288&4&2051.821265388719,2|73191&4&14.978406234519067|73193&4&193.54167670128118|73202&4&50.76061012580476|73207&4&726.3462303902115|73210&4&236.62925269574183|73219&4&576.9687345259906|73221&4&1021.6114484026732|73229&4&5.763990313114208|73240&4&1098.6393616459497|73247&4&545.0462580322943|73248&4&231.9051544987074|73251&4&103.36832404872698|73260&4&177.55179613434743|73262&4&3129.8351604986074|73269&4&571.2619191057001|73281&4&144.9713107257686|73307&4&530.4249028923098,2|73190&4&1272.755223658387|73193&4&1024.077432816021|73201&4&1976.2054663586714|73210&4&304.7555975068959|73222&4&1734.2568537485631|73224&4&831.8214308687261|73230&4&212.53142662109911|73236&4&502.74363460284184|73254&4&685.3123961529087|73276&4&1832.9196357709345|73277&4&748.0414358374762|73285&4&159.17626194442747|73287&4&111.90228298741887|73306&4&44.56983297478729,2|73203&4&247.75124328255072|73212&4&1027.8959596051739|73213&4&1065.6169100265204|73225&4&784.1211818337472|73240&4&1611.3664321803858|73241&4&858.7382754492739|73257&4&2788.1727975779063|73267&4&1179.7880683123283|73268&4&2122.23608999903|73269&4&87.78526369806079|73282&4&78.78671606532745|73286&4&2794.4833741051257|73306&4&26.732780872094573,2|73192&4&495.8578843340663|73199&4&974.5325085043627|73214&4&626.8512994401625|73236&4&1093.479937548398|73238&4&1934.6225952066986|73250&4&728.7661816974994|73253&4&2350.5570618742495|73255&4&1993.5268554300087|73263&4&2713.5128544473196|73265&4&6.152171660779245|73279&4&983.1513286954208|73280&4&743.7522031993994,2|73191&4&748.6409070724982|73204&4&2285.2822797148765|73205&4&581.7454149149643|73207&4&1021.3440682735451|73218&4&2159.953062442606|73221&4&2417.950359042303|73223&4&348.20053016811295|73232&4&1388.453256088014|73236&4&274.28474713044903|73245&4&2271.1702964803167|73248&4&1629.417528873484|73254&4&1538.4960060658482|73256&4&334.6937336856979|73264&4&794.7481860635744,2|73189&4&824.2909578312322|73192&4&404.3089564007206|73195&4&1017.7798526708195|73197&4&122.42001196047117|73200&4&387.2652021442119|73210&4&862.3925688579207|73215&4&262.2256873693933|73220&4&716.6805016422203|73221&4&335.82985882328177|73230&4&1168.096506227982|73237&4&281.99815404014964|73249&4&1870.4289254180155|73251&4&522.4177810848812|73260&4&560.5615608590005|73265&4&913.2907643196805|73266&4&1338.4129366298548|73275&4&1384.871823722529|73278&4&3331.26517375035|73279&4&362.0370516353902|73294&4&279.0136557712295,2|73198&4&430.4136770958963|73200&4&968.5758694325971|73204&4&27.73775818852389|73209&4&3527.404093317973|73217&4&192.32483708037495|73226&4&588.8887960321099|73227&4&21.983446934986848|73228&4&1019.925918681896|73231&4&1211.3858007469494|73234&4&0.0|73235&4&649.4249403663794|73237&4&326.98272974370263|73244&4&41.17886296047766|73246&4&645.2303997627544|73255&4&27.268109713672587|73258&4&1737.1366740743329|73261&4&2202.352564387386|73270&4&2997.1276127856872|73271&4&548.4364759646998|73272&4&0.0|73274&4&581.769189930211|73275&4&1101.6544691499773|73285&4&414.91313766470114|73287&4&101.8903874976691|73297&4&377.6054443700765,2|73194&4&1182.6433748090406|73202&4&3.807206930219463|73208&4&2454.919844996126|73211&4&2282.749896475294|73214&4&245.30553374193136|73220&4&66.08066541800521|73228&4&1159.4647244880678|73229&4&954.4526027553765|73232&4&321.2834580743725|73235&4&989.1684424659641|73243&4&1872.7021904184644|73244&4&1323.4051666450769|73256&4&186.18560776937187|73267&4&13.967243346270589|73276&4&52.17611622819051|73283&4&1425.0590608901173|73299&4&72.56208508702873
224|4,130,1,1,1,1,1,1,1,1,1,1,1,1,1,1,1,1,1,1,1,1,1,1,1,1,1,1,1,1,1,1,1,1,1,1,1,1,1,1,1,1,1,1,1,1,1,1,1,1,1,1,1,1,1,1,1,1,1,1,1,1,1,1,1,1,1,1,1,1,1,1,1,1,1,1,1,1,1,1,1,1,1,1,1,1,1,1,1,1,1,1,1,1,1,1,1,1,1,1,1,1,0,0,0,0,0,0,0,0,0,0,0,0,0,0,0,0,0,0,0,0,2|73189&4&602.2605580618792|73199&4&155.3359958310657|73202&4&561.2834138737518|73206&4&73.57999444360918|73210&4&28.475777800299717|73216&4&576.6285210841878|73223&4&1431.860197922019|73225&4&147.66723861932383|73233&4&1235.174093838654|73239&4&2098.7837950477096|73242&4&1043.4170723519603|73245&4&442.00508120019043|73250&4&768.2101177270174|73252&4&2230.2870573590753|73260&4&579.7625973344204|73282&4&2602.338596664984|73285&4&285.4106524080505|73287&4&227.103130323584|73300&4&623.3038199904714,2|73195&4&649.023784186944|73196&4&1795.4538241770972|73204&4&8.478480517348544|73206&4&1067.193910671258|73215&4&1392.098199366907|73217&4&2158.2181170507424|73237&4&1872.519402270305|73249&4&29.738279392433256|73256&4&739.710974756737|73273&4&1130.2983012016875|73280&4&774.2994238439761|73286&4&403.92121031458055|73288&4&1956.431324774068,2|73191&4&3.0928845029825567|73193&4&152.99809043260117|73202&4&132.86506234660754|73207&4&586.5646925780931|73210&4&458.8363188157649|73211&4&344.36733524949045|73219&4&544.7964011057463|73221&4&850.3499493684336|73229&4&2.881995156557105|73240&4&952.8549824798683|73247&4&600.0088138079727|73248&4&162.65995247296487|73251&4&98.19990784629063|73260&4&165.49842455241455|73262&4&3212.901086231619|73269&4&590.5429157187775|73281&4&0.0|73307&4&561.0848107788515,2|73190&4&1161.3567944764236|73193&4&956.3520176450653|73201&4&1768.215923003192|73210&4&273.78106092481846|73222&4&2179.959104998735|73224&4&877.5274439283403|73228&4&472.3951379386375|73230&4&182.59931219268324|73236&4&420.20194141766683|73254&4&614.8747906087349|73270&4&365.89523512857943|73276&4&1845.2251717564961|73277&4&674.122231354043|73285&4&120.56587495903418|73287&4&100.15017217499738|73306&4&40.384186508657365,2|73203&4&232.48145015865532|73212&4&939.6018111419058|73213&4&1040.9341112136553|73225&4&704.5556948783029|73240&4&1720.8369466588738|73241&4&862.4510004629913|73257&4&2577.49417899737|73267&4&1127.056611667371|73268&4&1926.3240700927017|73269&4&74.17688577231098|73282&4&42.02162916493732|73286&4&2523.3338943338927|73306&4&20.13291966977966,2|73192&4&466.9058352880087|73199&4&977.3707547451792|73214&4&584.6868085468222|73236&4&1160.3958513805983|73238&4&1773.5683579108909|73250&4&651.5999679218728|73253&4&2537.3902071488187|73255&4&2048.8206108255263|73263&4&3157.367386335138|73265&4&-3.730349362740526E-14|73279&4&905.2682663595385|73280&4&700.1230244153973,2|73191&4&941.4821446564697|73204&4&2099.787885441089|73205&4&534.818922963977|73207&4&1598.2300480374556|73218&4&2333.712148332379|73221&4&2521.2800436353773|73223&4&285.7661259582387|73232&4&1385.918587872256|73236&4&249.34977011859002|73245&4&2455.453879809286|73248&4&1748.8166114410183|73254&4&1552.7136645468981|73256&4&313.61448681386423|73264&4&820.4448347923056,2|73189&4&770.8537688181011|73192&4&347.05983062637176|73195&4&1073.8575089759647|73197&4&181.21841920280838|73200&4&329.3228373847785|73210&4&804.7027371961161|73215&4&248.35965720266842|73220&4&672.2115383967523|73221&4&307.84403725467496|73230&4&1096.766778147601|73237&4&250.66502581346631|73249&4&1698.0192846526463|73251&4&484.5863040941746|73260&4&489.3140239091373|73265&4&870.8604896634095|73266&4&1214.6480992343081|73275&4&1470.2675749144541|73278&4&3458.8540002255177|73279&4&636.6302904251378|73294&4&252.70589753655514,2|73198&4&397.7440866269977|73200&4&1005.8505691721984|73204&4&20.80331864139294|73209&4&3744.703438173368|73217&4&138.96297529661877|73226&4&582.2744571125937|73227&4&20.69030299763468|73228&4&963.4619556073416|73231&4&1065.6010395401963|73235&4&637.459825645293|73237&4&265.9835367248645|73244&4&39.11991981245377|73246&4&935.9619170798671|73255&4&10.562464899855504|73258&4&1581.2344410598403|73259&4&200.41995296005913|73261&4&2120.1706794148504|73270&4&2752.371170998837|73271&4&498.0673097488301|73272&4&88.40393449769405|73274&4&0.0|73275&4&955.1842208495707|73285&4&390.65601937540504|73287&4&71.00097809828557|73297&4&339.0803229106112,2|73194&4&1101.3349101419365|73202&4&-2.7533531010703882E-14|73208&4&2253.7777025028263|73211&4&2061.391480726915|73214&4&201.66235797799615|73220&4&42.78473843910601|73228&4&1004.6643506210536|73229&4&876.586730562309|73232&4&261.48840363643524|73235&4&893.2627050763579|73243&4&1995.803989886522|73244&4&1181.7362092374592|73256&4&154.36134021646131|73267&4&10.47543250970288|73276&4&33.10062736185133|73283&4&1354.8556387306764|73299&4&62.52401047269429
225|4,130,1,1,1,1,1,1,1,1,1,1,1,1,1,1,1,1,1,1,1,1,1,1,1,1,1,1,1,1,1,1,1,1,1,1,1,1,1,1,1,1,1,1,1,1,1,1,1,1,1,1,1,1,1,1,1,1,1,1,1,1,1,1,1,1,1,1,1,1,1,1,1,1,1,1,1,1,1,1,1,1,1,1,1,1,1,1,1,1,1,1,1,1,1,1,1,1,1,1,1,1,0,0,0,0,0,0,0,0,0,0,0,0,0,0,0,0,0,0,0,0,2|73189&4&505.7718305839296|73199&4&117.77103004233335|73202&4&490.27747578406854|73206&4&44.77406527135602|73210&4&7.248615137308693|73216&4&549.7417893167485|73223&4&1503.4819540712865|73225&4&139.895278691991|73233&4&1139.5130610836613|73239&4&1917.7317911354303|73242&4&907.6183353555364|73245&4&336.7687850236438|73250&4&726.1919865490443|73252&4&2326.719677334404|73260&4&543.5968022764337|73282&4&2608.40820988323|73285&4&255.42789736293227|73287&4&234.9426997517044|73300&4&580.6745927132588,2|73195&4&541.6620664586017|73196&4&2002.321952682339|73204&4&8.054556491481117|73206&4&1281.01890256568|73215&4&1266.2683301104648|73217&4&2289.919512902713|73237&4&1825.8034578266106|73249&4&1.0658141036401503E-13|73256&4&659.4438676937391|73273&4&1029.797689685509|73280&4&679.9934181577148|73286&4&654.344852206212|73288&4&1931.7396630289463,2|73191&4&0.0|73193&4&112.45450416392116|73202&4&126.09490770396263|73205&4&94.90032323577458|73207&4&474.1841727407554|73210&4&650.0358737728963|73211&4&426.3961104552332|73219&4&512.6240676855019|73221&4&694.280885173988|73229&4&-1.687538997430238E-14|73240&4&807.0706033137868|73247&4&612.1362718222858|73248&4&342.1072846356495|73251&4&93.03149164385428|73260&4&243.95641940075586|73262&4&3067.0598666109363|73265&4&178.48744047596858|73269&4&539.2011975038334|73307&4&514.0487005085447,2|73190&4&1049.9583652944602|73193&4&888.6266024741094|73201&4&1830.670768059835|73210&4&242.80652434274094|73222&4&2382.8110852078053|73224&4&949.6135739018742|73228&4&723.0643113725421|73230&4&152.66719776426734|73236&4&351.8163652081776|73254&4&544.4371850645608|73270&4&584.576671785492|73276&4&1759.0809561471306|73277&4&600.2030268706101|73285&4&81.95548797364089|73287&4&88.39806136257589|73306&4&36.19854004252744,2|73203&4&217.21165703475995|73212&4&851.9952314096445|73213&4&1515.76737326882|73225&4&630.3177297677761|73240&4&1609.5459601934185|73241&4&938.9759930029277|73257&4&2534.8129472150176|73267&4&1054.106071159251|73268&4&1999.4725385695883|73269&4&64.2095649192245|73282&4&13.602101494921207|73286&4&2262.706022086655|73306&4&15.295259517690674,2|73192&4&441.8062132772495|73199&4&1300.2739006577942|73214&4&766.4842374751859|73236&4&1240.3372506656701|73238&4&1714.5692203622239|73250&4&582.4130729902769|73253&4&2531.119995392055|73255&4&1844.5707513860975|73263&4&3805.4226580727973|73279&4&832.7836183929023|73280&4&754.634082128016,2|73191&4&932.3431590775356|73204&4&1914.2934911673033|73205&4&489.61997785627483|73207&4&1745.6861945725573|73218&4&2464.777038460646|73221&4&2704.219551795015|73223&4&229.31129741986896|73232&4&1290.9951930319912|73236&4&224.414793106731|73245&4&2534.982050446905|73248&4&1616.1741119978283|73254&4&1607.7318025204981|73256&4&292.53523994203056|73264&4&809.4679589014206,2|73189&4&717.41657980497|73192&4&289.8107048520229|73195&4&1466.453913996922|73197&4&167.2958688867551|73200&4&271.90890053255396|73210&4&747.0129055343118|73215&4&234.49362703594355|73220&4&656.447518512103|73221&4&279.85821568606815|73230&4&1025.43705006722|73237&4&219.331897586783|73249&4&1803.9650697223028|73251&4&446.75482710346796|73260&4&418.06648695927396|73265&4&808.7230981758996|73266&4&1181.5698393020807|73275&4&1777.8634301427187|73278&4&3198.3422123660375|73279&4&602.6780930697707|73294&4&228.86949056206498,2|73198&4&365.0744961580992|73200&4&1065.8432209660423|73204&4&13.868879094261953|73209&4&3671.193412795036|73217&4&89.08716966936021|73226&4&531.0037102462219|73227&4&19.397159060282515|73228&4&906.9979925327872|73231&4&1114.9278919423869|73232&4&173.77110258726282|73235&4&598.7562047320673|73237&4&204.98434370602635|73244&4&37.06097666442989|73246&4&935.4680713186831|73255&4&5.6843418860808015E-14|73258&4&1466.784563528901|73259&4&307.9487122644431|73261&4&1956.975657804354|73270&4&2521.943869872595|73271&4&447.6981435329604|73272&4&83.98373777280935|73274&4&42.17039538931496|73275&4&818.7160566600713|73285&4&366.398901086109|73287&4&48.5609564226684|73297&4&303.2707349737347,2|73194&4&1089.2303455793235|73208&4&2219.2022667785877|73211&4&1854.8711246312496|73214&4&158.01918221406092|73220&4&22.161181572272213|73228&4&875.4124721195626|73229&4&798.7208583692412|73232&4&204.78539178775512|73235&4&801.4876838046839|73243&4&1836.3629095021988|73244&4&1043.9925477736888|73256&4&396.1557718542015|73267&4&6.983621673135246|73276&4&14.02513849551215|73283&4&1348.3268245590361|73299&4&53.952595385085615
226|4,130,1,1,1,1,1,1,1,1,1,1,1,1,1,1,1,1,1,1,1,1,1,1,1,1,1,1,1,1,1,1,1,1,1,1,1,1,1,1,1,1,1,1,1,1,1,1,1,1,1,1,1,1,1,1,1,1,1,1,1,1,1,1,1,1,1,1,1,1,1,1,1,1,1,1,1,1,1,1,1,1,1,1,1,1,1,1,1,1,1,1,1,1,1,1,1,1,1,1,1,1,0,0,0,0,0,0,0,0,0,0,0,0,0,0,0,0,0,0,0,0,2|73189&4&409.28310310597993|73199&4&92.01034389765383|73202&4&419.27153769438536|73206&4&26.827128646188438|73210&4&0.0|73216&4&510.1369693752592|73223&4&1557.0483950490539|73225&4&0.0|73233&4&1291.5946494711147|73239&4&1736.6797872231512|73242&4&1121.3901442937918|73245&4&257.3992224950109|73250&4&684.1738553710713|73252&4&2252.0374987363393|73260&4&507.43100721844684|73282&4&2759.1549869586347|73285&4&225.44514231781406|73287&4&247.2657514459426|73300&4&613.105589344051,2|73195&4&446.44546181884607|73196&4&2161.314107470404|73204&4&7.63063246561369|73206&4&1165.807446744504|73215&4&1140.438460854023|73217&4&2313.981736797991|73237&4&1903.2118570542352|73256&4&579.1767606307412|73273&4&929.5872765990441|73280&4&590.8934281405723|73286&4&911.8459864197382|73288&4&1741.8609786097145,2|73193&4&77.43813086924091|73202&4&172.73723472122109|73205&4&90.15530707398585|73207&4&376.8562920461693|73210&4&615.3591974557105|73211&4&404.2153865943478|73219&4&480.4517342652575|73221&4&574.512760033717|73240&4&661.2862241477054|73247&4&610.4864168652267|73248&4&313.33366208030014|73251&4&87.86307544141793|73255&4&389.80706620681656|73260&4&349.8280210496639|73262&4&3200.234134789373|73265&4&169.56306845217014|73269&4&487.8594792888894|73307&4&467.01259023823764,2|73190&4&938.5599361124971|73193&4&820.9011873031536|73201&4&1758.418581368918|73210&4&211.83198776066342|73222&4&2504.681043197138|73224&4&1188.233055185718|73228&4&746.280204382089|73230&4&122.73508333585144|73236&4&292.88291778040855|73254&4&473.999579520387|73258&4&87.97708078832306|73270&4&812.7151230163397|73276&4&2068.6403168108195|73277&4&534.6341237223769|73285&4&53.79443318200285|73287&4&76.6459505501544|73306&4&32.012893576397516,2|73203&4&201.94186391086458|73212&4&1092.9129310237174|73213&4&1768.4909486020392|73225&4&0.0|73240&4&1679.7860415198534|73241&4&935.4641833293806|73257&4&2411.218538584613|73267&4&981.155530651131|73268&4&2218.8347695219886|73269&4&54.242244066138056|73282&4&9.592326932761353E-14|73286&4&2002.4274469495958|73306&4&10.457599365601679,2|73192&4&416.7065912664904|73199&4&1196.8872611660324|73214&4&713.1216505907606|73236&4&1516.529422037866|73238&4&1681.996350748484|73250&4&513.226178058681|73253&4&2663.566609497384|73255&4&1640.3208919466692|73263&4&4097.607479722008|73279&4&760.2989704262661|73280&4&911.6826948006396,2|73191&4&877.8980272650482|73204&4&1728.7990968935167|73205&4&452.97003391860966|73207&4&2131.0595127244533|73218&4&2503.570394171132|73221&4&2807.4753627680166|73223&4&179.74280332219018|73232&4&1196.0717981917262|73236&4&199.47981609487198|73245&4&2451.9003413877435|73248&4&1483.5316125546385|73254&4&1496.1094041330095|73256&4&271.4559930701968|73264&4&890.3481769402392,2|73189&4&958.3263627752624|73192&4&232.56157907767405|73195&4&1544.0758235223827|73197&4&360.4782616319605|73200&4&218.79277539980748|73210&4&689.3230738725075|73215&4&220.62759686921868|73220&4&889.0088626295919|73221&4&251.87239411746134|73230&4&954.1073219868392|73237&4&187.99876936009966|73249&4&1878.9774746516825|73251&4&408.9233501127613|73260&4&346.81895000941086|73265&4&746.5857066883896|73266&4&1040.436968288025|73275&4&1691.2786514176496|73278&4&3470.5298001634906|73279&4&568.7258957144036|73294&4&205.03308358757482,2|73198&4&332.4049056892007|73200&4&1242.5847920292351|73204&4&6.934439547130963|73209&4&4240.727127252181|73217&4&46.34243857834736|73226&4&479.73296337985016|73227&4&18.10401512293035|73228&4&850.5340294582328|73231&4&1553.8496428331978|73232&4&165.08254745789966|73235&4&560.0525838188418|73237&4&149.98198635141273|73244&4&201.37664726367223|73246&4&881.6318765824437|73258&4&1323.8586063211305|73259&4&520.7199129923182|73261&4&1793.7806361938578|73270&4&2298.992222703272|73271&4&397.3289773170907|73272&4&368.0765577650383|73274&4&454.2367412014755|73275&4&705.9133775836467|73285&4&669.9017545033394|73287&4&26.120934747051216|73297&4&267.4611470368582,2|73194&4&1004.4616859069945|73208&4&2492.6783193814845|73211&4&1660.527371169253|73214&4&119.6349806551836|73220&4&7.707312964294879|73228&4&759.2593654242571|73229&4&720.8549861761736|73232&4&152.68336991580213|73235&4&709.7126625330098|73243&4&1676.9218291178759|73244&4&911.671045434468|73256&4&791.7962241614644|73267&4&3.491810836567611|73276&4&-8.171241461241152E-14|73283&4&1222.3171177893687|73299&4&45.38118029747696
227|4,130,1,1,1,1,1,1,1,1,1,1,1,1,1,1,1,1,1,1,1,1,1,1,1,1,1,1,1,1,1,1,1,1,1,1,1,1,1,1,1,1,1,1,1,1,1,1,1,1,1,1,1,1,1,1,1,1,1,1,1,1,1,1,1,1,1,1,1,1,1,1,1,1,1,1,1,1,1,1,1,1,1,1,1,1,1,1,1,1,1,1,1,1,1,1,1,1,1,1,1,1,0,0,0,0,0,0,0,0,0,0,0,0,0,0,0,0,0,0,0,0,2|73189&4&330.2410717874891|73199&4&66.24965775297423|73202&4&358.2981286613905|73206&4&8.880192021020777|73216&4&470.53214943377|73223&4&1467.6676807914866|73233&4&1155.7269406893565|73239&4&1555.627783310872|73242&4&1404.2087689114005|73245&4&181.58873748049834|73250&4&642.1557241930983|73252&4&2200.017460016961|73260&4&471.26521216046|73282&4&2643.8728871517383|73285&4&195.46238727269582|73287&4&456.0042696884582|73300&4&566.7233508714381,2|73195&4&358.44577554104103|73196&4&2232.40191426728|73204&4&7.206708439746263|73206&4&1050.5959909233284|73215&4&1014.6085915975812|73217&4&2168.222758277998|73237&4&1761.3295034712164|73256&4&498.90965356774336|73269&4&20.501204598832704|73273&4&833.7078840711384|73280&4&510.1753734294638|73286&4&1168.4039387021814|73288&4&1819.543389564861,2|73193&4&160.57168742440453|73202&4&192.95800874021774|73205&4&85.41029091219713|73207&4&296.5166771986125|73210&4&580.6825211385249|73211&4&644.3636259315598|73219&4&448.2794008450131|73221&4&465.7214484315525|73240&4&519.7939432556062|73247&4&561.573499820945|73248&4&602.657119679425|73251&4&82.69465923898159|73255&4&796.118277053156|73260&4&438.0296970276811|73262&4&3070.6518583468887|73265&4&160.6386964283717|73269&4&436.51776107394545|73307&4&423.73209966939584,2|73190&4&827.1615069305338|73193&4&753.1757721321978|73201&4&1753.3677091890445|73210&4&180.85745117858593|73222&4&2433.4797171595533|73224&4&1352.070329766135|73228&4&841.8138565794429|73230&4&92.80296890743554|73236&4&234.2145196660097|73254&4&403.56197397621304|73258&4&408.7696331716271|73270&4&775.4230184138755|73276&4&2256.9134233189825|73277&4&662.2758810579865|73285&4&26.792335870419052|73287&4&64.8938397377329|73306&4&27.827247110267592,2|73203&4&186.6720707869692|73206&4&90.86279659438753|73212&4&1255.0729726381767|73213&4&1785.9394047394067|73240&4&1831.0571321209022|73241&4&855.8484059590379|73257&4&2515.382617410184|73267&4&927.5576763803939|73268&4&2223.5885503501177|73269&4&44.274923213051615|73286&4&1758.2085996080882|73306&4&5.6199392135126836,2|73192&4&407.31674673536725|73199&4&1172.531562789958|73214&4&822.0442083155159|73236&4&1556.846283453066|73238&4&1516.0806988904333|73250&4&444.0392831270851|73253&4&2796.1589637835937|73255&4&1441.9432720834968|73263&4&4082.8175008650746|73279&4&687.8143224596297|73280&4&1187.239359622027,2|73191&4&970.7025013962052|73204&4&1543.30470261973|73205&4&416.32008998094443|73207&4&2334.362310683212|73218&4&2541.1523969061664|73221&4&2779.0410155796026|73223&4&133.25185481763745|73232&4&1101.1484033514616|73236&4&174.54483908301296|73245&4&2261.4318222572324|73248&4&1350.8891131114485|73254&4&1440.6993994033223|73256&4&250.37674619836315|73264&4&894.3482618643452,2|73189&4&890.1718251629602|73192&4&175.31245330332516|73195&4&1458.9785868722684|73197&4&419.19175632975544|73200&4&169.52820651393102|73210&4&631.633242210703|73215&4&206.76156670249378|73220&4&1033.7533069065273|73221&4&223.88657254885453|73230&4&974.8350911695501|73237&4&156.66564113341633|73249&4&1851.073654704074|73251&4&371.0918731220546|73260&4&275.57141305954764|73265&4&687.7060766230087|73266&4&1036.1065744954526|73275&4&1585.9339256047247|73278&4&3782.0098860695625|73279&4&534.7736983590365|73294&4&181.19667661308472,2|73198&4&299.73531522030214|73200&4&1353.1835911953276|73204&4&-2.6645352591003757E-14|73209&4&4218.028863259503|73217&4&13.416601737129284|73226&4&428.4622165134784|73227&4&16.810871185578183|73228&4&794.0700663836783|73231&4&2015.9061075574978|73232&4&186.66792927066484|73235&4&521.348962905616|73237&4&104.38146847190414|73244&4&243.89383421648992|73246&4&1175.6540659646882|73258&4&1190.7963253174103|73259&4&504.65291087571205|73261&4&1630.5856145833618|73270&4&2088.016561310361|73271&4&405.0907996021928|73272&4&408.5671445119631|73274&4&577.58508238741|73275&4&596.632282340869|73285&4&884.5226103056784|73287&4&4.889046290487328|73297&4&233.79940751809073,2|73194&4&919.6930262346656|73208&4&2537.4221279574676|73211&4&1470.5843795748435|73214&4&84.30488605663925|73220&4&-5.329070518200751E-15|73228&4&646.4646634851665|73229&4&698.0266963236959|73232&4&102.20458802998125|73235&4&617.9376412613358|73243&4&1517.4807487335524|73244&4&784.7051074235767|73256&4&857.0553454420361|73267&4&-2.398081733190338E-14|73283&4&1362.937442839043|73299&4&36.809765209868296
228|4,130,1,1,1,1,1,1,1,1,1,1,1,1,1,1,1,1,1,1,1,1,1,1,1,1,1,1,1,1,1,1,1,1,1,1,1,1,1,1,1,1,1,1,1,1,1,1,1,1,1,1,1,1,1,1,1,1,1,1,1,1,1,1,1,1,1,1,1,1,1,1,1,1,1,1,1,1,1,1,1,1,1,1,1,1,1,1,1,1,1,1,1,1,1,1,1,1,1,1,1,1,0,0,0,0,0,0,0,0,0,0,0,0,0,0,0,0,0,0,0,0,2|73189&4&253.44615059231495|73199&4&46.76024919779522|73202&4&300.3464142622012|73206&4&4.618527782440651E-14|73216&4&495.5175308646662|73223&4&1523.4096025275126|73225&4&58.5246354445689|73233&4&1020.8597660411815|73239&4&1748.6755931123284|73242&4&1426.2898454368617|73245&4&110.06379210336772|73250&4&600.1375930151253|73252&4&2022.6295736333439|73260&4&435.09941710247324|73282&4&2886.351896589168|73285&4&165.4796322275776|73287&4&521.6669683197772|73300&4&642.995909874066,2|73195&4&275.5860475971772|73196&4&2347.280458755123|73204&4&120.66654730779257|73206&4&935.3845351021523|73215&4&890.4855886830079|73217&4&2138.3321065602463|73237&4&1854.8390908028412|73256&4&418.6425465047455|73269&4&72.47518237750855|73273&4&741.9099240583027|73280&4&438.48196964044547|73286&4&1499.4550955480813|73288&4&1966.8130536873482,2|73193&4&584.0919797582172|73202&4&182.03415237734583|73205&4&80.6652747504084|73207&4&218.83504254026053|73209&4&678.889291430102|73210&4&546.0058448213391|73211&4&1001.330550432595|73219&4&416.1070674247687|73221&4&356.9301368293881|73240&4&398.2437876073059|73247&4&554.7743735946717|73248&4&701.2530697556833|73251&4&77.52624303654524|73255&4&1293.9361754856213|73260&4&553.4570617667648|73262&4&2808.148313425619|73265&4&151.71432440457326|73269&4&385.1760428590014|73307&4&380.451609100554,2|73190&4&922.1261936974091|73193&4&685.450356961242|73201&4&2104.941007272122|73210&4&149.88291459650844|73222&4&2832.023830995495|73224&4&1295.9078004116725|73228&4&794.6573803232193|73230&4&62.87085447901963|73236&4&177.35214263806563|73254&4&333.1243684320391|73258&4&835.672112694493|73270&4&1112.5582026893899|73276&4&2596.1577584474358|73277&4&605.9817469443119|73285&4&13.39616793520947|73287&4&53.141728925311426|73306&4&23.641600644137668,2|73203&4&171.4022776630738|73206&4&334.2018474248646|73212&4&1160.065435203858|73213&4&2008.694147452723|73240&4&1922.1417888562362|73241&4&791.0495924090114|73257&4&2547.1845120516145|73267&4&853.6395015604048|73268&4&2055.67628641839|73269&4&40.297670980400014|73286&4&1538.5422911625617|73306&4&1.6567026050162896,2|73192&4&828.4955629864648|73199&4&1065.1933762424117|73214&4&895.1628761615954|73236&4&1476.2862649395674|73238&4&1350.1650470323825|73250&4&374.85238819548925|73253&4&2885.3243287887317|73255&4&1257.3584417898235|73263&4&3741.115336166982|73279&4&615.8540385855256|73280&4&1292.669545463334,2|73191&4&880.588707037842|73204&4&1357.8103083459432|73205&4&379.67014604327926|73207&4&2514.3420519986366|73218&4&2461.2610609810736|73221&4&2626.2871939867678|73223&4&88.65684281957455|73232&4&1006.2250085111967|73236&4&149.60986207115394|73245&4&2399.406295324121|73248&4&1218.246613668259|73254&4&1907.6877827638425|73256&4&229.29749932652948|73264&4&830.1643627701092,2|73189&4&909.9415950320658|73192&4&121.59700204439282|73195&4&1705.6024762868087|73197&4&402.536148595697|73200&4&127.11691339529649|73210&4&573.9434105488986|73215&4&192.8955365357689|73220&4&1043.569033118949|73221&4&195.90075098024772|73230&4&898.9024882260146|73237&4&125.332512906733|73249&4&1705.9112581581956|73251&4&333.260396131348|73260&4&212.81962633072388|73265&4&628.8264465576278|73266&4&1009.5348313440533|73275&4&1490.9180111514036|73278&4&4235.539095013582|73279&4&500.82150100366954|73294&4&157.36026963859456,2|73198&4&418.7292773731397|73200&4&1499.1557180178543|73209&4&3828.025257759504|73217&4&-9.592326932761353E-14|73226&4&377.1914696471066|73227&4&15.517727248226015|73228&4&737.6061033091239|73231&4&2078.0182130227763|73232&4&493.60594816258003|73235&4&482.6453419923903|73237&4&64.75982338446889|73244&4&451.97107439441453|73246&4&1091.129409025552|73258&4&1067.7384606866465|73259&4&0.0|73261&4&1467.3905929728655|73270&4&1877.0408999174495|73271&4&472.0731588863973|73272&4&388.0543339039882|73274&4&547.4595391271389|73275&4&487.3511870980912|73285&4&968.9607436840081|73287&4&2.7953911974219983|73297&4&202.9458100137734,2|73194&4&888.7160360186892|73208&4&2333.8059770412247|73211&4&1289.5567139046852|73214&4&52.60083707026189|73228&4&536.7438876090457|73229&4&755.1169322059757|73232&4&59.07009918735068|73235&4&526.1626199896616|73243&4&1358.0396683492295|73244&4&664.5424943438068|73256&4&810.3549611190301|73283&4&1548.3665998796619|73299&4&28.23835012225964
229|4,130,1,1,1,1,1,1,1,1,1,1,1,1,1,1,1,1,1,1,1,1,1,1,1,1,1,1,1,1,1,1,1,1,1,1,1,1,1,1,1,1,1,1,1,1,1,1,1,1,1,1,1,1,1,1,1,1,1,1,1,1,1,1,1,1,1,1,1,1,1,1,1,1,1,1,1,1,1,1,1,1,1,1,1,1,1,1,1,1,1,1,1,1,1,1,1,1,1,1,1,1,0,0,0,0,0,0,0,0,0,0,0,0,0,0,0,0,0,0,0,0,2|73189&4&178.82938959919096|73199&4&27.270840642616182|73202&4&242.39469986301208|73216&4&541.5740337382408|73223&4&1733.7172829116494|73225&4&196.86962615660076|73233&4&1088.081093453181|73239&4&1774.6071836983892|73242&4&1774.83870456367|73245&4&54.05746338564936|73250&4&558.1194618371522|73252&4&1867.0421717392446|73258&4&96.09620971347488|73260&4&398.9336220444864|73282&4&2928.1440559934563|73285&4&135.49687718245937|73287&4&596.605053483177|73300&4&590.480931527691,2|73195&4&205.64678967348675|73196&4&2339.4824348027755|73204&4&914.3881503991038|73206&4&820.1730792809764|73215&4&766.3625857684344|73217&4&2181.847200975635|73237&4&1944.0840269963446|73256&4&341.4563158141771|73269&4&68.80017024713604|73273&4&1112.7245539746868|73280&4&378.03071598659017|73286&4&2044.26312195118|73288&4&2024.8976423998138,2|73193&4&893.075489190426|73202&4&171.11029601447393|73205&4&75.92025858861967|73207&4&156.32172535538547|73209&4&938.7948645215268|73210&4&511.32916850415336|73211&4&1165.2532765872538|73219&4&383.9347340045243|73221&4&249.23931531337135|73240&4&298.49670836279313|73247&4&503.75576700948926|73248&4&853.1657696909239|73251&4&111.12077171857243|73255&4&1319.229033684661|73260&4&917.3493299116915|73262&4&3139.3501043349324|73265&4&142.78995238077482|73269&4&333.83432464405735|73307&4&338.44301000853125,2|73190&4&1283.8245327257011|73193&4&617.7249417902863|73201&4&2167.863821826675|73210&4&118.90837801443095|73222&4&2923.630499317246|73224&4&1193.30669999541|73228&4&989.6462264829261|73230&4&32.93874005060373|73236&4&125.53926988572047|73254&4&262.68676288786514|73258&4&792.6356431397699|73270&4&1144.895798213041|73276&4&2637.9313810071444|73277&4&692.2673141485236|73285&4&-9.592326932761353E-14|73287&4&41.38961811288994|73306&4&19.455954178007744,2|73203&4&156.13248453917842|73206&4&535.7087946697507|73212&4&1065.057897769539|73213&4&2028.3792077847688|73240&4&1970.6352034980039|73241&4&716.2212011295649|73257&4&2360.7257196806595|73267&4&779.7213267404157|73268&4&1967.8284214956761|73269&4&36.32041874774844|73286&4&1342.9530511370072|73306&4&-1.199040866595169E-14,2|73192&4&1056.7717390327277|73199&4&1242.1110457465402|73214&4&863.7021271409158|73236&4&1585.9347790275538|73238&4&1184.2493951743322|73250&4&307.45787455516194|73253&4&2656.111772132061|73255&4&1098.9877075241789|73259&4&0.1431359548240465|73263&4&3454.0700701779724|73279&4&543.8937547114216|73280&4&1208.087298841017,2|73191&4&790.474912679479|73204&4&1175.6988703090294|73205&4&343.0202021056141|73207&4&2692.126975948827|73218&4&2425.6507611231|73221&4&2422.970105137743|73223&4&52.69985571134157|73232&4&911.3016136709317|73236&4&124.67488505929492|73245&4&2799.6908877613114|73248&4&1085.604114225069|73254&4&1813.8170288110123|73256&4&208.21825245469577|73264&4&765.9804636758731,2|73189&4&899.2150039949902|73192&4&72.68350815937887|73195&4&1820.91434340067|73197&4&398.47919570560634|73200&4&96.94057212747043|73210&4&516.2535788870942|73215&4&257.2629692797474|73220&4&969.5193578093739|73221&4&249.97591712797583|73230&4&1272.7394054973347|73237&4&93.99938468004967|73249&4&1632.9273154350844|73251&4&295.4289191406413|73260&4&173.92338958082672|73265&4&569.9468164922469|73266&4&936.1379693230947|73275&4&1385.0568447704984|73278&4&4031.3805434102374|73279&4&466.86930364830243|73294&4&135.87440008338467,2|73198&4&433.733951326134|73200&4&1625.808898349449|73209&4&3462.7379467544356|73226&4&590.0437415569454|73227&4&14.224583310873847|73228&4&681.1421402345695|73231&4&1994.1601466386521|73232&4&855.2465626975418|73234&4&11.289432984687382|73235&4&443.94172107916467|73237&4&41.13811239358986|73244&4&631.7644433260369|73246&4&1006.6047520864157|73258&4&956.3664362016337|73261&4&1304.1955713623697|73270&4&1674.601761025885|73271&4&834.3590548099999|73272&4&366.17667169445707|73274&4&517.3339958668678|73275&4&393.09221737178063|73285&4&1143.8138896334192|73287&4&0.7017361043565833|73297&4&175.01505798591896,2|73194&4&807.1306269463647|73208&4&2132.309843228636|73211&4&1114.8565386979567|73214&4&34.440686415088784|73228&4&431.7718082902589|73229&4&739.1630136047186|73232&4&23.37962580214615|73235&4&434.38759871798754|73243&4&1198.5985879649063|73244&4&551.4190817056569|73256&4&968.0235464497164|73283&4&1510.0810987218147|73299&4&19.666935034650983
230|4,130,1,1,1,1,1,1,1,1,1,1,1,1,1,1,1,1,1,1,1,1,1,1,1,1,1,1,1,1,1,1,1,1,1,1,1,1,1,1,1,1,1,1,1,1,1,1,1,1,1,1,1,1,1,1,1,1,1,1,1,1,1,1,1,1,1,1,1,1,1,1,1,1,1,1,1,1,1,1,1,1,1,1,1,1,1,1,1,1,1,1,1,1,1,1,1,1,1,1,1,1,0,0,0,0,0,0,0,0,0,0,0,0,0,0,0,0,0,0,0,0,2|73189&4&108.194692471598|73199&4&335.48336484637395|73202&4&184.44298546382288|73216&4&494.29516208394807|73223&4&1604.7393784263952|73225&4&186.8798332601593|73233&4&1207.48910559898|73239&4&1686.702751620289|73242&4&1999.0722157234218|73245&4&17.80755273373334|73250&4&516.1013306591792|73252&4&1939.580969283225|73255&4&374.011129784093|73258&4&91.29139922780114|73260&4&362.7678269864996|73282&4&2767.249124679138|73285&4&105.51412213734115|73287&4&561.4021583640633|73300&4&682.6294130966437,2|73195&4&144.24331904596687|73196&4&2340.0252403866502|73204&4&959.4041145799978|73206&4&715.3392881688926|73215&4&644.1967497607586|73217&4&2472.205379612387|73237&4&2199.683025851744|73256&4&275.35354893232113|73269&4&140.88848123749932|73273&4&1018.7279228713414|73280&4&317.5794623327347|73286&4&2214.1349777577234|73288&4&1846.9422284384982,2|73193&4&917.8075988411786|73202&4&160.18643965160203|73205&4&71.17524242683095|73207&4&111.3665296215236|73209&4&1051.8978584294368|73210&4&476.6524921869677|73211&4&1435.8795617629603|73219&4&351.7624005842798|73221&4&142.72505660325606|73240&4&209.64418603838823|73247&4&452.9793964043245|73248&4&827.4985560272488|73251&4&351.36749231036936|73255&4&1246.8685253582169|73260&4&865.6324475438004|73262&4&3751.1503608941234|73265&4&133.86558035697638|73269&4&282.4926064291134|73307&4&296.43441091650857,2|73190&4&1163.4462269819385|73193&4&549.9995266193305|73201&4&2180.0355266923166|73210&4&87.93384143235346|73222&4&2699.59553134521|73224&4&1090.705599579148|73228&4&1020.1280350658001|73230&4&11.891482639308911|73236&4&89.69010336871546|73254&4&192.24915734369125|73258&4&749.5991735850469|73270&4&1507.6084205512752|73276&4&2625.6489271212577|73277&4&650.7581984810743|73287&4&29.637507300468453|73306&4&15.27030771187782,2|73192&4&260.1377426882899|73203&4&140.86269141528305|73206&4&999.2328345781243|73212&4&1196.737820417447|73213&4&1878.6831151694926|73234&4&50.74392775102043|73240&4&1988.4947197027593|73241&4&637.820950804361|73243&4&92.3427590822846|73245&4&265.77371883291426|73257&4&2405.709487674037|73263&4&419.3418875835396|73267&4&705.8031519204264|73268&4&1767.3224480098022|73269&4&32.34316651509687|73286&4&1178.1973166697653,2|73192&4&994.7077076268051|73199&4&1120.56006639641|73214&4&1111.2010327485145|73236&4&1657.085477413922|73238&4&1435.4284603083352|73250&4&240.06336091483462|73253&4&2435.0329918597395|73255&4&944.5633301053867|73259&4&0.1359791570828442|73263&4&3111.719273963035|73279&4&471.98365221751214|73280&4&1123.5050522186996,2|73191&4&705.8685122396056|73204&4&1016.4952300112551|73205&4&306.37025816794886|73207&4&2490.7170926895624|73218&4&2389.838095479059|73221&4&2219.653016288718|73223&4&34.65915232234824|73232&4&816.378218830667|73236&4&99.7399080474359|73245&4&2562.441455962051|73248&4&962.9814216641005|73254&4&1972.4201547123248|73256&4&187.13900558286207|73264&4&701.7965645816371,2|73189&4&1243.8137626433686|73192&4&48.18559184510467|73195&4&1865.662530310622|73197&4&368.2152960657474|73200&4&76.63586812339756|73210&4&458.56374722528983|73215&4&239.48526596748735|73220&4&900.4415169436633|73221&4&1016.9684327764412|73230&4&1359.5838494159088|73237&4&62.666256453366344|73249&4&0.0|73251&4&257.59744214993464|73260&4&148.14496600902436|73265&4&511.067186426866|73266&4&1010.4248373096141|73275&4&1615.145593329848|73278&4&3696.632860912042|73279&4&432.9171062929354|73294&4&116.87777473336712,2|73198&4&399.13190417685183|73200&4&1718.1623470202767|73209&4&3113.3915742081836|73226&4&532.769911512965|73227&4&12.931439373521679|73228&4&624.678177160015|73231&4&2035.595150060265|73232&4&1334.0588852706449|73234&4&10.724961335453013|73235&4&953.7114642484526|73237&4&18.696307938721475|73244&4&850.9939843266123|73246&4&922.0800951472794|73258&4&845.3732491300988|73261&4&1141.0005497518735|73270&4&1472.1626221343206|73271&4&1234.7217900355947|73272&4&344.299009484926|73274&4&487.20845260659655|73275&4&300.3148677831526|73284&4&44.00206910286525|73285&4&1071.7554522354976|73287&4&4.218847493575595E-15|73297&4&150.18796792973808,2|73194&4&808.3613849634255|73208&4&2254.4990171785016|73211&4&954.6611842430829|73214&4&16.28053575991565|73228&4&344.9389975103453|73229&4&905.635230174315|73232&4&0.943501969656708|73235&4&345.1248874494388|73243&4&1044.0936769866594|73244&4&445.479835478604|73256&4&1147.3647283118873|73283&4&1459.14578913195|73299&4&11.095519947042321
231|4,130,1,1,1,1,1,1,1,1,1,1,1,1,1,1,1,1,1,1,1,1,1,1,1,1,1,1,1,1,1,1,1,1,1,1,1,1,1,1,1,1,1,1,1,1,1,1,1,1,1,1,1,1,1,1,1,1,1,1,1,1,1,1,1,1,1,1,1,1,1,1,1,1,1,1,1,1,1,1,1,1,1,1,1,1,1,1,1,1,1,1,1,1,1,1,1,1,1,1,1,1,0,0,0,0,0,0,0,0,0,0,0,0,0,0,0,0,0,0,0,0,2|73189&4&68.35850498701045|73199&4&508.8112028074028|73202&4&126.49127106463366|73216&4&447.0162904296553|73223&4&1475.7614739411406|73225&4&176.89004036371784|73233&4&1218.7269507323144|73239&4&1606.2188317424175|73242&4&2038.4621486082478|73245&4&-5.6843418860808015E-14|73250&4&474.0831994812062|73252&4&2016.1379719496663|73255&4&556.0387421678906|73258&4&86.4865887421274|73260&4&326.6020319285128|73282&4&2831.888889108922|73285&4&75.53136709222292|73287&4&526.1992632449496|73300&4&711.8422102402253,2|73195&4&95.61572681931388|73196&4&2222.4923913576604|73204&4&909.7083847979557|73206&4&635.1479779876001|73215&4&522.0309137530826|73217&4&2967.0763481459403|73232&4&13.564473980011826|73237&4&2497.374082204428|73238&4&255.3138365420277|73256&4&219.41066442914658|73259&4&51.005592430006445|73269&4&354.3488136761931|73273&4&930.1275175302853|73280&4&257.1282086788792|73286&4&2085.244955180677|73288&4&2109.2101450378887,2|73193&4&1027.1554237321848|73202&4&149.26258328873016|73205&4&66.43022626504222|73207&4&69.87806842699086|73209&4&1345.3812332740827|73210&4&491.2032558359937|73211&4&1733.511972146782|73219&4&319.5900671640354|73221&4&62.50622528713002|73240&4&128.70219137392195|73247&4&402.20302579915995|73248&4&779.1089137812171|73251&4&331.89326466178704|73255&4&1174.5080170317726|73260&4&813.9155651759094|73262&4&4021.003033835249|73265&4&124.94120833317795|73269&4&234.67974142478317|73307&4&254.42581182448583,2|73190&4&1047.1672316734287|73193&4&482.2741114483747|73201&4&2327.2082658672944|73210&4&56.95930485027597|73222&4&2554.6153278261554|73224&4&988.1044991628853|73228&4&1399.4237108106845|73230&4&-5.3290705182007514E-14|73236&4&58.947069026021325|73254&4&129.69132058731725|73258&4&706.5627040303236|73270&4&1489.549020330015|73276&4&2651.154348774875|73277&4&813.2015320572181|73287&4&17.885396488046965|73306&4&11.084661245747895,2|73192&4&271.270330709141|73197&4&109.42610441967878|73203&4&128.57094152825147|73206&4&1024.0371836294312|73212&4&1195.643319039036|73213&4&1732.0031897520344|73234&4&48.20673136346941|73240&4&2524.112256797126|73241&4&559.4207004791574|73243&4&240.16153314290278|73245&4&847.5752276349033|73257&4&2498.092666658914|73263&4&847.3235038813895|73267&4&631.8849771004376|73268&4&2051.8791485895504|73269&4&28.365914282445296|73286&4&1028.0708799080899|73287&4&90.43987657258413,2|73192&4&932.6436762208825|73199&4&999.00908704628|73214&4&1095.5845789452624|73236&4&1606.5871654110827|73238&4&1274.3920550923226|73250&4&172.6688472745073|73253&4&2213.954211587418|73255&4&815.6951642202524|73259&4&0.12882235934164188|73263&4&2790.778988608684|73279&4&401.0098533698091|73280&4&1090.757168478117,2|73191&4&626.4694205795518|73204&4&863.8658357480531|73205&4&269.7203142302837|73207&4&2289.3072094302975|73218&4&2169.6481476785602|73221&4&2016.3359274396926|73223&4&21.174562428999106|73232&4&721.4548239904022|73236&4&74.80493103557689|73245&4&2325.1920241627904|73248&4&840.3587291031319|73254&4&2079.2133415299104|73256&4&166.0597587110284|73264&4&637.6126654874012,2|73189&4&1551.0161585782369|73192&4&35.22317857423116|73195&4&1732.4457966294494|73197&4&337.95139642588833|73200&4&68.12077166524233|73210&4&400.8739155634854|73215&4&567.5507277212637|73220&4&832.408985926781|73221&4&1859.6225673947922|73230&4&1565.8970657419682|73237&4&31.333128226683016|73251&4&219.765965159228|73260&4&122.366542437222|73265&4&452.187556361485|73266&4&1399.1785271444764|73275&4&1576.6401286183927|73278&4&3376.1034245477263|73279&4&466.57635225980414|73294&4&99.22485260234843,2|73198&4&364.52985702756985|73200&4&1599.112719513716|73209&4&2782.1024047679794|73226&4&480.3705520164168|73227&4&11.63829543616951|73228&4&568.2142140854606|73231&4&2195.0084836715896|73232&4&1262.4017966432268|73234&4&10.160489686218645|73235&4&975.498124920477|73237&4&0.0|73244&4&1125.2428500918447|73246&4&1218.6946789040044|73258&4&736.220367098299|73261&4&1214.2715494845397|73270&4&1289.4844477813022|73271&4&1162.2133500411896|73272&4&322.4213472753949|73274&4&457.08290934632544|73275&4&220.62566304476834|73284&4&41.801965647721985|73285&4&999.697014837576|73297&4&128.70928435198533,2|73194&4&726.5548080106518|73202&4&179.27782340411437|73208&4&2306.831471103187|73211&4&814.1628663075836|73214&4&-1.1368683772161603E-13|73228&4&264.9743632673819|73229&4&903.2248822968577|73232&4&0.08586376245032286|73235&4&291.2003314858579|73243&4&904.4002091353073|73244&4&368.59093254493814|73256&4&1158.2286089809418|73273&4&139.32598457698947|73283&4&1332.7003233106043|73299&4&6.555693100728317
232|4,130,1,1,1,1,1,1,1,1,1,1,1,1,1,1,1,1,1,1,1,1,1,1,1,1,1,1,1,1,1,1,1,1,1,1,1,1,1,1,1,1,1,1,1,1,1,1,1,1,1,1,1,1,1,1,1,1,1,1,1,1,1,1,1,1,1,1,1,1,1,1,1,1,1,1,1,1,1,1,1,1,1,1,1,1,1,1,1,1,1,1,1,1,1,1,1,1,1,1,1,1,0,0,0,0,0,0,0,0,0,0,0,0,0,0,0,0,0,0,0,0,2|73189&4&41.03291934963207|73199&4&563.03971532108|73202&4&68.85218778883575|73216&4&399.7374187753626|73223&4&1505.5535138391585|73225&4&298.9050606500731|73233&4&1313.388889368903|73238&4&213.1441924939487|73239&4&1449.0465207281682|73242&4&1922.203228709378|73250&4&672.8314282014745|73252&4&2001.4798976872075|73255&4&527.301777235036|73258&4&105.91896553331618|73260&4&290.436236870526|73282&4&2784.176131503137|73285&4&45.548612047104704|73287&4&490.9963681258359|73288&4&408.748066529718|73300&4&659.2468737027634,2|73195&4&47.05831971412117|73196&4&2175.913438669038|73204&4&952.1714631812107|73206&4&559.2110088521767|73215&4&406.16960839527775|73217&4&2914.9129766704236|73232&4&12.886250281011234|73237&4&2286.2796154926114|73238&4&242.5481447149263|73256&4&173.18656278227698|73259&4&48.45531280850612|73269&4&478.96466651771146|73273&4&848.2114116802472|73280&4&203.70909656314598|73286&4&1971.162676103856|73288&4&1903.227699878541,2|73193&4&1173.0204496287506|73202&4&138.33872692585825|73205&4&61.685210103253496|73207&4&28.389607232458147|73209&4&1475.2409878537546|73210&4&641.4314805891717|73211&4&1641.4831103233541|73219&4&287.417733743791|73221&4&18.9224781424803|73240&4&69.88015489679633|73247&4&609.2603807113721|73248&4&730.7192715351854|73251&4&529.1730589801693|73255&4&1102.1475087053284|73260&4&762.1986828080182|73262&4&3716.604745410754|73265&4&116.01683630937953|73269&4&193.4741615448812|73307&4&243.14120722367534,2|73190&4&0.0|73193&4&418.4562362496741|73201&4&2163.1061756327535|73210&4&30.32508330625525|73222&4&2434.497412993365|73224&4&1062.0316342579376|73228&4&1729.7387013839293|73236&4&28.204034683327215|73254&4&82.80726685513613|73258&4&663.5262344756006|73270&4&1699.3961707274334|73276&4&2952.815688986614|73277&4&855.7108028174512|73287&4&8.135569598728463|73306&4&6.899014779617971,2|73192&4&328.9773272247108|73197&4&103.95479919869484|73203&4&370.73132343518506|73206&4&1293.0065316945356|73212&4&1236.3542908445722|73213&4&1593.2118774868359|73234&4&0.0|73240&4&2611.591534548662|73241&4&481.02045015395356|73243&4&669.6748783094794|73245&4&1251.439473141092|73257&4&2367.7288956562725|73263&4&803.9089739683611|73267&4&557.9668022804485|73268&4&2168.0788819700424|73269&4&24.388662049793723|73286&4&877.9444431464143|73287&4&174.91725097988686,2|73192&4&870.5796448149598|73199&4&877.4581076961498|73214&4&1311.2511771211243|73236&4&1627.0314151315606|73238&4&1118.8237857387412|73250&4&105.27433363417995|73253&4&2004.6170113529504|73255&4&703.1581835167137|73259&4&0.12166556160043955|73263&4&3224.945671992239|73279&4&331.6948797479413|73280&4&1003.5832037117132,2|73191&4&729.4145052265949|73204&4&712.7306674926173|73205&4&233.07037029261852|73207&4&2381.2899541612987|73218&4&2276.2348652150645|73221&4&1813.0188385906679|73223&4&7.689972535649972|73232&4&626.5314291501373|73236&4&49.869954023717874|73245&4&2087.94259236353|73248&4&717.7360365421632|73254&4&2324.692302632031|73256&4&144.98051183919472|73264&4&573.4287663931651,2|73189&4&1434.1693418575228|73192&4&25.69846128381047|73195&4&1693.5923327368905|73197&4&314.4172978473578|73200&4&59.60567520708703|73210&4&343.184083901681|73215&4&562.9554167246102|73220&4&764.3764549098988|73221&4&2178.162277993233|73230&4&1442.5128320728484|73237&4&-3.126388037344441E-13|73251&4&181.93448816852134|73260&4&96.58811886541964|73265&4&393.30792629610403|73266&4&1465.56056793503|73275&4&1462.1576752501142|73278&4&3361.004308057455|73279&4&580.2544413887138|73294&4&85.43129492817131,2|73198&4&329.92780987828775|73200&4&1480.0630920071553|73209&4&2465.039633922339|73226&4&445.02135417258467|73227&4&0.0|73228&4&511.7502510109062|73231&4&2188.2850676924677|73232&4&1190.744708015809|73234&4&0.0|73235&4&904.975138313657|73244&4&1399.4100663724273|73246&4&1133.2776763304273|73258&4&632.1006478327597|73261&4&1463.4956405556695|73270&4&1119.3128142770395|73271&4&1089.7049100467848|73272&4&300.5436850658638|73274&4&426.95736608605426|73275&4&151.47534857463933|73284&4&0.0|73285&4&927.6385774396546|73297&4&107.23060077423261,2|73194&4&645.2703902710798|73202&4&717.2184304906051|73208&4&2695.795062892363|73211&4&693.6508068292378|73228&4&196.83696381892162|73229&4&821.8786783651301|73232&4&5.828670879282072E-16|73235&4&238.73433728659694|73243&4&783.2372060105433|73244&4&315.0232981008018|73256&4&1085.5169897314513|73273&4&182.34859118100815|73283&4&1395.110342739492|73299&4&2.0158662544143198
233|4,130,1,1,1,1,1,1,1,1,1,1,1,1,1,1,1,1,1,1,1,1,1,1,1,1,1,1,1,1,1,1,1,1,1,1,1,1,1,1,1,1,1,1,1,1,1,1,1,1,1,1,1,1,1,1,1,1,1,1,1,1,1,1,1,1,1,1,1,1,1,1,1,1,1,1,1,1,1,1,1,1,1,1,1,1,1,1,1,1,1,1,1,1,1,1,1,1,1,1,1,1,0,0,0,0,0,0,0,0,0,0,0,0,0,0,0,0,0,0,0,0,2|73189&4&13.707333712253767|73199&4&538.4187234766282|73202&4&0.0|73216&4&447.6196601410832|73223&4&1368.6371121347408|73225&4&282.3150270944918|73233&4&1356.4740917066347|73238&4&507.82498447061846|73239&4&1391.1180414965227|73242&4&2001.0453115414193|73250&4&817.4204840033818|73252&4&1960.8390560902494|73255&4&671.2804845313435|73258&4&178.5418961298273|73260&4&254.2704418125392|73282&4&2846.1604544757456|73285&4&22.829439198950443|73287&4&455.79347300672225|73288&4&690.6668500041948|73300&4&767.3339274225943,2|73195&4&8.297840093779769|73196&4&2157.04211577134|73204&4&1192.2379824946288|73206&4&500.4539068116093|73215&4&290.308303037473|73217&4&2710.641443986028|73232&4&12.208026582010643|73237&4&2102.8748229918274|73238&4&229.78245288782492|73256&4&130.38053775810195|73259&4&45.9050331870058|73269&4&668.4886128712427|73273&4&771.033536165553|73280&4&152.34390814547254|73286&4&1841.5322663517982|73288&4&1713.1302114974574,2|73193&4&1104.9615852489953|73202&4&0.0|73205&4&400.47208329485596|73207&4&-1.6342482922482304E-13|73209&4&2040.761023768453|73210&4&743.0696827649076|73211&4&1667.6651822600327|73219&4&255.2454003235466|73221&4&2.9792372300051233|73240&4&23.90511082008451|73247&4&717.5647195867743|73248&4&882.1152388558654|73251&4&554.5157924497198|73255&4&1029.7870003788844|73260&4&710.4818004401271|73262&4&3415.7338286583517|73265&4&107.0924642855811|73269&4&158.27471836596948|73307&4&207.4002519456072,2|73193&4&365.71017084888825|73201&4&2329.8617553183067|73210&4&13.915435291159042|73222&4&2344.8079853040435|73224&4&950.6041220661094|73228&4&1623.0244294113318|73236&4&-1.2079226507921703E-13|73254&4&50.23550924369563|73258&4&620.4897649208776|73270&4&1942.6260687365077|73276&4&3278.58858264709|73277&4&809.6341260244786|73287&4&2.481584795834155|73306&4&2.713368313488047,2|73192&4&395.6558503842052|73197&4&98.4834939777109|73203&4&342.43367428981287|73206&4&1220.4532668177137|73212&4&1141.1558034562547|73213&4&1454.4205652216374|73240&4&2793.1932121602295|73241&4&425.9322216965744|73243&4&865.1579199995306|73245&4&1582.2750838358918|73257&4&2224.699039260377|73263&4&760.4944440553329|73267&4&484.0486274604595|73268&4&2232.283009140625|73269&4&20.41140981714215|73286&4&727.8180063847387|73287&4&165.94528873946106,2|73192&4&808.5156134090371|73199&4&769.7741565647596|73214&4&1327.2998346796542|73236&4&1914.4357352807906|73238&4&977.1693849945862|73250&4&55.33650555297609|73253&4&1796.2397485310325|73255&4&596.1553498465782|73259&4&0.11450876385923722|73263&4&3378.1051695110805|73279&4&263.21190125745727|73280&4&916.4092389453092,2|73191&4&645.9163408995707|73204&4&565.2799424139446|73205&4&196.42042635495332|73207&4&2575.446787405467|73218&4&2586.169439017014|73221&4&1609.7017497416425|73223&4&5.329070518200751E-15|73232&4&531.6080343098726|73236&4&24.934977011858862|73245&4&1876.2097489841585|73248&4&595.6827225467063|73254&4&2144.7268570998176|73256&4&123.90126496736102|73264&4&509.24486729892914,2|73189&4&1317.3225251368085|73192&4&16.8764880238487|73195&4&2239.613478846113|73197&4&290.8831992688272|73200&4&51.09057874893173|73210&4&285.4942522398766|73215&4&1064.2434693482487|73220&4&696.3439238930166|73221&4&2038.5686087321117|73230&4&1469.6019478880644|73251&4&144.1030111778147|73260&4&70.8096952936173|73265&4&334.42829623072316|73266&4&1626.2762743168514|73275&4&1600.090980738865|73278&4&3554.150057982115|73279&4&595.7505343078155|73294&4&71.63773725399419,2|73198&4&295.32576272900565|73200&4&1361.0134645005944|73209&4&2163.4305661907088|73226&4&505.12985448881875|73228&4&455.28628793635175|73231&4&2434.834562884848|73232&4&1119.087619388391|73235&4&834.452151706837|73244&4&1388.222163515182|73246&4&1158.2594607141423|73258&4&539.4873126687296|73261&4&1485.0593204727093|73270&4&960.294302265898|73271&4&1017.1964700523796|73272&4&278.6660228563327|73274&4&396.83182282578315|73275&4&82.32503410451022|73285&4&930.7896048096568|73297&4&85.75191719647991,2|73189&4&254.86172232890658|73194&4&563.9859725315083|73202&4&0.0|73208&4&2821.7245022864545|73211&4&578.488920373749|73228&4&144.1327759161961|73229&4&746.7020893401248|73235&4&187.46614155202028|73243&4&679.8385196851434|73244&4&271.996591530126|73256&4&1070.1819459482704|73273&4&255.05693331247898|73283&4&1264.1437152014555|73299&4&1.543003482379706
234|4,130,1,1,1,1,1,1,1,1,1,1,1,1,1,1,1,1,1,1,1,1,1,1,1,1,1,1,1,1,1,1,1,1,1,1,1,1,1,1,1,1,1,1,1,1,1,1,1,1,1,1,1,1,1,1,1,1,1,1,1,1,1,1,1,1,1,1,1,1,1,1,1,1,1,1,1,1,1,1,1,1,1,1,1,1,1,1,1,1,1,1,1,1,1,1,1,1,1,1,1,1,0,0,0,0,0,0,0,0,0,0,0,0,0,0,0,0,0,0,0,0,2|73189&4&-4.618527782440651E-14|73191&4&619.6879821014103|73199&4&940.2838145134729|73216&4&486.64691170150536|73223&4&1231.720710430323|73225&4&265.72499353891055|73233&4&1483.2069297180324|73238&4&809.3543271698884|73239&4&1467.7735545000294|73242&4&1837.8690502672177|73250&4&0.0|73252&4&1758.74994448052|73255&4&1153.4176766071819|73258&4&247.87236581382962|73260&4&218.1046467545524|73282&4&2655.7336842810764|73285&4&8.18397389007661|73287&4&420.5905778876085|73288&4&915.4658657707141|73300&4&697.5741748240944,2|73195&4&0.0|73196&4&2259.6902600073663|73204&4&1306.4892473815821|73206&4&441.6968047710418|73215&4&204.82235618842486|73217&4&2642.173935962719|73232&4&290.88344651631604|73237&4&1895.1045280503047|73238&4&217.01676106072352|73256&4&88.21699946372546|73259&4&43.354753565505476|73269&4&632.0635206898988|73273&4&695.7637656264213|73280&4&100.97871972779906|73286&4&1793.860319950973|73288&4&1541.3462088349115,2|73193&4&1036.9027208692403|73205&4&378.55047266539765|73209&4&2648.770300169691|73210&4&739.289990153212|73211&4&2262.036784573245|73219&4&223.0730669033022|73221&4&-1.865174681370263E-14|73240&4&-1.9895196601282805E-13|73247&4&665.8489561874378|73248&4&823.7363161314981|73251&4&753.478034389866|73255&4&957.42649205244|73260&4&986.6829133911251|73262&4&3286.299815885814|73265&4&98.16809226178268|73269&4&128.49687831709366|73307&4&171.65929666753914,2|73193&4&312.9641054481025|73201&4&2327.639125747548|73210&4&0.0|73222&4&2417.595405565232|73224&4&839.1766098742814|73228&4&1516.3101574387338|73254&4&17.663751632255074|73258&4&577.4532953661545|73270&4&2251.021497513975|73276&4&3588.882491131372|73277&4&855.7838170112465|73287&4&1.6543898638894061|73306&4&0.0,2|73192&4&373.6215252755371|73197&4&194.33681643258774|73203&4&314.1360251444407|73206&4&1147.9000019408918|73212&4&1045.9573160679372|73213&4&1318.553083631578|73240&4&3083.306075412668|73241&4&562.9475074184209|73243&4&928.8641984690793|73245&4&1669.433283948036|73252&4&365.8132347508805|73257&4&1989.5283659508511|73263&4&717.0799141423047|73267&4&410.1304526404703|73268&4&2046.6922056524074|73269&4&16.434157584490578|73278&4&664.945929681888|73286&4&577.6915696230631|73287&4&156.97332649903527,2|73192&4&746.4515820031145|73199&4&663.7423152219326|73214&4&1230.5766711998886|73236&4&2285.275159992187|73238&4&852.0719086035712|73248&4&553.5050486481716|73250&4&0.0|73253&4&1592.0994061329561|73255&4&500.2959574282809|73259&4&0.1073519661180349|73263&4&3109.1691520891973|73279&4&200.69522761807818|73280&4&829.2352741789051,2|73191&4&577.6761483364846|73204&4&435.57938029066224|73205&4&175.7240221924865|73207&4&2638.5803924592883|73218&4&2482.238495311103|73221&4&1406.3846608926176|73232&4&436.68463946960765|73236&4&-1.4921397450962104E-13|73245&4&1677.442733848361|73248&4&486.63392957773783|73254&4&2449.8846817003223|73256&4&102.82201809552734|73264&4&445.06096820469315,2|73189&4&1200.4757084160944|73192&4&8.054514763886932|73195&4&2264.763032518363|73197&4&267.34910069029655|73200&4&42.575482290776435|73210&4&227.80442057807218|73215&4&1524.5105087543718|73220&4&628.3113928761344|73221&4&2072.6527282964657|73230&4&1509.3538394072066|73251&4&109.40545663291462|73260&4&45.03127172181493|73265&4&275.5486661653422|73266&4&1721.6116155453644|73275&4&2131.3807059439305|73278&4&3210.429321488553|73279&4&547.8482515851622|73294&4&57.844179579817066,2|73198&4&260.72371557972355|73200&4&1241.9638369940337|73209&4&1889.0891968697442|73226&4&457.41721436816545|73228&4&398.8223248617973|73231&4&2437.950020147486|73232&4&1047.430530760973|73235&4&845.4731232994532|73244&4&1304.9239916806525|73246&4&1072.7614450827446|73258&4&448.9990689976352|73261&4&1448.0146398848092|73270&4&818.4581943180331|73271&4&944.6880300579745|73272&4&256.7883606468016|73274&4&366.706279565512|73275&4&26.848763631073698|73285&4&1064.4902346864924|73297&4&65.29858457012352,2|73189&4&559.1546763066691|73194&4&482.7015547919367|73202&4&47.79748533474651|73208&4&2964.595243778971|73211&4&467.819744962369|73228&4&94.04702417785316|73229&4&776.5895722498182|73235&4&138.81151134224686|73243&4&588.3014583911524|73244&4&228.9698849594502|73256&4&1186.5034728659116|73273&4&241.48248445938793|73283&4&1139.5960501658687|73299&4&1.0701407103450922
235|4,130,1,1,1,1,1,1,1,1,1,1,1,1,1,1,1,1,1,1,1,1,1,1,1,1,1,1,1,1,1,1,1,1,1,1,1,1,1,1,1,1,1,1,1,1,1,1,1,1,1,1,1,1,1,1,1,1,1,1,1,1,1,1,1,1,1,1,1,1,1,1,1,1,1,1,1,1,1,1,1,1,1,1,1,1,1,1,1,1,1,1,1,1,1,1,1,1,1,1,1,1,0,0,0,0,0,0,0,0,0,0,0,0,0,0,0,0,0,0,0,0,2|73191&4&588.7035829963397|73199&4&1386.413574613784|73216&4&430.05677545292616|73223&4&1094.8043087259048|73225&4&249.13495998332922|73233&4&1800.2561380069583|73238&4&774.4835725664888|73239&4&1454.937664165934|73242&4&2248.2518525470387|73250&4&328.72075527746404|73252&4&1561.655031397005|73255&4&1600.027065918159|73258&4&651.1046828512855|73260&4&181.93885169656556|73282&4&2412.075423936845|73285&4&0.0|73287&4&385.38768276849487|73288&4&866.8929416825274|73300&4&632.196255391415,2|73190&4&285.9849062825055|73191&4&239.58649542652262|73196&4&2256.606474491489|73204&4&1777.0724909615788|73206&4&382.9397027304744|73215&4&158.508979819319|73217&4&2624.4536583211384|73232&4&625.2733199210633|73237&4&1714.8748293401466|73238&4&204.25106923362213|73256&4&49.402096680133944|73259&4&40.80447394400515|73269&4&610.2622809487161|73273&4&620.4939950872895|73280&4&53.05249465779992|73286&4&2104.5647704382445|73288&4&1380.9987951308049,2|73193&4&968.843856489485|73205&4&356.62886203593933|73209&4&2661.838642759738|73210&4&932.975206434884|73211&4&2301.3091920193865|73219&4&190.9007334830578|73247&4&614.1331927881015|73248&4&765.3573934071308|73251&4&816.971885694101|73255&4&885.0659837259957|73260&4&996.6335055302932|73262&4&3093.4611648415566|73265&4&145.8688697902801|73269&4&98.71903826821784|73307&4&140.3886138675437,2|73193&4&260.51154566968194|73201&4&2207.840492794182|73222&4&2524.0631901301|73224&4&859.8065876057486|73228&4&1904.5440232191486|73254&4&-5.6843418860808015E-14|73258&4&534.4168258114314|73270&4&2104.62029026707|73276&4&3470.585891340254|73277&4&787.1939998851856|73287&4&0.8271949319447001,2|73192&4&384.5905489804745|73197&4&183.79927982781078|73203&4&285.8383759990685|73206&4&1075.3467370640699|73212&4&950.7588286796195|73213&4&1182.6856020415187|73240&4&3089.98539141981|73241&4&493.9403376027746|73243&4&877.5710062481324|73245&4&1751.5809689836456|73252&4&798.9913051762696|73257&4&1761.3679294467147|73263&4&673.6653842292764|73267&4&336.2122778204813|73268&4&2350.686619006911|73269&4&12.456905351839003|73278&4&792.3908183259294|73286&4&430.7543359092835|73287&4&148.00136425860947,2|73192&4&684.3875505971919|73199&4&572.6662551651931|73214&4&1131.1775475310462|73236&4&2145.0823935190137|73238&4&741.727202736491|73248&4&673.2919737087582|73253&4&1822.360789796|73255&4&424.41113579980777|73256&4&234.9422261160073|73259&4&0.10019516837683257|73263&4&3458.196958692154|73279&4&138.17855397869909|73280&4&1051.6522204761222,2|73191&4&522.3265098198084|73204&4&330.41365373944467|73205&4&155.02761803001968|73207&4&2416.4953614500737|73218&4&2257.201270879008|73221&4&1203.0675720435927|73232&4&354.6948638803684|73245&4&1483.3836978348602|73248&4&397.8356660223976|73254&4&2368.936386610284|73256&4&81.74277122369365|73264&4&380.87706911045717,2|73189&4&1083.6288916953804|73192&4&7.105427357601002E-14|73195&4&2082.766220533426|73197&4&243.81500211176598|73200&4&34.06038583262114|73210&4&170.1145889162678|73215&4&1434.8351020451817|73220&4&560.2788618592521|73221&4&2376.781424277253|73230&4&1378.3786631173118|73251&4&86.28484661095557|73260&4&30.47609014010837|73265&4&216.66903609996126|73266&4&1931.3693734060907|73275&4&2350.4635779784116|73278&4&2906.422705871201|73279&4&884.3821324620883|73294&4&44.05062190563994,2|73198&4&226.12166843044147|73200&4&1122.914209487473|73209&4&1636.9733164096099|73226&4&499.4217007770575|73227&4&191.37798791269714|73228&4&342.35836178724287|73231&4&2607.572715184334|73232&4&975.7734421335548|73235&4&976.2693573706365|73244&4&1221.6258198461232|73246&4&987.2634294513471|73258&4&358.51082532654084|73261&4&1293.7491317045803|73270&4&691.9129281021117|73271&4&872.1795900635694|73272&4&234.91069843727053|73274&4&336.58073630524086|73275&4&-1.6342482922482304E-13|73284&4&368.24294924184716|73285&4&1141.2214184590002|73297&4&48.77849329626571,2|73189&4&530.5597881855133|73194&4&401.41713705236504|73202&4&45.40761106800919|73208&4&3171.33276240521|73211&4&380.57423791510007|73216&4&151.7352877808035|73228&4&43.96127243951021|73229&4&716.6578057116|73235&4&96.10940716721115|73243&4&499.0408419942456|73244&4&185.94317838877438|73256&4&1101.3279260960833|73273&4&227.90803560629683|73283&4&1063.1473526366772|73299&4&0.5972779383104783
236|4,130,1,1,1,1,1,1,1,1,1,1,1,1,1,1,1,1,1,1,1,1,1,1,1,1,1,1,1,1,1,1,1,1,1,1,1,1,1,1,1,1,1,1,1,1,1,1,1,1,1,1,1,1,1,1,1,1,1,1,1,1,1,1,1,1,1,1,1,1,1,1,1,1,1,1,1,1,1,1,1,1,1,1,1,1,1,1,1,1,1,1,1,1,1,1,1,1,1,1,1,1,0,0,0,0,0,0,0,0,0,0,0,0,0,0,0,0,0,0,0,0,2|73191&4&557.7191838912692|73199&4&1414.2733787419131|73216&4&373.46663920434696|73223&4&957.8879070214871|73225&4&340.9859588852071|73233&4&1909.5938440022142|73238&4&967.5220007221718|73239&4&1480.0585279665638|73242&4&2247.955705897094|73250&4&314.6884327633158|73252&4&1389.127222968697|73255&4&1511.1809385985239|73258&4&1189.3223166770472|73260&4&145.7730566385788|73282&4&2173.17360238585|73287&4&350.1847876493811|73288&4&818.3200175943406|73300&4&571.1554916428017,2|73190&4&295.7331039959188|73191&4&227.60717065519648|73196&4&2238.934289034472|73204&4&1880.1856452192055|73206&4&324.18260068990696|73215&4&112.19560345021318|73217&4&2790.5252088922416|73232&4&593.1756250761267|73237&4&1844.3032031914663|73238&4&191.48537740652074|73256&4&17.87038746329812|73259&4&38.25419432250483|73268&4&220.79875296403566|73269&4&573.1059961453642|73273&4&545.2242245481577|73280&4&17.65912013832838|73286&4&2264.082765204566|73288&4&1230.738270088406,2|73193&4&900.7849921097298|73205&4&334.707251406481|73209&4&2717.034674903851|73210&4&1176.76521892589|73211&4&2148.4180307070355|73219&4&158.7284000628134|73247&4&563.8029506495685|73248&4&706.9784706827635|73251&4&766.864810728857|73255&4&812.7054753995516|73260&4&1089.72511084697|73262&4&2941.867643761684|73265&4&174.07603781322143|73269&4&74.69992721585118|73307&4&113.24461128021896,2|73193&4&210.19046631183411|73201&4&2466.903068132132|73222&4&2627.4119603517906|73224&4&0.0|73228&4&1773.0823443589002|73258&4&491.38035625670835|73270&4&1958.219083020164|73276&4&3285.616216367376|73277&4&719.6610252334132|73287&4&-5.995204332975845E-15,2|73192&4&360.9060564311261|73197&4&173.2617432230338|73203&4&506.22071913669356|73206&4&1002.7934721872481|73212&4&855.5603412913018|73213&4&1185.8559258031648|73240&4&2995.6607019705016|73241&4&742.7947969310925|73243&4&826.2778140271856|73245&4&1839.2965907644054|73252&4&930.3443977326547|73257&4&1942.2872665202854|73263&4&630.250854316248|73267&4&262.2941030004922|73268&4&2129.620245837173|73269&4&8.479653119187429|73278&4&1057.3874142466545|73286&4&308.76504318949725|73287&4&139.02940201818367,2|73192&4&622.3235191912692|73199&4&497.89055290353866|73214&4&1031.7784238622035|73236&4&2074.8519894972464|73238&4&634.7844653854561|73248&4&987.353244095686|73253&4&1676.0638431547331|73255&4&367.74818109243245|73256&4&328.2889376643502|73259&4&0.09303837063563024|73263&4&3522.3399598502992|73277&4&154.80206606048833|73279&4&93.03966701189131|73280&4&1471.600200044638,2|73191&4&473.9416708069314|73204&4&260.3520224255596|73205&4&134.33121386755283|73207&4&2203.6060326264283|73218&4&2073.832144896683|73221&4&999.7504831945674|73232&4&283.8710095872023|73245&4&1291.85434091701|73248&4&322.17064158885836|73254&4&2412.0148030745886|73256&4&60.66352435185998|73264&4&316.69317001622113,2|73189&4&966.7820749746663|73195&4&1911.3692323935138|73197&4&221.03281938412778|73200&4&25.54528937446584|73210&4&129.58385012076909|73215&4&1345.1596953359913|73220&4&492.24633084236973|73221&4&2814.398335980183|73230&4&1251.6869039166118|73234&4&102.715262095609|73251&4&71.90403884246294|73260&4&16.906348198107406|73265&4&165.82929845002428|73266&4&2023.9039851071107|73267&4&25.748811459828516|73275&4&2156.432730538395|73278&4&2618.543890335223|73279&4&916.9479600367491|73294&4&32.54450290214868,2|73198&4&191.5196212811594|73200&4&1003.8645819809124|73209&4&1402.9867627057868|73226&4&454.184608067348|73227&4&0.0|73228&4&285.8943987126885|73231&4&2419.3098333415824|73232&4&904.1163535061368|73235&4&1029.3438334220216|73244&4&1386.807188182616|73246&4&901.7654138199495|73258&4&283.17804918595675|73261&4&1583.7677833131334|73270&4&565.36766188619|73271&4&799.6711500691644|73272&4&313.23112279420116|73274&4&306.4551930449697|73284&4&0.0|73285&4&1046.7752272253008|73297&4&32.25840202240791,2|73189&4&800.1126613666291|73194&4&383.6631713839786|73202&4&138.55314855748858|73207&4&119.35935152792842|73208&4&3417.847131074992|73211&4&303.07519493045095|73216&4&463.863044628761|73228&4&19.275387342176998|73229&4&687.5071512481451|73230&4&13.046425846859847|73235&4&53.40730299217539|73243&4&409.78022559733887|73244&4&142.91647181809856|73256&4&1016.152379326255|73273&4&214.3335867532058|73283&4&1375.9666735101866|73299&4&0.12441516627586424
237|4,130,1,1,1,1,1,1,1,1,1,1,1,1,1,1,1,1,1,1,1,1,1,1,1,1,1,1,1,1,1,1,1,1,1,1,1,1,1,1,1,1,1,1,1,1,1,1,1,1,1,1,1,1,1,1,1,1,1,1,1,1,1,1,1,1,1,1,1,1,1,1,1,1,1,1,1,1,1,1,1,1,1,1,1,1,1,1,1,1,1,1,1,1,1,1,1,1,1,1,1,1,0,0,0,0,0,0,0,0,0,0,0,0,0,0,0,0,0,0,0,0,2|73191&4&526.7347847861986|73199&4&1435.423249798072|73216&4&337.56535282097747|73223&4&1037.7390694267808|73225&4&320.89291571932023|73233&4&1886.9555515143843|73238&4&1196.7086363110577|73239&4&1702.1731721119065|73242&4&2084.285335627248|73250&4&298.1322092369564|73252&4&1230.4672492875532|73255&4&1422.3348112788885|73258&4&1336.165819960664|73260&4&109.60726158059197|73282&4&1934.2717808348552|73287&4&314.9818925302674|73288&4&1013.7198646524415|73300&4&514.3919558529307,2|73190&4&281.1964900780117|73191&4&215.62784588387035|73196&4&2439.439916265551|73204&4&1872.682475610161|73206&4&265.4254986493395|73215&4&65.88222708110739|73217&4&2852.480450783708|73232&4&565.7173272420474|73237&4&2007.9216537438015|73238&4&178.71968557941935|73256&4&1.4210854715202004E-13|73259&4&35.70391470100451|73268&4&456.2691213336683|73269&4&535.9497113420123|73273&4&469.954454009026|73280&4&7.698183657925945|73286&4&2570.8156669059126|73288&4&1080.4777450460067,2|73193&4&832.7261277299746|73205&4&348.6117963955059|73209&4&2852.6782312759933|73210&4&1265.9985559077008|73211&4&1995.5268693946846|73219&4&126.55606664256901|73247&4&513.4727085110355|73248&4&648.5995479583962|73251&4&716.757735763613|73255&4&740.3449670731075|73260&4&1018.661301373109|73262&4&3073.499919114958|73265&4&298.6190698826779|73269&4&50.680816163484465|73307&4&89.47912756703127,2|73193&4&159.86938695398624|73201&4&2547.0153117869527|73222&4&2617.1212698231534|73228&4&1641.620665498652|73258&4&448.3438867019853|73270&4&1811.8178757732578|73276&4&3319.5192631388|73277&4&657.1003067952676,2|73192&4&369.2897749338304|73197&4&162.7242066182568|73203&4&465.4890703771715|73206&4&1087.0700074853603|73212&4&770.7594234732126|73213&4&1058.7278245313596|73240&4&2874.7800696324985|73241&4&875.5991477995058|73243&4&1038.8677960127675|73245&4&1727.1640689741052|73252&4&1151.3013860956808|73257&4&2272.6928155414453|73263&4&586.8363244032198|73267&4&188.3759281805032|73268&4&1913.6425564403658|73269&4&4.502400886535855|73278&4&1618.4281785330295|73286&4&204.96877343976644|73287&4&145.9159403813542,2|73192&4&560.2594877853464|73199&4&435.0005061241352|73214&4&932.3793001933614|73236&4&1885.681520211321|73238&4&534.1892397743095|73248&4&1205.588545367148|73253&4&1960.2143504648232|73255&4&313.54975296484906|73256&4&603.4320766817126|73259&4&0.08588157289442791|73263&4&3332.82329737938|73277&4&147.0619627574639|73279&4&56.66435543921495|73280&4&1342.816615230648,2|73191&4&425.99282094030417|73203&4&33.17591885712596|73204&4&204.979542209961|73205&4&113.63480970508601|73207&4&1997.8982135333167|73218&4&2392.309987969|73221&4&824.6000676973101|73224&4&515.3283917191305|73228&4&307.5644208273791|73229&4&66.09441435369486|73232&4&213.04715529403626|73245&4&1111.6529706608135|73248&4&261.4302111542946|73254&4&2355.8288830780507|73256&4&39.584277480026294|73264&4&252.50927092198515|73269&4&372.60378323319975|73270&4&103.26579950004975,2|73189&4&863.1663189352721|73195&4&2008.7022271157748|73197&4&198.25063665648952|73200&4&17.03019291631054|73210&4&97.8048986603738|73215&4&1562.4605213488724|73220&4&424.21379982548757|73221&4&3213.210379104332|73230&4&1127.5926840063275|73234&4&0.0|73251&4&57.52323107397035|73260&4&8.07310079410566|73265&4&123.53920489118272|73266&4&1931.491445644188|73267&4&664.4309999421378|73275&4&1962.4018830983778|73278&4&2335.9672972308467|73279&4&1111.540475794487|73294&4&21.038383898657415,2|73198&4&233.66811465767097|73200&4&884.8149544743517|73209&4&1191.3672813581263|73226&4&446.2641527585048|73228&4&229.43043563813404|73231&4&2237.802793270159|73232&4&832.4592648787188|73235&4&1469.3830800530081|73244&4&1291.0850393395356|73246&4&816.2673981885519|73258&4&228.38214959337606|73261&4&1675.3308068289941|73270&4&438.8223956702685|73271&4&727.1627100747592|73272&4&286.343556256347|73274&4&276.3296497846985|73285&4&952.3290359916012|73297&4&21.823911580359862,2|73189&4&1114.2785420543962|73194&4&792.2429407266916|73202&4&131.38650370294044|73207&4&387.95622840828617|73208&4&3548.890283956176|73211&4&225.80354773427928|73216&4&440.2905541778709|73228&4&3.1205871622023387|73229&4&613.9729575105454|73230&4&189.24420438572133|73235&4&15.898161756864264|73243&4&323.80457194094436|73244&4&99.88976524742276|73256&4&930.9768325564266|73273&4&200.75913790011472|73283&4&1494.8387950652213|73299&4&0.0622075831379334
238|4,130,1,1,1,1,1,1,1,1,1,1,1,1,1,1,1,1,1,1,1,1,1,1,1,1,1,1,1,1,1,1,1,1,1,1,1,1,1,1,1,1,1,1,1,1,1,1,1,1,1,1,1,1,1,1,1,1,1,1,1,1,1,1,1,1,1,1,1,1,1,1,1,1,1,1,1,1,1,1,1,1,1,1,1,1,1,1,1,1,1,1,1,1,1,1,1,1,1,1,1,1,0,0,0,0,0,0,0,0,0,0,0,0,0,0,0,0,0,0,0,0,2|73191&4&495.7503856811281|73199&4&1642.8455065436676|73216&4&302.37813304771953|73223&4&1254.0316779759783|73225&4&298.7848784402376|73233&4&1752.359681315533|73238&4&1451.6421404227576|73239&4&1763.212472988176|73242&4&1925.4253966459887|73249&4&218.83609985432247|73250&4&281.57598571059697|73252&4&1094.88500002534|73255&4&1333.4886839592532|73258&4&1310.8685512457514|73260&4&73.44146652260517|73282&4&2031.2809985546905|73287&4&279.77899741115374|73288&4&958.4395208763834|73300&4&810.0696539981957,2|73190&4&278.05639401282406|73191&4&203.64852111254422|73196&4&2617.1646529741392|73204&4&1812.599347872314|73206&4&213.87514728215928|73215&4&38.57681489785409|73217&4&2605.4266744890347|73232&4&1054.6738548229405|73237&4&2496.024835308186|73238&4&165.95399375231796|73259&4&33.153635079504184|73268&4&1168.9382682052712|73269&4&498.79342653866047|73273&4&394.68468346989425|73280&4&0.0|73286&4&3038.813579772107|73288&4&949.2580283019485,2|73193&4&764.6672633502194|73205&4&410.3211305810389|73209&4&2901.6245738470307|73210&4&1172.7474833692208|73211&4&2083.8753019579594|73219&4&94.38373322232461|73247&4&463.14246637250267|73248&4&590.220625234029|73251&4&666.6506607983691|73255&4&667.9844587466632|73260&4&937.9295967583236|73262&4&3245.7740772047964|73265&4&277.9504604326926|73269&4&42.652336946731914|73307&4&69.84996554073943,2|73193&4&109.54830759613836|73201&4&2340.899198304166|73222&4&3054.7533369529533|73228&4&1510.1589866384038|73258&4&405.3074171472622|73270&4&1665.4166685263517|73276&4&3052.7242782017843|73277&4&595.5408187240552,2|73192&4&344.0018718318794|73197&4&152.18667001347984|73203&4&0.0|73206&4&1499.768986349151|73212&4&736.497567177533|73213&4&958.8668897131511|73240&4&3308.7559135768697|73241&4&802.7819540446408|73243&4&974.380445081494|73245&4&2293.893457909069|73252&4&1088.3048308921952|73257&4&2467.644921429326|73263&4&543.4217944901915|73267&4&137.6843505617768|73268&4&1706.3042968164475|73269&4&0.5251486538842813|73278&4&1814.2333326998657|73286&4&130.8911438063476|73287&4&161.74665645419287,2|73192&4&498.19545637942383|73199&4&378.38390931650963|73214&4&832.9801765245189|73236&4&1901.3993728326766|73238&4&453.74456337404854|73244&4&275.1282289520112|73248&4&1409.1070323617314|73253&4&1974.3618432220146|73255&4&259.35132483726574|73256&4&991.9246192730266|73259&4&0.07872477515322558|73263&4&3580.061120348542|73277&4&139.32185945443948|73279&4&33.32267873859793|73280&4&1214.0330304166578,2|73191&4&378.0439710736769|73203&4&0.0|73204&4&149.60706199436243|73205&4&92.9384055426192|73207&4&1803.4902222759692|73215&4&204.72063749777624|73218&4&2278.24425278722|73221&4&666.1631270959846|73224&4&505.45147347930646|73228&4&560.5030267513041|73229&4&382.5661995726832|73232&4&142.2233010008702|73245&4&951.7564421273568|73248&4&219.27433797612272|73254&4&2627.114757839462|73256&4&18.505030608192612|73264&4&515.7065166446262|73265&4&189.02095905913276|73269&4&353.97359407153976|73270&4&98.10250952504727,2|73189&4&775.0764306515894|73195&4&1889.6233542430673|73197&4&175.4684539288513|73200&4&8.515096458155242|73210&4&69.3674822688452|73215&4&1457.4363030035788|73220&4&742.0530173779355|73221&4&3902.7659623674003|73230&4&1003.4984640960432|73251&4&43.14242330547776|73260&4&3.552713678800501E-15|73265&4&82.26771762233697|73266&4&1889.2246072753537|73267&4&631.1450779163812|73275&4&2319.572220897271|73278&4&2069.7161853747198|73279&4&1309.6159929313785|73294&4&10.919084930787818,2|73198&4&552.6630770488234|73200&4&815.4756156243849|73209&4&1000.1827038311399|73217&4&258.1889368414402|73226&4&400.2736773026412|73228&4&172.96647256357963|73231&4&2058.189025129924|73232&4&760.8021762513008|73235&4&1539.9098177659105|73244&4&1195.362890496455|73246&4&730.7693825571542|73258&4&186.30507788280553|73261&4&1666.959689126853|73267&4&231.18432081273778|73270&4&326.14735601951804|73271&4&654.6542700803541|73272&4&259.45598971849284|73274&4&449.9738289330101|73285&4&857.8828447579016|73297&4&16.367933685269918,2|73189&4&1052.892858024425|73194&4&1044.0205914772794|73202&4&124.21985884839228|73207&4&650.242873285526|73208&4&3279.487569739871|73211&4&149.9629870143749|73216&4&416.7180637269808|73228&4&-1.865174681370263E-14|73229&4&542.6478380166553|73230&4&426.6954145236949|73235&4&8.171241461241152E-14|73243&4&258.21100475051827|73244&4&56.863058676746945|73256&4&845.8012857865984|73273&4&295.9360472948078|73277&4&19.79666650077263|73283&4&1546.476160119384|73299&4&0.0
239|4,130,1,1,1,1,1,1,1,1,1,1,1,1,1,1,1,1,1,1,1,1,1,1,1,1,1,1,1,1,1,1,1,1,1,1,1,1,1,1,1,1,1,1,1,1,1,1,1,1,1,1,1,1,1,1,1,1,1,1,1,1,1,1,1,1,1,1,1,1,1,1,1,1,1,1,1,1,1,1,1,1,1,1,1,1,1,1,1,1,1,1,1,1,1,1,1,1,1,1,1,1,0,0,0,0,0,0,0,0,0,0,0,0,0,0,0,0,0,0,0,0,2|73191&4&464.76598657605757|73199&4&1540.5696285958313|73216&4&267.19091327446154|73223&4&1508.4543458226347|73225&4&276.676841161155|73233&4&1617.763811116682|73238&4&1470.1420750532454|73239&4&1821.2072277781665|73242&4&1770.4592130604053|73249&4&235.23950547720733|73250&4&265.01976218423755|73252&4&969.3581640532886|73255&4&1244.6425566396179|73258&4&1234.5044337799511|73260&4&37.27567146461835|73282&4&2151.5976795404413|73287&4&244.57610229204002|73288&4&958.6436294898676|73300&4&1082.2057976499998,2|73190&4&389.2133164210235|73191&4&191.66919634121808|73196&4&2722.9208095204294|73204&4&1923.2468038061556|73206&4&178.70197576315394|73215&4&14.582131456889265|73217&4&2366.7465456207296|73232&4&1184.7394284806564|73237&4&2930.1459157878608|73238&4&153.18830192521656|73259&4&323.2747419537604|73268&4&1866.434919715588|73269&4&461.6371417353086|73273&4&322.7824657183543|73286&4&2869.9040902870847|73288&4&823.5974879745196|73308&4&92.23144611447219,2|73193&4&778.0042705416727|73205&4&382.33709954086066|73209&4&3325.2925197802588|73210&4&1079.496410830741|73211&4&2241.081539608169|73219&4&207.87116313545195|73247&4&412.8122242339698|73248&4&531.8417025096617|73251&4&616.5435858331252|73255&4&595.623950420219|73260&4&1032.4637893841145|73262&4&3321.118170920595|73265&4&257.2818509827072|73269&4&34.62385772997936|73307&4&54.52624094657534,2|73193&4&59.2272282382905|73201&4&2137.153733461672|73222&4&2798.3562571178627|73228&4&1378.6973077781558|73258&4&362.27094759253913|73270&4&1519.0154612794458|73276&4&2982.1308771447725|73277&4&540.8684762615314,2|73192&4&318.71396872992835|73197&4&141.64913340870288|73206&4&1394.7195447761146|73212&4&688.0187745977648|73213&4&1044.573752709222|73240&4&3046.9057044061333|73241&4&0.0|73243&4&909.8930941502208|73245&4&2911.106475236703|73252&4&1025.3082756887097|73257&4&2537.1445870533153|73263&4&500.0072645771632|73267&4&93.65285042415462|73268&4&1538.2403387743962|73269&4&-4.440892098500626E-15|73278&4&1821.2796668446697|73285&4&178.85316318478306|73286&4&90.07860938483026|73287&4&150.70198901641504|73302&4&410.89051524653974,2|73192&4&436.1314249735012|73199&4&330.7860498664634|73214&4&897.611699640132|73236&4&1957.5248077760332|73238&4&385.7566366901318|73244&4&591.0250720350607|73248&4&1566.3022903856122|73253&4&2133.061041944946|73255&4&205.15289670968238|73256&4&977.6782579687818|73259&4&0.07156797741202325|73263&4&3497.4127578001326|73277&4&131.58175615141505|73279&4&12.166537343767725|73280&4&1085.2494456026677,2|73191&4&330.0951212070496|73204&4&94.23458177876384|73205&4&72.24200138015236|73207&4&1609.082231018622|73215&4&419.25136806024074|73218&4&2345.900119182225|73221&4&525.6137117440693|73224&4&478.8905788260433|73228&4&1144.319969424605|73229&4&510.9774230742016|73232&4&95.43631037378873|73245&4&802.8058429853808|73248&4&177.11846479795076|73254&4&2861.8762957214635|73256&4&12.336687072128413|73264&4&575.5053502689495|73265&4&279.04115227950507|73269&4&402.3670826308861|73270&4&289.25947465042987,2|73189&4&686.9865423679068|73195&4&1705.835822545931|73197&4&152.68627120121306|73200&4&-5.6843418860808015E-14|73210&4&40.93006587731662|73215&4&1352.412084658285|73220&4&735.1050756844825|73221&4&3950.440341548186|73230&4&885.5449078069975|73251&4&28.76161553698518|73265&4&56.193806175510225|73266&4&1755.1909312244854|73267&4&597.8591558906247|73275&4&2371.773861630945|73278&4&1812.8053487334764|73279&4&1267.9817787490813|73294&4&3.9167357174514086,2|73198&4&691.3862764474236|73200&4&1313.39670058418|73203&4&54.1364837619127|73209&4&826.0486294699947|73217&4&560.7556593220448|73226&4&505.78224303901504|73228&4&116.5025094890252|73231&4&1878.5752569896895|73232&4&689.1450876238828|73235&4&1621.0334936563652|73244&4&1099.6407416533743|73246&4&645.2713669257566|73252&4&95.77934937497855|73258&4&144.22800617223507|73261&4&1564.8144769184898|73267&4&387.2397207638491|73270&4&221.2522542371756|73271&4&582.145830085949|73272&4&0.0|73274&4&546.2923715778454|73285&4&763.436653524202|73297&4&10.911955790179945,2|73189&4&1073.0373089444079|73194&4&1192.0505157534235|73202&4&117.05321399384412|73207&4&952.5774814047056|73208&4&3010.0848555235652|73211&4&89.97050452615603|73216&4&393.1455732760907|73229&4&479.5371098605992|73230&4&513.7140870192505|73243&4&205.91004433706996|73244&4&19.75120495605004|73256&4&760.6257390167699|73273&4&714.424005366253|73277&4&18.806833175734|73283&4&1523.6315616669854
240|4,130,1,1,1,1,1,1,1,1,1,1,1,1,1,1,1,1,1,1,1,1,1,1,1,1,1,1,1,1,1,1,1,1,1,1,1,1,1,1,1,1,1,1,1,1,1,1,1,1,1,1,1,1,1,1,1,1,1,1,1,1,1,1,1,1,1,1,1,1,1,1,1,1,1,1,1,1,1,1,1,1,1,1,1,1,1,1,1,1,1,1,1,1,1,1,1,1,1,1,1,1,0,0,0,0,0,0,0,0,0,0,0,0,0,0,0,0,0,0,0,0,2|73191&4&433.78158747098706|73199&4&1438.2937506479957|73216&4&232.00369350120357|73223&4&1365.3729932746344|73225&4&254.56880388207236|73233&4&1534.5026180702941|73238&4&1554.472649551392|73239&4&1793.000759123729|73242&4&1615.4930294748224|73249&4&297.77261003493595|73250&4&248.4635386578781|73252&4&847.361666621239|73255&4&1236.6548462127437|73258&4&1158.140316314151|73260&4&17.783176653165494|73282&4&2111.9358084467094|73287&4&210.02344119016237|73288&4&1434.0255401626644|73300&4&1160.668909889463,2|73190&4&559.9703097775922|73191&4&198.48724833661495|73196&4&2704.4806293071306|73204&4&2020.0468933865461|73206&4&143.73201053947236|73215&4&1.0658141036401503E-14|73217&4&2148.4327836578977|73232&4&1184.3422103340358|73237&4&2923.7601886634666|73238&4&140.42261009811517|73259&4&306.09089300747223|73268&4&2135.075010362313|73269&4&424.4808569319567|73273&4&270.36176028431044|73286&4&2670.2248656116426|73288&4&699.6634276568155|73308&4&146.7518525585839,2|73193&4&1157.908329771588|73205&4&0.0|73209&4&4019.615762752016|73210&4&1178.4706377895081|73211&4&2459.4285231128224|73219&4&332.24720752366954|73247&4&362.4819820954369|73248&4&473.4627797852944|73251&4&566.4365108678813|73255&4&523.2634420937749|73260&4&942.9687899073003|73262&4&3676.4755063049106|73265&4&236.61324153272193|73269&4&26.59537851322681|73307&4&43.48818168773928,2|73193&4&14.79235236222009|73201&4&1983.264289401247|73222&4&2547.1188451663597|73228&4&1247.2356289179077|73258&4&319.2344780378161|73270&4&1372.6142540325395|73276&4&2714.08685567647|73277&4&486.1961337990077,2|73192&4&293.4260656279774|73197&4&131.1115968039259|73206&4&1289.670103203078|73212&4&785.2948314738472|73213&4&1017.159677478229|73240&4&2854.3280736840397|73243&4&845.4057432189475|73245&4&2828.693953949031|73252&4&962.3117204852241|73257&4&2598.074351318549|73263&4&456.59273466413487|73267&4&59.94300890232715|73268&4&1397.3350887854108|73278&4&1945.6171358376312|73285&4&330.23011503926887|73286&4&52.104082809176326|73287&4&139.6573215786372|73302&4&605.027866817126,2|73192&4&374.06739356757856|73199&4&283.1881904164171|73214&4&1046.746061813062|73236&4&2300.020313360637|73238&4&325.43302500835534|73244&4&879.8416352741544|73248&4&1474.9478248070423|73253&4&2351.381041622609|73255&4&150.95446858209903|73256&4&1009.717950800153|73259&4&0.06441117967082093|73263&4&3259.005886464871|73277&4&123.84165284839064|73279&4&0.0|73280&4&1421.3878209362101,2|73191&4&282.1462713404223|73204&4&44.95264958791675|73205&4&0.0|73207&4&1424.3345476352038|73215&4&650.3508397168619|73218&4&2119.7590360425665|73221&4&411.3917791376685|73224&4&452.3296841727801|73228&4&1084.8953567818246|73229&4&484.29863858388137|73232&4&65.58042075995343|73245&4&669.9035356583796|73248&4&135.83934362240024|73254&4&3058.4468463037524|73256&4&6.168343536064188|73264&4&836.71860127331|73265&4&566.0961085840585|73269&4&380.3857095831758|73270&4&559.9325389726572,2|73189&4&600.158073943976|73195&4&1645.691742881142|73197&4&129.9040884735748|73210&4&12.492649485788045|73215&4&1247.387866312991|73220&4&657.7954505923575|73221&4&3921.0572157342895|73230&4&779.6370414172488|73251&4&14.380807768492595|73265&4&30.67344913539344|73266&4&1785.8799323159096|73267&4&564.5732338648683|73275&4&2162.3498233668106|73278&4&1557.1925920238748|73279&4&0.0|73294&4&0.0,2|73198&4&689.075874608965|73200&4&1682.6600332516455|73203&4&51.42965957381706|73209&4&661.9274682100281|73217&4&599.3466119304111|73226&4&641.4516300868131|73228&4&81.03319292773946|73231&4&1698.961488849455|73232&4&617.4879989964647|73235&4&1576.9061541454219|73244&4&1003.9185928102942|73246&4&559.773351294359|73252&4&90.99038190622963|73258&4&102.1509344616646|73261&4&0.0|73267&4&430.67053780443024|73270&4&145.68075527249636|73271&4&677.3093997117677|73272&4&24.54218684170697|73274&4&499.14671359586833|73285&4&673.0779884307511|73297&4&5.455977895089973,2|73189&4&1256.039487357082|73194&4&1265.110936351002|73202&4&109.88656913929597|73207&4&1110.3824320531357|73208&4&2740.68214130726|73211&4&44.47284368089484|73216&4&369.5730828252007|73229&4&427.44905990172606|73230&4&668.0127735834145|73243&4&153.60908392362177|73244&4&8.459082217564717|73256&4&675.4501922469415|73273&4&673.5369898589265|73277&4&17.816999850695368|73283&4&1480.221867252259
241|4,130,1,1,1,1,1,1,1,1,1,1,1,1,1,1,1,1,1,1,1,1,1,1,1,1,1,1,1,1,1,1,1,1,1,1,1,1,1,1,1,1,1,1,1,1,1,1,1,1,1,1,1,1,1,1,1,1,1,1,1,1,1,1,1,1,1,1,1,1,1,1,1,1,1,1,1,1,1,1,1,1,1,1,1,1,1,1,1,1,1,1,1,1,1,1,1,1,1,1,1,1,0,0,0,0,0,0,0,0,0,0,0,0,0,0,0,0,0,0,0,0,2|73191&4&402.79718836591655|73199&4&1432.1718007949808|73216&4&196.8164737279456|73223&4&1813.578744521163|73225&4&235.2534734057305|73233&4&1480.5456459925736|73238&4&1763.1892606484128|73239&4&2008.5601703037596|73242&4&1460.5268458892392|73249&4&397.24882860928926|73250&4&231.90731513151866|73252&4&727.0909226728688|73255&4&1547.2543732069912|73258&4&1130.2665035279906|73260&4&8.526512829121202E-14|73282&4&2222.8447101734732|73287&4&175.50920998016787|73288&4&1655.496173840901|73300&4&1146.7069608155548,2|73190&4&527.7689039488356|73191&4&267.51429347248757|73196&4&2479.0867166123785|73204&4&1870.4900622045163|73206&4&108.76204531579074|73217&4&1938.1977034268425|73232&4&1425.6174310990893|73237&4&2701.3600989815995|73238&4&127.65691827101378|73259&4&288.90704406118414|73268&4&2018.6901124341941|73269&4&387.3245721286048|73273&4&217.9410548502665|73286&4&2451.824706782839|73288&4&602.8649541449142|73308&4&173.03252245569354,2|73193&4&1379.3186824800157|73209&4&3742.637531235343|73210&4&1310.4008951387543|73211&4&2753.020923588582|73219&4&388.0673853892748|73247&4&312.15173995690395|73248&4&415.0838570609271|73251&4&0.0|73255&4&450.90293376733064|73260&4&1099.160439780717|73262&4&4048.504047784444|73265&4&215.9446320827366|73269&4&18.566899296474254|73307&4&34.133284371151404,2|73193&4&3.042123254688695|73201&4&2189.203691617603|73222&4&2295.8814332148568|73228&4&1115.7739500576595|73258&4&276.19800848309296|73270&4&1226.2130467856339|73276&4&2454.7160267733725|73277&4&433.4182206116457,2|73192&4&268.1381625260263|73197&4&120.57406019914892|73206&4&1184.6206616300415|73212&4&1073.6444806941313|73213&4&914.3712540395435|73236&4&348.7078141948433|73240&4&2629.6349376451803|73243&4&780.9183922876742|73245&4&2704.399783471982|73252&4&899.3151652817386|73257&4&2804.516783858776|73263&4&413.17820475110653|73267&4&26.233167380499648|73268&4&1261.5927398463568|73278&4&2222.6331981907897|73285&4&463.94453477555476|73286&4&26.27642459641686|73287&4&128.61265414085938|73302&4&641.6405376895414,2|73192&4&312.0033621616559|73199&4&237.3007419128844|73214&4&1061.30193785018|73220&4&42.98047054598572|73236&4&2107.6460043881843|73238&4&265.1094133265788|73244&4&930.369642392477|73248&4&1383.593359228472|73253&4&2408.4972592483014|73255&4&96.75604045451567|73256&4&1039.351334811546|73259&4&0.0572543819296186|73263&4&3199.8905096244757|73277&4&116.10154954536623|73280&4&1560.8460474833619,2|73191&4&234.19742147379503|73204&4&22.743822190178143|73207&4&1250.2018920732635|73215&4&745.6768530333926|73218&4&2122.141294844354|73221&4&306.46391955768786|73224&4&425.76878951951693|73228&4&1025.4707441390442|73229&4&457.6198540935611|73232&4&39.72380365084718|73245&4&543.918234178075|73248&4&94.56022244684972|73254&4&2808.2109787908616|73256&4&-3.730349362740526E-14|73264&4&774.4081361801918|73265&4&536.5975202566266|73269&4&358.4043365354655|73270&4&949.4163965798689,2|73189&4&528.4374410063078|73195&4&2037.6757465120097|73197&4&107.12190574593659|73210&4&-7.460698725481052E-14|73215&4&1142.3636479676973|73220&4&580.4858255002324|73221&4&3804.276133532703|73230&4&679.4202346979386|73251&4&0.0|73265&4&16.22416353223716|73266&4&1644.7584802921813|73267&4&531.2873118391118|73275&4&2121.1146668132437|73278&4&1313.5406523037896,2|73198&4&645.7299965146174|73200&4&1861.1254167482953|73203&4&48.722835385721424|73209&4&530.6851304840374|73217&4&567.2996462263766|73226&4&591.8834117749508|73228&4&51.72492542613142|73231&4&1519.3477207092205|73232&4&545.8309103690467|73235&4&1459.3664372888186|73244&4&908.1964439672133|73246&4&474.2753356629615|73252&4&86.20141443748071|73258&4&60.07386275109415|73261&4&9.118434163432028|73267&4&658.4996086111305|73270&4&84.68155126835231|73271&4&791.1404879059993|73272&4&39.34882541489774|73274&4&476.7720291293957|73285&4&596.259262599431|73297&4&0.0,2|73189&4&1178.1540781201059|73194&4&1175.3327038637356|73202&4&102.71992428474782|73207&4&1049.360241426761|73208&4&2578.0249727241326|73211&4&13.066506320685555|73216&4&498.13119888562096|73229&4&375.36100994285283|73230&4&769.6464317663299|73243&4&101.30812351017356|73244&4&-5.6843418860808015E-14|73254&4&180.7912522325073|73256&4&590.2746454771132|73273&4&798.3550284260573|73277&4&163.50028828729037|73283&4&1643.8123432607222
242|4,130,1,1,1,1,1,1,1,1,1,1,1,1,1,1,1,1,1,1,1,1,1,1,1,1,1,1,1,1,1,1,1,1,1,1,1,1,1,1,1,1,1,1,1,1,1,1,1,1,1,1,1,1,1,1,1,1,1,1,1,1,1,1,1,1,1,1,1,1,1,1,1,1,1,1,1,1,1,1,1,1,1,1,1,1,1,1,1,1,1,1,1,1,1,1,1,1,1,1,1,1,0,0,0,0,0,0,0,0,0,0,0,0,0,0,0,0,0,0,0,0,2|73191&4&371.81278926084605|73199&4&1325.0882264424035|73216&4&172.57796982984533|73223&4&1779.3855250373608|73225&4&380.1316398695241|73233&4&1461.9838454206056|73238&4&1976.6354734005185|73239&4&2068.4490135755004|73242&4&1305.560662303656|73249&4&375.4212849516363|73250&4&215.35109160515918|73252&4&609.9371179449802|73255&4&1856.9734856949765|73258&4&1459.149626439055|73282&4&2385.171075033932|73287&4&140.99497877017336|73288&4&1548.7853215396635|73300&4&1054.9517738193745,2|73190&4&519.8088408247038|73191&4&250.49778792554855|73196&4&2262.2775121467043|73204&4&1720.9332310224866|73206&4&73.79208009210915|73217&4&1727.9626231957882|73232&4&1643.2672823008434|73237&4&2484.362605810735|73238&4&114.89122644391239|73259&4&293.66374945656656|73268&4&1902.3052145060747|73269&4&350.16828732525295|73273&4&175.10562719327845|73286&4&2330.431605814186|73288&4&520.7104607407853|73308&4&163.7719091554619,2|73193&4&1268.781356335981|73209&4&3465.65929971867|73210&4&1352.478878795109|73211&4&2983.3011528683483|73219&4&461.0733482656062|73247&4&0.0|73248&4&356.70493433655975|73255&4&378.5424254408864|73260&4&1076.6449078690548|73262&4&3854.718131641284|73265&4&195.27602263275128|73269&4&10.538420079721703|73307&4&24.77838705456353,2|73193&4&2.042810365310288E-14|73201&4&2003.2565823134084|73222&4&2044.6440212633538|73228&4&984.3122711974111|73258&4&233.1615389283699|73270&4&1079.8118395387278|73276&4&2196.137927492896|73277&4&386.4651613455691,2|73192&4&304.788821578561|73197&4&110.03652359437194|73206&4&1153.3416173057433|73212&4&976.6133237145967|73213&4&795.4553107115156|73236&4&331.27242348510117|73240&4&2783.982160518778|73243&4&716.431041356401|73245&4&2511.816495275588|73252&4&836.3186100782532|73257&4&2949.8529068637604|73263&4&369.7636748380782|73267&4&14.375207469291361|73268&4&1125.9274185575196|73278&4&2157.269446215875|73285&4&439.45224319581877|73286&4&9.471519667550623|73287&4&117.56798670308154|73302&4&671.4246232000867,2|73192&4&253.51705938007314|73199&4&191.4132934093517|73214&4&965.6200882667927|73220&4&353.19172907825896|73236&4&1928.929496995786|73238&4&215.18164427235368|73244&4&879.3417931895267|73248&4&1292.2388936499024|73253&4&2392.962311446626|73255&4&46.43703318056926|73256&4&976.0654811730539|73259&4&0.05009758418841627|73263&4&2908.5590028625056|73277&4&108.36144624234181|73280&4&1438.8734862256388,2|73191&4&186.24857160716778|73204&4&5.15397493783731|73207&4&1076.0692365113237|73215&4&790.6505372655057|73218&4&2058.7456332008333|73221&4&208.9094494258614|73224&4&399.20789486625375|73228&4&1018.4074074109207|73229&4&495.9405507123513|73232&4&18.809423946519047|73245&4&427.1014784723656|73248&4&53.28110127129921|73254&4&2557.9751112779704|73264&4&718.8495204136785|73265&4&507.0989319291947|73269&4&483.9016441923794|73270&4&1655.201033831654,2|73189&4&456.71680806863975|73195&4&2078.4209138749584|73197&4&84.33972301829837|73215&4&1038.5683154207827|73220&4&509.932152769059|73221&4&3556.406354152211|73230&4&588.9420418742009|73234&4&31.19967114103948|73265&4&8.581298833529017|73266&4&1503.6370282684527|73267&4&498.00138981335533|73275&4&2166.6850065150584|73278&4&1102.2907391076847,2|73193&4&84.9541217090487|73198&4&602.3841184202696|73200&4&1896.7923003471342|73203&4&46.01601119762579|73209&4&399.4427927580467|73217&4&535.2526805223422|73226&4&542.3151934630886|73228&4&22.416657924523342|73231&4&1345.0990465113475|73232&4&474.1738217416286|73235&4&1346.4166427889922|73244&4&812.4742951241329|73246&4&430.7017024931711|73252&4&81.41244696873179|73258&4&25.44528143460168|73261&4&430.80371546081386|73267&4&780.1952696050427|73270&4&32.65029355029852|73271&4&719.7069258896389|73272&4&201.03693297274262|73274&4&447.75421946050955|73285&4&526.0701896550275,2|73189&4&1424.9473688000537|73194&4&1221.7342032939164|73202&4&95.55327943019967|73207&4&988.3380508003862|73208&4&2327.9150576907014|73211&4&0.0|73216&4&482.57322395987825|73229&4&323.27295998397966|73230&4&827.3188148784827|73242&4&139.3470945948077|73243&4&56.12632960952533|73254&4&545.9836877901525|73256&4&505.0990987072847|73273&4&810.010676581189|73277&4&155.17679887417006|73283&4&1747.969497691488
243|4,130,1,1,1,1,1,1,1,1,1,1,1,1,1,1,1,1,1,1,1,1,1,1,1,1,1,1,1,1,1,1,1,1,1,1,1,1,1,1,1,1,1,1,1,1,1,1,1,1,1,1,1,1,1,1,1,1,1,1,1,1,1,1,1,1,1,1,1,1,1,1,1,1,1,1,1,1,1,1,1,1,1,1,1,1,1,1,1,1,1,1,1,1,1,1,1,1,1,1,1,1,0,0,0,0,0,0,0,0,0,0,0,0,0,0,0,0,0,0,0,0,2|73191&4&340.82839015577554|73199&4&1218.004652089826|73216&4&148.3394659317451|73223&4&1939.4227345866652|73225&4&404.3560328539112|73233&4&1326.549342916303|73238&4&2095.528561642741|73239&4&2170.0563287526543|73242&4&1150.5944787180729|73249&4&353.5937412939834|73250&4&381.4872950459837|73252&4&492.78331321709163|73255&4&2165.2938717158354|73258&4&1791.887483524782|73282&4&2507.4078975205375|73287&4&106.48074756017883|73288&4&1442.074469238427|73300&4&969.3204018524787,2|73190&4&632.0061259495848|73191&4&483.3992449484257|73196&4&2240.187382592521|73204&4&1571.3763998404568|73206&4&40.9791300017055|73217&4&1518.8897257858316|73232&4&1673.4208788919718|73237&4&2277.3369322078042|73238&4&102.125534616811|73259&4&275.3828727931949|73268&4&1785.9203165779552|73269&4&313.01200252190097|73273&4&145.29962657748996|73286&4&2201.104837649884|73288&4&438.5559673366563|73308&4&154.5112958552303,2|73193&4&1158.244030191946|73205&4&287.8122926665725|73209&4&3509.395246116602|73210&4&1349.3920740026638|73211&4&2734.736295520612|73219&4&0.0|73248&4&298.3260116121924|73255&4&306.1819171144423|73260&4&1105.715179802371|73262&4&3765.6286425567378|73265&4&174.60741318276598|73269&4&3.3629864203819535|73307&4&15.604806541672644,2|73201&4&2031.657532502315|73222&4&1793.4066093118504|73228&4&852.850592337163|73258&4&190.12506937364685|73270&4&933.4106322918219|73276&4&1947.0525801372469|73277&4&339.5121020794923,2|73192&4&646.9619625598988|73197&4&281.44798791023084|73206&4&1284.9309857981498|73212&4&984.697185681953|73213&4&905.7589805439771|73236&4&313.83703277535903|73240&4&2805.1521058832545|73243&4&651.9436904251277|73245&4&2564.010207038794|73252&4&773.3220548747676|73257&4&3036.507722635745|73263&4&326.34914492504987|73265&4&127.80476415127904|73267&4&4.833350764769987|73268&4&990.6800202937987|73278&4&2529.6384931871357|73285&4&460.9466584180589|73286&4&6.750155989720952E-14|73287&4&119.80092356114977|73302&4&695.6268583015609,2|73192&4&197.86228226622555|73199&4&145.77365660771832|73214&4&894.4232632658247|73220&4&499.6865182861241|73236&4&1750.2129896033873|73238&4&174.10849383236277|73244&4&941.5043730180204|73248&4&1680.557757067897|73253&4&2258.972606565298|73255&4&12.359219754045057|73256&4&912.7796275345614|73259&4&0.04294078644721394|73263&4&2622.301241719918|73277&4&100.6213429393174|73280&4&1318.0669888507716,2|73191&4&141.37180008499539|73204&4&-2.8421709430404007E-14|73207&4&901.9365809493836|73215&4&745.7986114122158|73218&4&2172.9284006783205|73221&4&134.20830844148162|73224&4&372.6470002129906|73228&4&1265.1776788134503|73229&4&466.01179216657545|73232&4&4.399463172595507|73245&4&321.83244362268067|73248&4&12.001980095748687|73254&4&2315.772333378835|73264&4&713.0884283099543|73265&4&477.60034360176286|73269&4&454.5463371094379|73270&4&2359.9580240328955,2|73189&4&393.3071803610567|73195&4&2058.314414640919|73197&4&61.55754029066012|73215&4&947.410127242214|73220&4&454.78938252712555|73221&4&3775.8187711683495|73230&4&511.9147726867525|73234&4&29.639687583987506|73265&4&0.9384341348208909|73266&4&1489.5881321210395|73267&4&464.71546778759887|73275&4&2233.811830546545|73278&4&898.1864298275709,2|73193&4&80.70641562359627|73198&4&559.0382403259218|73200&4&1745.886788570693|73203&4&43.30918700953015|73209&4&268.20045503205597|73217&4&927.4324962661557|73226&4&593.293676918611|73228&4&0.0|73231&4&1291.796398073998|73232&4&402.5167331142105|73235&4&1462.5209341924165|73244&4&716.7521462810523|73246&4&758.1951488660663|73252&4&553.2024401232987|73258&4&3.0423989522059585|73261&4&409.24073360236457|73267&4&825.0006199061957|73270&4&5.6843418860808015E-14|73271&4&648.2733638732784|73272&4&346.70862216276|73274&4&398.40169295331395|73285&4&455.88111671062404,2|73189&4&1330.8280245672318|73194&4&1188.0054310597147|73202&4&88.3866345756515|73207&4&927.3158601740115|73208&4&2375.732550795034|73216&4&537.0224406940217|73229&4&279.6073260101699|73230&4&950.6948762561082|73242&4&132.3797398650673|73243&4&483.30378566553725|73254&4&927.070561226285|73256&4&423.03447868067457|73261&4&162.48748542214685|73273&4&840.2180768679726|73277&4&146.85330946104975|73279&4&92.22015263251677|73281&4&133.98549704229617|73283&4&1777.467620167683
244|4,130,1,1,1,1,1,1,1,1,1,1,1,1,1,1,1,1,1,1,1,1,1,1,1,1,1,1,1,1,1,1,1,1,1,1,1,1,1,1,1,1,1,1,1,1,1,1,1,1,1,1,1,1,1,1,1,1,1,1,1,1,1,1,1,1,1,1,1,1,1,1,1,1,1,1,1,1,1,1,1,1,1,1,1,1,1,1,1,1,1,1,1,1,1,1,1,1,1,1,1,1,0,0,0,0,0,0,0,0,0,0,0,0,0,0,0,0,0,0,0,0,2|73191&4&309.84399105070503|73199&4&1110.921077737249|73216&4&124.10096203364486|73223&4&1887.1651561423178|73225&4&371.01065040265297|73233&4&1191.2745551105832|73238&4&1952.6206171434096|73239&4&2103.0370255552452|73242&4&995.6282951324899|73249&4&331.76619763633045|73250&4&377.4229656948298|73252&4&391.5256834605242|73255&4&2253.0491125003596|73258&4&1711.7292772225771|73282&4&2329.553627322593|73287&4&81.40966227315033|73288&4&1508.9413815085027|73300&4&965.0551218448552,2|73190&4&591.3121150811535|73191&4&486.6542621707143|73196&4&2013.2546799450229|73204&4&1421.8195686584272|73206&4&15.668402272171488|73217&4&1324.9879631922997|73232&4&1564.7773481559034|73237&4&2075.3788662725615|73238&4&89.3598427897096|73259&4&0.0|73268&4&1669.5354186498357|73269&4&275.8557177185491|73273&4&115.49362596170134|73286&4&2005.4818920958242|73288&4&356.47124462198633|73308&4&145.25068255499866,2|73193&4&1047.706704047911|73205&4&335.71521836144416|73209&4&3786.218629272149|73210&4&1585.2878846514434|73211&4&2576.856371432247|73247&4&93.77830276752067|73248&4&239.9470888878251|73255&4&233.82140878799808|73260&4&1002.7095067282723|73262&4&3774.0750986746643|73265&4&153.93880373278068|73269&4&-3.552713678800501E-14|73307&4&10.455778817472329,2|73201&4&1936.706542808743|73222&4&1870.205459836135|73228&4&721.3889134769147|73258&4&147.08859981892377|73270&4&787.0094250449159|73276&4&1963.6662365449088|73277&4&292.5590428134156,2|73192&4&673.7844481407014|73197&4&370.82192516912204|73206&4&1211.7583807973444|73212&4&898.8774703416182|73213&4&1069.816937395005|73236&4&434.75540568933036|73240&4&2558.2541083810966|73243&4&587.4563394938543|73245&4&2869.122748348141|73252&4&710.3254996712822|73257&4&2798.0151095346373|73263&4&282.93461501202154|73265&4&209.6050521865326|73267&4&2.902902935607411|73268&4&855.4326220300778|73278&4&2793.2406390931087|73280&4&24.298637819322835|73285&4&434.15503149822416|73287&4&257.055906172527|73302&4&716.779623923548,2|73192&4&160.89787287106196|73199&4&103.21811877095635|73214&4&798.9244224211006|73220&4&473.70638931393904|73236&4&1572.8720112477486|73238&4&141.84551509590173|73244&4&884.817002363498|73248&4&1898.8116570222546|73253&4&2310.45545962576|73255&4&-4.618527782440651E-14|73256&4&849.4937738960692|73259&4&0.0|73263&4&3053.0295825828925|73277&4&92.88123963629299|73280&4&1197.260491475905,2|73191&4&105.63982043894912|73207&4&727.8039253874437|73215&4&700.9466855589258|73218&4&2190.5929045541575|73221&4&79.67260990407607|73224&4&346.0861055597274|73228&4&1474.8822814215705|73229&4&436.08303362079977|73232&4&0.0|73245&4&240.323206699987|73248&4&-2.4868995751603507E-14|73254&4&2098.3864884686545|73264&4&778.3263854371658|73265&4&448.1017552743309|73269&4&500.04610642655035|73270&4&2517.70760451495,2|73189&4&329.89755265347367|73195&4&1901.9826712993956|73197&4&41.753288225978636|73215&4&856.2519390636451|73220&4&402.173651512198|73221&4&4129.6718212731585|73230&4&443.891710455395|73234&4&28.07970402693553|73265&4&-6.8833827526759706E-15|73266&4&1430.2306260844362|73267&4&431.4295457618424|73275&4&2201.639470746526|73278&4&722.933470495761,2|73193&4&76.45870953814384|73198&4&515.6923622315742|73200&4&1595.1673553768853|73203&4&40.60236282143451|73209&4&161.80362284245012|73217&4&1292.1131076282038|73226&4&548.0977002813355|73231&4&1117.6450884363662|73232&4&330.8596444867925|73235&4&1346.3538849530469|73244&4&623.0889405859958|73246&4&668.0984856753571|73251&4&26.295575723441587|73252&4&836.1650171302775|73258&4&1.5211994761029315|73261&4&387.67775174391534|73267&4&777.0612926729476|73271&4&576.8398018569179|73272&4&385.9487129953065|73274&4&394.3150731034508|73285&4&385.69204376622054,2|73189&4&1236.7086803344096|73194&4&1104.2100928993405|73202&4&81.21998972110333|73207&4&935.698361092778|73208&4&2252.454516175876|73216&4&556.7862850524609|73229&4&242.12636171313537|73230&4&1028.4627418686264|73242&4&149.13157458037102|73243&4&713.8813964801661|73254&4&878.877496908385|73256&4&344.2603370413682|73260&4&137.61960503137266|73261&4&154.3631111510395|73273&4&783.883359622807|73277&4&138.52982004792943|73279&4&240.75407837361354|73281&4&0.0|73283&4&1742.736930999809
245|4,130,1,1,1,1,1,1,1,1,1,1,1,1,1,1,1,1,1,1,1,1,1,1,1,1,1,1,1,1,1,1,1,1,1,1,1,1,1,1,1,1,1,1,1,1,1,1,1,1,1,1,1,1,1,1,1,1,1,1,1,1,1,1,1,1,1,1,1,1,1,1,1,1,1,1,1,1,1,1,1,1,1,1,1,1,1,1,1,1,1,1,1,1,1,1,1,1,1,1,1,1,0,0,0,0,0,0,0,0,0,0,0,0,0,0,0,0,0,0,0,0,2|73191&4&278.8595919456345|73199&4&1119.4746545442736|73216&4&106.51002248017171|73223&4&1734.570936034219|73225&4&337.66526795139475|73233&4&1059.149492973623|73238&4&1818.426048436784|73239&4&1936.9374674482724|73242&4&840.6621115469068|73249&4&596.7871842183604|73250&4&350.650795043933|73252&4&312.70714916985344|73255&4&2167.3623009390376|73258&4&1762.630864843612|73282&4&2404.9498493134206|73287&4&58.20432544904977|73288&4&1393.5516409787|73300&4&883.6919725100789,2|73190&4&550.6181042127221|73191&4&604.6739326335169|73196&4&1957.3491249937458|73204&4&1272.6866615022645|73206&4&8.526512829121202E-14|73217&4&1141.989735122614|73232&4&1456.1338174198352|73237&4&1873.4208003373183|73238&4&76.59415096260821|73259&4&116.27571357272038|73268&4&1855.1438999606107|73269&4&238.69943291519726|73273&4&92.3949007693611|73286&4&1846.8566026833132|73288&4&279.2575303729386|73308&4&135.99006925476704,2|73193&4&937.1693779038762|73205&4&358.4409820072609|73209&4&3464.712822681348|73210&4&1463.5874565690503|73211&4&2344.925909524419|73247&4&189.81574714297943|73248&4&181.56816616345776|73255&4&161.46090046155393|73260&4&899.7038336541734|73262&4&3434.9545331389827|73265&4&133.27019428279536|73307&4&9.148806465288263,2|73201&4&1981.871747306787|73222&4&2115.8995202073465|73228&4&613.5469915135986|73258&4&104.05213026420071|73270&4&658.902979554439|73276&4&1919.157465901642|73277&4&245.6059835473389,2|73192&4&623.1849575514741|73197&4&345.7364923228282|73206&4&1356.8330999721566|73212&4&873.5394256022261|73213&4&1493.1424769544342|73236&4&690.8333721651729|73240&4&2491.941547660273|73243&4&522.968988562581|73245&4&3085.2428182858303|73252&4&647.3289444677966|73257&4&2702.831392139419|73263&4&239.5200850989932|73265&4&198.80528766682778|73267&4&1.9352686237382704|73268&4&720.1852237663569|73278&4&2844.9397840785737|73280&4&149.093380013315|73285&4&492.4365334605059|73287&4&400.19843529885964|73302&4&672.6709757795295,2|73192&4&123.93346347589844|73199&4&64.7542653219036|73214&4&836.9811564679433|73220&4&540.2854475560302|73236&4&1402.2178606152854|73238&4&109.58253635944075|73244&4&828.1296317089757|73248&4&2051.7338517190165|73253&4&2405.9651551884203|73256&4&991.4093741374418|73263&4&3797.7279060168075|73277&4&85.14113633326858|73280&4&1076.4539941010378,2|73191&4&82.83963505650374|73207&4&586.3878149810679|73215&4&656.0947597056359|73218&4&2285.9340938170735|73221&4&37.74246511190541|73224&4&319.5252109064642|73228&4&1652.8519078855543|73229&4&467.0714768009526|73245&4&175.81515868756986|73254&4&1887.4531873122746|73264&4&718.1335722842366|73265&4&418.603166946899|73269&4&472.4524646986805|73270&4&2704.3126980577927,2|73189&4&266.48792494589065|73195&4&2012.9723936649693|73197&4&25.41193890217293|73215&4&765.0937508850761|73220&4&349.55792049727035|73221&4&4249.126591433965|73230&4&375.86864822403754|73234&4&26.519720469883556|73246&4&131.36297093510407|73266&4&1471.2997916565175|73267&4&398.143623736086|73275&4&2474.6228439910255|73278&4&569.4512611553087,2|73193&4&72.2110034526914|73198&4&472.3464841372264|73200&4&1449.0217291922586|73203&4&37.89553863333887|73209&4&469.4269413047856|73210&4&170.5308438688429|73217&4&1253.709532939638|73223&4&164.48214240517063|73226&4&500.5971855369105|73231&4&1203.3435691237767|73232&4&259.20255585937446|73235&4&1231.4600979133033|73241&4&1.1702013128426074|73244&4&529.4257348909391|73246&4&596.7991771835182|73251&4&24.980796937269506|73252&4&997.1049106938747|73258&4&-1.021405182655144E-14|73261&4&366.11476988546605|73262&4&415.34363218286194|73267&4&729.1219654396998|73271&4&512.794237309229|73272&4&365.07730201842446|73274&4&445.72385939474714|73285&4&315.5029708218171|73288&4&400.135500681455,2|73189&4&1142.5893361015874|73194&4&1021.4712541338149|73202&4&74.05334486655516|73207&4&943.543337393217|73208&4&2003.0690666736473|73216&4&634.8707643506816|73229&4&204.6453974161008|73230&4&964.8341241541966|73242&4&140.97826037837845|73243&4&677.0146372013489|73254&4&830.684432590485|73256&4&265.4861954020619|73260&4&130.738624779804|73261&4&146.23873687993216|73273&4&843.9094088671494|73277&4&130.20633063480912|73279&4&228.48582407335158|73283&4&1591.3939773410118
246|4,130,1,1,1,1,1,1,1,1,1,1,1,1,1,1,1,1,1,1,1,1,1,1,1,1,1,1,1,1,1,1,1,1,1,1,1,1,1,1,1,1,1,1,1,1,1,1,1,1,1,1,1,1,1,1,1,1,1,1,1,1,1,1,1,1,1,1,1,1,1,1,1,1,1,1,1,1,1,1,1,1,1,1,1,1,1,1,1,1,1,1,1,1,1,1,1,1,1,1,1,1,0,0,0,0,0,0,0,0,0,0,0,0,0,0,0,0,0,0,0,0,2|73191&4&247.875192840564|73199&4&1006.6092226337164|73216&4&89.52470617308185|73223&4&1589.985112628236|73225&4&373.9769266689492|73233&4&1075.952295086683|73238&4&1851.866732676244|73239&4&1770.8379093412998|73242&4&685.6959279613237|73249&4&679.0724348395504|73250&4&323.8786243930361|73252&4&249.51157898431916|73255&4&2042.6295675756055|73258&4&1760.2752739382609|73282&4&2176.327442398402|73287&4&35.99084501110588|73288&4&1278.1619004488973|73300&4&802.3288231753027,2|73190&4&509.9240933442908|73191&4&766.6846913601908|73196&4&2507.847695075339|73204&4&1123.5537543461023|73217&4&974.5397511461922|73232&4&1347.490286683767|73237&4&1911.0367270798356|73238&4&63.828459135506826|73259&4&291.88467706988047|73268&4&2421.8998269685885|73269&4&201.5431481118454|73273&4&69.29617557702086|73286&4&1828.8381290134114|73288&4&210.46077732133276|73308&4&126.7294559545354,2|73193&4&826.6320517598413|73205&4&338.92413759274456|73209&4&3143.207016090547|73210&4&1352.6430394997194|73211&4&2265.547857176373|73247&4&180.09051402891163|73248&4&134.94917908882425|73255&4&89.10039213510973|73260&4&801.2237289015882|73262&4&3103.3574542792367|73265&4&121.5259568566085|73307&4&7.841834113104225,2|73201&4&1835.7537377443941|73222&4&2300.04323845009|73228&4&519.4195160668241|73258&4&61.015660709477636|73270&4&542.6453439846289|73276&4&2173.8199075182797|73277&4&198.65292428126222,2|73192&4&572.5854669622466|73197&4&479.5631919343327|73206&4&1222.041408600753|73212&4&1162.2415358694138|73213&4&1665.9569340198102|73218&4&184.70982702240178|73236&4&680.3270801929201|73240&4&2354.8229906017996|73243&4&458.48163763130776|73245&4&3001.660779531925|73252&4&584.3323892643111|73257&4&2772.323354938251|73263&4&196.10555518596487|73265&4&248.6298590393505|73267&4&0.9676343118691366|73268&4&598.3908499217968|73278&4&3312.957107980752|73280&4&389.3158314681144|73282&4&276.6144820035305|73285&4&631.0702105060841|73287&4&391.1304234073083|73302&4&628.562327635511,2|73192&4&86.9690540807349|73199&4&46.589925463535494|73214&4&883.1121160259798|73220&4&509.67735922313136|73236&4&1239.2361533648009|73238&4&82.39671023975897|73244&4&880.5878251917727|73248&4&1905.4691216752658|73253&4&2808.588171009747|73256&4&1416.7879229324062|73263&4&4262.200949008212|73277&4&77.40103303024416|73280&4&960.554508551002,2|73191&4&63.5188224926941|73207&4&457.85258532659395|73215&4&689.2353085573674|73218&4&2075.655528232019|73221&4&13.028642930559268|73224&4&452.851616149244|73228&4&1547.5185704022306|73229&4&475.692764512243|73245&4&123.92058839637583|73254&4&1684.879805017239|73264&4&764.3920169553194|73265&4&389.10457861946713|73269&4&439.0791828369825|73270&4&2822.729142501018,2|73189&4&203.07829723830758|73195&4&1900.1117424570828|73197&4&9.070589578367208|73215&4&673.9355627065072|73220&4&298.3774366503837|73221&4&4224.936423687704|73230&4&307.84558599268|73234&4&0.0|73246&4&564.4558449961933|73266&4&1366.5143912250678|73267&4&364.85770171032954|73275&4&2498.967473673365|73278&4&418.7655691464982,2|73193&4&209.66236428047318|73198&4&473.4610049266009|73200&4&1308.8144979699834|73203&4&35.188714445243235|73209&4&1105.379569044762|73210&4&162.00430167540077|73217&4&1267.7553418071218|73223&4&156.2580352849121|73226&4&453.0966707924857|73228&4&121.46409941774755|73231&4&1602.6380621392495|73232&4&196.2340223613196|73235&4&1116.5663108735594|73241&4&1.111691247200477|73244&4&435.76252919588256|73246&4&529.8474151306383|73251&4&23.666018151097425|73252&4&982.2435150884222|73261&4&344.55178802701676|73262&4&811.541030955864|73267&4&681.1826382064519|73271&4&461.6260212392937|73272&4&0.0|73274&4&762.026886336715|73285&4&245.3138978774136|73288&4&380.1287256473823,2|73189&4&1048.4699918687652|73194&4&941.0832860089228|73200&4&140.07420283877286|73202&4&132.11202404304697|73207&4&1542.704617532985|73208&4&1868.6378489233666|73216&4&589.9296458979918|73229&4&167.1644331190662|73230&4&901.2055064397671|73242&4&192.6778824195744|73243&4&640.1478779225318|73254&4&782.4913682725851|73256&4&200.1545217825352|73260&4&216.09657324860694|73261&4&138.11436260882482|73273&4&818.7667123764264|73277&4&283.8981266488007|73279&4&216.21756977308962|73283&4&1446.1639024840645
247|4,130,1,1,1,1,1,1,1,1,1,1,1,1,1,1,1,1,1,1,1,1,1,1,1,1,1,1,1,1,1,1,1,1,1,1,1,1,1,1,1,1,1,1,1,1,1,1,1,1,1,1,1,1,1,1,1,1,1,1,1,1,1,1,1,1,1,1,1,1,1,1,1,1,1,1,1,1,1,1,1,1,1,1,1,1,1,1,1,1,1,1,1,1,1,1,1,1,1,1,1,1,0,0,0,0,0,0,0,0,0,0,0,0,0,0,0,0,0,0,0,0,2|73191&4&216.8907937354935|73199&4&893.7437907231592|73216&4&72.53938986599198|73223&4&1452.9053400008995|73225&4&358.3616565304081|73233&4&952.1899560442708|73238&4&1699.6839045108557|73239&4&1750.0593003104211|73242&4&548.2082716724747|73249&4&723.1340720986834|73250&4&297.1064537421392|73252&4&193.1213098481128|73255&4&2027.441536681559|73258&4&1622.3357043451776|73282&4&1966.4614269125623|73287&4&0.0|73288&4&1162.7721599190945|73300&4&748.1714277000254,2|73190&4&469.2300824758594|73191&4&748.9170391847568|73196&4&2575.420850108582|73204&4&1060.7586568899596|73217&4&818.0334648698635|73232&4&1238.8467559476987|73237&4&1910.2317293259393|73238&4&51.06276730840544|73258&4&248.17286183207545|73259&4&276.9997539324546|73268&4&2498.85781755678|73269&4&164.38686330849347|73273&4&46.19745038468062|73286&4&2179.6251222259016|73288&4&141.66402426972687|73308&4&117.46884265430377,2|73193&4&716.0947256158065|73205&4&319.40729317822814|73209&4&2821.701209499747|73210&4&1241.6986224303887|73211&4&2061.938989526058|73247&4&170.36528091484388|73248&4&89.63545963744822|73255&4&36.2302371190063|73260&4&708.7147916268491|73262&4&2792.938979965143|73265&4&109.78171943042162|73307&4&6.534861760920187,2|73201&4&1705.5715709882406|73222&4&2321.109502113788|73228&4&428.31954544120066|73258&4&22.378045194170696|73270&4&439.3018095602162|73276&4&2605.389441937652|73277&4&0.0,2|73192&4&521.9859763730191|73197&4&643.3549104609917|73206&4&1145.1123902389124|73212&4&1129.1636560059515|73213&4&1740.630373768951|73218&4&270.03519560696316|73220&4&316.16859076120613|73236&4&640.5590320743031|73240&4&2406.83323337176|73243&4&393.9942867000344|73245&4&2741.2072326305133|73252&4&521.3358340608256|73257&4&2989.9225100673875|73263&4&152.69102527293654|73265&4&234.7988777250343|73267&4&2.886579864025407E-15|73268&4&497.7504015218405|73278&4&3888.141517976013|73280&4&576.9958016062925|73282&4&606.4947127690389|73285&4&863.0947830337889|73287&4&0.0|73302&4&584.4536794914925,2|73192&4&50.0046446855714|73199&4&28.42558560516738|73214&4&1002.5183144371382|73220&4&479.0692708902325|73236&4&1094.1230502697497|73238&4&61.79753267981931|73244&4&823.1816467675022|73248&4&2112.4295134429785|73253&4&2783.892891274204|73256&4&1318.2957728435485|73263&4&4404.996938976311|73277&4&0.0|73280&4&854.9342631650388,2|73191&4&45.586044076774236|73207&4&354.7381390424566|73215&4&694.4800318744581|73218&4&1877.2357440958617|73221&4&2.4077746312472117|73224&4&504.98843315582354|73228&4&1442.1852329189066|73229&4&440.6383505630027|73245&4&77.1396757276272|73254&4&1482.3064227222042|73264&4&791.6437471939987|73265&4&359.6059902920352|73269&4&503.56570736744857|73270&4&2752.406594985052,2|73189&4&154.38601812989575|73195&4&1731.515944972489|73197&4&3.0844874076243185|73215&4&582.7773745279383|73220&4&261.1202305300469|73221&4&4107.324948137298|73230&4&239.8225237613225|73246&4&729.8267033925571|73266&4&1416.766439092585|73267&4&331.5717796845731|73275&4&2292.656409219272|73278&4&297.34433940461724,2|73193&4&454.69762233657764|73198&4&427.8921068880671|73200&4&1180.6800274216453|73203&4&32.4818902571476|73209&4&1391.2554767948648|73210&4&153.47775948195863|73217&4&1343.3841400250517|73223&4&148.03392816465356|73226&4&405.5961560480608|73227&4&28.776325673368014|73228&4&244.04047832458815|73231&4&1997.407904484637|73232&4&133.2654888632647|73235&4&1001.6725238338157|73241&4&1.0531811815583465|73244&4&350.4180541881892|73246&4&464.47491653136535|73251&4&22.351239364925345|73252&4&1136.5472502603375|73261&4&322.9888061685675|73262&4&839.0557388361008|73267&4&633.243310973204|73271&4&555.3603279796105|73272&4&91.02274059022957|73274&4&748.5914830434334|73285&4&191.51282351833652|73288&4&443.68812118902724,2|73189&4&1287.0975909742624|73194&4&860.6953178840301|73200&4&398.523487026799|73202&4&121.68411298694681|73207&4&1559.2810138749974|73208&4&1872.1158933535003|73216&4&544.9885274453022|73229&4&129.68346882203164|73230&4&850.1036891331765|73242&4&445.5278090900151|73243&4&603.2811186437148|73254&4&960.0553449422553|73256&4&156.1737058762256|73260&4&360.06207320849313|73261&4&129.98998833771748|73267&4&21.67548453534846|73273&4&754.7634538528396|73277&4&0.0|73279&4&203.94931547282764|73283&4&1633.4946518365714
248|4,130,1,1,1,1,1,1,1,1,1,1,1,1,1,1,1,1,1,1,1,1,1,1,1,1,1,1,1,1,1,1,1,1,1,1,1,1,1,1,1,1,1,1,1,1,1,1,1,1,1,1,1,1,1,1,1,1,1,1,1,1,1,1,1,1,1,1,1,1,1,1,1,1,1,1,1,1,1,1,1,1,1,1,1,1,1,1,1,1,1,1,1,1,1,1,1,1,1,1,1,1,0,0,0,0,0,0,0,0,0,0,0,0,0,0,0,0,0,0,0,0,2|73191&4&185.906394630423|73199&4&780.8783588126018|73216&4&55.554073558902104|73223&4&1316.5595629293748|73225&4&379.30446727250137|73233&4&828.4276170018585|73238&4&1547.5010763454677|73239&4&2030.6933513738072|73242&4&432.52540982916395|73249&4&676.7336224660894|73250&4&270.33428309124236|73252&4&144.88449260954528|73255&4&2332.7482599069235|73258&4&1484.396134752094|73282&4&1762.9881785832458|73288&4&1047.3824193892917|73300&4&768.4619935059397,2|73190&4&428.5360716074281|73191&4&698.7331070405106|73196&4&2543.421878470229|73204&4&997.1799511031016|73217&4&664.5270010578686|73232&4&1266.7144482975818|73237&4&1981.1326243137232|73238&4&38.297075481304056|73258&4&576.5955661054343|73259&4&262.1148307950288|73268&4&2320.2934968631557|73269&4&128.2556387350832|73273&4&23.098725192340385|73286&4&2456.483803352802|73288&4&86.04027823979213|73308&4&108.20822935407215,2|73193&4&611.3532122336036|73205&4&299.89044876371173|73209&4&2500.195402908946|73210&4&1130.754205361058|73211&4&1932.4372437981415|73247&4&160.64004780077607|73248&4&61.5971251982162|73255&4&4.650160310737144|73260&4&621.5920839203038|73262&4&2490.4443302044465|73265&4&98.03748200423473|73307&4&5.227889408736148,2|73201&4&1984.5750970609793|73222&4&2747.6494670166203|73228&4&344.0143428371762|73258&4&-9.237055564881302E-14|73270&4&336.246553546805|73276&4&2580.9994448317943,2|73192&4&846.9619731540236|73197&4&600.4827330920159|73206&4&1117.3074520946234|73212&4&1039.8522204227352|73213&4&2032.3105449926659|73218&4&531.5506880439539|73220&4&522.7353817757387|73229&4&112.67662312922363|73236&4&674.59687062409|73240&4&2390.0397735899933|73243&4&329.5069357687611|73245&4&2794.050704832028|73252&4&458.3392788573401|73256&4&16.195546592985806|73257&4&2741.0544036149104|73263&4&109.27649535990822|73265&4&220.96789641071808|73268&4&407.4892055602364|73278&4&4437.830560665456|73280&4&732.8349173536657|73282&4&1201.3918605335498|73285&4&1089.9662200347439|73287&4&112.77651864120637|73302&4&540.345031347474,2|73192&4&13.825724164389674|73199&4&14.212792802583643|73214&4&1008.1808343930329|73220&4&448.4611825573336|73236&4&955.9782160400537|73238&4&41.19835511987961|73244&4&760.8000743842579|73248&4&2086.7222867968935|73253&4&2783.0539446066114|73256&4&1219.8036227546904|73263&4&4066.6772491447755|73280&4&766.0326225587904,2|73191&4&36.468835261419414|73207&4&269.2119892875163|73215&4&643.0286686406355|73218&4&1690.9207411721854|73221&4&-1.0658141036401503E-14|73224&4&466.09856967502606|73228&4&1336.8518954355827|73229&4&405.5839366137623|73245&4&30.358763058878566|73254&4&1282.5334512892944|73264&4&734.8655441647682|73265&4&330.10740196460324|73269&4&465.29943518614243|73270&4&2957.7033147139064,2|73189&4&105.69373902148388|73195&4&1928.5840113650715|73197&4&1.247949845227066|73199&4&54.03926270202646|73215&4&491.61918634936944|73220&4&234.0916210305599|73221&4&4051.5243616542966|73230&4&176.40233639311953|73246&4&691.5794008117342|73266&4&1322.9234829100449|73267&4&298.28585765881667|73275&4&2101.0833767645163|73278&4&207.88267723475383,2|73193&4&718.3185224951128|73198&4&0.0|73200&4&1061.914816986086|73203&4&29.775066069051963|73209&4&1961.9555884006481|73210&4&144.9512172885165|73217&4&1502.994781147524|73223&4&139.80982104439502|73226&4&358.09564130363594|73227&4&27.337509389699612|73228&4&479.7038628479247|73231&4&2138.167207742269|73232&4&71.8106522123162|73235&4&886.7787367940718|73241&4&0.9946711159162162|73244&4&267.7183222199061|73246&4&417.6161205647084|73251&4&21.036460578753264|73252&4&1156.9465801145643|73261&4&301.42582431011823|73262&4&1193.6402567092805|73267&4&585.303983739956|73271&4&690.7463492685521|73272&4&86.4716035607181|73274&4&701.4487728923299|73285&4&150.47504779310745|73288&4&561.5311660505415,2|73189&4&1176.3408995745244|73194&4&826.0354325516505|73200&4&683.1809182361067|73202&4&111.25620193084666|73207&4&1863.3179069012986|73208&4&1653.725718210358|73216&4&526.3922651761046|73229&4&94.95438364202656|73230&4&785.848731398355|73242&4&1008.6728785768714|73243&4&566.4143593648976|73254&4&1334.1055775956893|73256&4&117.69854342940322|73260&4&749.0718654436051|73261&4&121.86561406661014|73267&4&20.591710308581035|73273&4&690.7601953292527|73277&4&170.49780481441437|73279&4&191.68106117256565|73283&4&2007.4752529251746
249|4,130,1,1,1,1,1,1,1,1,1,1,1,1,1,1,1,1,1,1,1,1,1,1,1,1,1,1,1,1,1,1,1,1,1,1,1,1,1,1,1,1,1,1,1,1,1,1,1,1,1,1,1,1,1,1,1,1,1,1,1,1,1,1,1,1,1,1,1,1,1,1,1,1,1,1,1,1,1,1,1,1,1,1,1,1,1,1,1,1,1,1,1,1,1,1,1,1,1,1,1,1,0,0,0,0,0,0,0,0,0,0,0,0,0,0,0,0,0,0,0,0,2|73191&4&154.9219955253525|73199&4&668.0129269020447|73216&4&41.798267320431535|73223&4&1188.2406129911328|73225&4&341.40023164295565|73233&4&704.665277959446|73238&4&1395.3182481800798|73239&4&2049.059313299761|73242&4&326.0973520926182|73249&4&633.3083304202405|73250&4&243.56211244034543|73252&4&98.4611766286779|73255&4&2561.973164727583|73258&4&1346.45656515901|73282&4&1583.6041577294193|73288&4&931.9926788594889|73300&4&825.7655376669218,2|73190&4&387.8420607389967|73191&4&702.4871972715957|73196&4&2427.2401885278236|73204&4&1465.712764636582|73217&4&519.963767173536|73232&4&1552.7497476323083|73237&4&1923.1834407020508|73238&4&25.53138365420267|73258&4&547.1453556455823|73259&4&247.229907657603|73268&4&2141.7291761695315|73269&4&94.77436606210382|73273&4&1.4921397450962104E-13|73286&4&2630.8194400653256|73288&4&47.727552240978866|73308&4&98.94761605384052,2|73190&4&346.07700793126037|73193&4&529.3224499114481|73205&4&280.3736043491953|73209&4&2212.6340608896508|73210&4&1019.8097882917275|73211&4&2317.3936495825474|73247&4&150.91481468670833|73248&4&41.03914232202607|73255&4&-2.1316282072803006E-14|73260&4&541.4862016984152|73262&4&2188.792273858481|73265&4&86.29324457804785|73307&4&3.9209170565521094,2|73201&4&2009.9624026812587|73222&4&2747.1986857057836|73228&4&259.70914023315163|73270&4&252.21535430884404|73276&4&2324.9215030622304,2|73192&4&1089.6143759129927|73197&4&557.6105557230401|73206&4&1203.768083912646|73212&4&950.5407848395191|73213&4&1898.9382609496724|73218&4&503.81320235680494|73220&4&495.8081912100488|73229&4&233.6128510622762|73236&4&975.3196675258838|73240&4&2396.8523433803784|73243&4&265.01958483748786|73245&4&3289.705711112754|73252&4&395.3427236538546|73256&4&389.3256057329042|73257&4&2617.3080319899173|73263&4&65.8619654468799|73265&4&207.1369150964019|73268&4&318.7706698141608|73278&4&4306.544978506106|73280&4&693.2474675191872|73282&4&1446.183851466867|73285&4&1242.3244682015545|73287&4&174.36173976358003|73302&4&496.23638320345555,2|73192&4&6.039613253960852E-14|73199&4&-9.592326932761353E-14|73214&4&909.0166461426595|73220&4&417.8530942244347|73236&4&819.1062201225459|73238&4&20.599177559939903|73244&4&769.5576370099614|73248&4&2166.8880165974233|73253&4&2576.7871262935414|73256&4&1121.3114726658325|73263&4&3728.357559313241|73268&4&198.44088485237694|73280&4&686.1791930222383,2|73191&4&27.351626446064564|73207&4&200.98739805606576|73215&4&695.681200122183|73218&4&1511.185240072299|73224&4&427.2087061942285|73228&4&1231.518557952259|73229&4&370.529522664522|73245&4&0.0|73254&4&1111.820830666126|73264&4&678.0873411355376|73265&4&300.60881363717135|73269&4&427.0331630048363|73270&4&2812.095648812527,2|73189&4&61.397675287142434|73195&4&2076.3450284874443|73197&4&0.0|73199&4&476.786753122363|73215&4&400.46099817080056|73220&4&211.05660207973932|73221&4&3643.6557275929663|73230&4&112.98214902491661|73246&4&653.3320982309112|73266&4&1163.5091616472787|73267&4&264.9999356330602|73275&4&1894.5518512784379|73278&4&157.48412736584118,2|73193&4&708.37229590858|73198&4&28.867517426174402|73200&4&954.7559960517663|73203&4&27.06824188095633|73209&4&2082.623998928886|73210&4&136.42467509507435|73217&4&1754.8313639507992|73223&4&458.05437111679976|73226&4&617.0550285480917|73227&4&25.89869310603121|73228&4&753.1189712008266|73231&4&1988.0326201937219|73232&4&26.212829104786955|73235&4&901.6006997862188|73241&4&0.9361610502740858|73244&4&196.07357310425914|73246&4&370.75732459805147|73251&4&19.721681792581183|73252&4&1428.8439932129047|73261&4&279.86284245166894|73262&4&1707.324195120908|73267&4&537.3646565067081|73271&4&1062.0323883882215|73272&4&81.92046653120661|73274&4&654.3060627412262|73285&4&116.32959951221834|73288&4&737.8683541434126,2|73189&4&1113.3687091340876|73194&4&746.0506437599499|73200&4&835.1958476953388|73202&4&100.8282908747465|73207&4&2225.9897247248873|73208&4&1437.422426164903|73216&4&613.5472526744684|73229&4&67.11069782164026|73230&4&1055.6467107176727|73242&4&1299.5233441413093|73243&4&529.5476000860804|73254&4&1360.5475503903563|73256&4&79.22338098258078|73260&4&996.0267479389208|73261&4&113.74123979550279|73267&4&19.50793608181361|73273&4&1105.4814651735564|73277&4&301.41083172643346|73279&4&179.4128068723037|73283&4&1847.711759443605
250|4,130,1,1,1,1,1,1,1,1,1,1,1,1,1,1,1,1,1,1,1,1,1,1,1,1,1,1,1,1,1,1,1,1,1,1,1,1,1,1,1,1,1,1,1,1,1,1,1,1,1,1,1,1,1,1,1,1,1,1,1,1,1,1,1,1,1,1,1,1,1,1,1,1,1,1,1,1,1,1,1,1,1,1,1,1,1,1,1,1,1,1,1,1,1,1,1,1,1,1,1,1,0,0,0,0,0,0,0,0,0,0,0,0,0,0,0,0,0,0,0,0,2|73191&4&123.93759642028198|73199&4&555.1474949914875|73216&4&32.48700272614512|73223&4&1076.0781194752426|73225&4&310.55955713762285|73233&4&591.0073640200424|73238&4&1752.282389077168|73239&4&1870.2116351008754|73242&4&244.77093365434558|73249&4&698.8225292782683|73250&4&216.78994178944853|73252&4&54.79828386434261|73255&4&2862.881651725641|73258&4&1213.3218060516003|73282&4&1418.5350953526727|73288&4&816.6029383296861|73300&4&741.4164728834917,2|73190&4&347.14804987056533|73191&4&785.9430251932024|73196&4&2201.2921509497933|73204&4&1455.8372988441017|73217&4&388.4612120199062|73232&4&2123.352770175389|73237&4&1728.0942745687146|73238&4&12.765691827101286|73258&4&517.6951451857303|73259&4&232.3449845201772|73268&4&1963.1648554759074|73269&4&61.29309338912443|73286&4&2410.6114282244585|73288&4&23.001095295954165|73308&4&89.6870027536089,2|73190&4&328.77315753469736|73193&4&464.8584096241387|73205&4&260.8567599346789|73209&4&1939.7652207535016|73210&4&908.8653712223967|73211&4&2738.473348668911|73212&4&129.46820406741665|73247&4&141.18958157264052|73248&4&29.967841435006765|73260&4&481.1712314057083|73262&4&1917.4872096580627|73265&4&74.54900715186096|73276&4&233.96153224949114|73307&4&2.6139447043680706,2|73201&4&2017.9229904481022|73206&4&518.5221565507387|73222&4&2522.884797400666|73228&4&187.51120374992368|73242&4&142.5657036705819|73270&4&172.919535247513|73276&4&2082.287631603225,2|73192&4&1220.1979039459534|73197&4&514.7383783540643|73206&4&1075.9224042903493|73212&4&861.2293492563032|73213&4&1773.9502846446035|73218&4&636.7934812506196|73220&4&468.88100064435883|73229&4&441.4127838074918|73236&4&1238.1887443075111|73240&4&2148.198353801251|73243&4&406.7563399176064|73245&4&3477.0353585780476|73252&4&332.3461684503691|73256&4&607.2823164147751|73257&4&2558.498804525917|73263&4&22.44743553385159|73265&4&193.30593378208567|73268&4&235.67514724484056|73278&4&3980.6145005643734|73280&4&653.6600176847087|73282&4&1490.6576366118902|73285&4&1164.245424308689|73287&4&165.36171147879801|73302&4&452.12773505943704,2|73214&4&1056.5268036937557|73220&4&387.2450058915358|73236&4&693.0811310629099|73238&4&1.9895196601282805E-13|73244&4&1483.0110129067793|73248&4&1986.485790564248|73253&4&2367.296231137417|73256&4&1022.8193225769746|73263&4&3553.4137957043686|73268&4&386.4000537128094|73280&4&606.3257634856864,2|73191&4&18.234417630709714|73207&4&150.81970240601788|73215&4&657.0298816352241|73218&4&1340.4958313954937|73224&4&388.31884271343097|73228&4&1126.1852204689349|73229&4&335.47510871528175|73254&4&942.9459104377208|73264&4&621.3091381063069|73265&4&271.11022530973946|73269&4&500.5851368799751|73270&4&3172.758126753538,2|73189&4&712.656529746135|73195&4&2078.8017979542183|73199&4&547.5271401808737|73215&4&313.2144831377668|73220&4&188.02158312891876|73221&4&3880.5035278180026|73230&4&72.05043766745632|73234&4&33.30370842153193|73246&4&615.0847956500883|73266&4&1137.4515361714753|73267&4&231.71401360730377|73275&4&1839.946081525924|73278&4&113.75314589210123,2|73193&4&788.6240464751805|73198&4&27.42414155486568|73200&4&858.8179367692013|73203&4&24.361417692860694|73209&4&2107.9461684031435|73210&4&127.89813290163221|73217&4&1936.6712690740858|73223&4&433.5068311369081|73226&4&610.5038371599481|73227&4&0.0|73228&4&786.456592744935|73231&4&2029.566393412412|73232&4&2.8421709430404007E-13|73235&4&1388.3482586447574|73241&4&0.8776509846319555|73244&4&134.62236242156501|73246&4&323.89852863139447|73251&4&122.03223300829836|73252&4&1340.3434483678475|73261&4&258.29986059321965|73262&4&2343.2068472554347|73267&4&489.4253292734603|73271&4&1355.0862091000065|73272&4&77.36932950169513|73274&4&607.1633525901228|73284&4&14.075779381797657|73285&4&93.94184567644027|73288&4&979.6867779127051,2|73189&4&1000.2227926863847|73194&4&666.97932029713|73200&4&1056.3297075672108|73202&4&90.40037981864634|73207&4&2079.494239401248|73208&4&1848.600823727784|73216&4&560.6182239745928|73229&4&42.73969643358133|73230&4&1135.1483954327218|73242&4&1228.5745093883115|73243&4&492.6808408072633|73254&4&1624.8301327844579|73256&4&50.96666701844289|73260&4&942.0153922798047|73261&4&105.61686552439545|73267&4&18.424161855046187|73273&4&1056.8063906024827|73277&4&285.91404562807577|73279&4&167.14455257204173|73283&4&1692.2343351121267
251|4,130,1,1,1,1,1,1,1,1,1,1,1,1,1,1,1,1,1,1,1,1,1,1,1,1,1,1,1,1,1,1,1,1,1,1,1,1,1,1,1,1,1,1,1,1,1,1,1,1,1,1,1,1,1,1,1,1,1,1,1,1,1,1,1,1,1,1,1,1,1,1,1,1,1,1,1,1,1,1,1,1,1,1,1,1,1,1,1,1,1,1,1,1,1,1,1,1,1,1,1,1,0,0,0,0,0,0,0,0,0,0,0,0,0,0,0,0,0,0,0,0,2|73191&4&92.95319731521147|73199&4&458.6671597188771|73216&4&23.175738131858687|73223&4&963.9156259593523|73225&4&279.71888263229005|73233&4&490.0722966315787|73238&4&1758.9054025114494|73239&4&1694.8795149320206|73242&4&182.7671428310218|73249&4&646.6701514478391|73250&4&190.01777113855167|73252&4&24.47829846862905|73255&4&2834.705241141726|73258&4&1080.1870469441906|73282&4&1257.0126459242424|73288&4&701.2131977998836|73300&4&794.7125076969614,2|73190&4&306.454039002134|73191&4&726.2453588709587|73196&4&1986.0716782647835|73204&4&1566.1605681954288|73217&4&282.89753635966025|73232&4&1975.2453583499469|73237&4&2206.652784425888|73238&4&-9.947598300641403E-14|73258&4&740.7507488674719|73259&4&223.2216107007833|73268&4&1784.6005347822834|73269&4&31.59998687218184|73286&4&2204.630172497095|73288&4&-1.4921397450962104E-13|73308&4&80.42638945337725,2|73190&4&311.46930713813435|73193&4&404.2302465441846|73205&4&241.3399155201625|73209&4&1674.9833786354804|73210&4&797.9209541530662|73211&4&2918.4097802365714|73212&4&226.55116490597155|73247&4&131.46434845857277|73248&4&19.978560956671174|73260&4&420.8562611130015|73262&4&1691.1234716902472|73265&4&62.80476972567406|73276&4&683.4362038158342|73280&4&84.39402351400474|73307&4&1.3069723521840317,2|73201&4&2339.5766599924596|73206&4&492.59604872320176|73222&4&2558.3384713480696|73228&4&119.8005448146904|73242&4&529.0051559459586|73270&4&115.11461671237232|73276&4&1850.8441261078513,2|73192&4&1137.4468264179666|73197&4&494.4041665667223|73206&4&972.645899623127|73212&4&783.2522866771983|73213&4&1648.962308339535|73218&4&815.6251634581915|73220&4&441.9538100786689|73229&4&418.4623363537473|73236&4&1161.3445210777145|73240&4&2613.3784746932324|73243&4&656.6431025502256|73245&4&3753.108744349009|73252&4&269.34961324688356|73256&4&622.9267468731724|73257&4&2625.765935111014|73263&4&1.3500311979441904E-13|73265&4&179.47495246776947|73268&4&152.83054824274944|73278&4&3654.684022622642|73280&4&614.0725678502301|73282&4&1569.3105504996429|73285&4&1086.1663804158234|73287&4&156.361683194016|73302&4&408.0190869154185,2|73214&4&1334.9324814725403|73220&4&356.6369175586369|73236&4&576.5204034189584|73244&4&1898.3472238659526|73248&4&1802.9494922214976|73253&4&2304.669328669349|73256&4&924.3271724881166|73263&4&3999.1955710753837|73268&4&822.7810704094359|73280&4&526.4723339491343,2|73191&4&9.117208815354862|73207&4&100.65200675596995|73215&4&1148.4554000619446|73218&4&1179.25808717305|73224&4&349.4289792326334|73228&4&1020.8518829856112|73229&4&300.42069476604144|73254&4&788.6242696165234|73264&4&564.5309350770765|73265&4&241.61163698230752|73269&4&554.9622035782295|73270&4&3072.038783626403,2|73189&4&875.3930049433189|73194&4&45.24919578936516|73195&4&1958.3849017366979|73199&4&710.6960272678066|73215&4&225.9679681047331|73220&4&164.98656417809818|73221&4&4074.570593555767|73230&4&40.38200245363883|73234&4&0.0|73246&4&903.0694597876909|73266&4&1397.921463745568|73267&4&198.4280915815473|73275&4&1712.3012977140968|73278&4&70.02216441836124,2|73193&4&985.9333640759885|73198&4&25.98076568355696|73200&4&772.9466906379406|73203&4&90.55834960148427|73209&4&2596.8272824022906|73210&4&214.77877470029284|73217&4&2564.9940154335764|73223&4&408.95929115701637|73226&4&643.3228242355061|73228&4&1146.160632570295|73231&4&1938.5390807860206|73235&4&1513.4219135203625|73241&4&0.8191409189898251|73244&4&85.84617569691895|73246&4&277.0397326647375|73251&4&115.53618772203183|73252&4&1251.8429035227905|73261&4&236.7368787347704|73262&4&2860.3213685936|73267&4&441.48600204021227|73271&4&1275.0427567590712|73272&4&72.81819247218365|73274&4&560.0206424390194|73284&4&13.371990412707774|73285&4&71.55409184066222|73288&4&1559.2220933567655,2|73189&4&887.0768762386815|73194&4&591.0896665934549|73200&4&998.1280688004715|73202&4&79.97246876254617|73207&4&1926.7183951252052|73208&4&1963.8773306184098|73216&4&507.689195274717|73229&4&30.319431275326366|73230&4&1258.354269241965|73242&4&1157.625674635314|73243&4&455.81408152844614|73254&4&1807.6308621336643|73256&4&34.52295378769804|73260&4&888.0040366206888|73261&4&97.49249125328811|73267&4&17.340387628278762|73273&4&1031.6037861455193|73277&4&361.3956958310291|73279&4&154.87629827177975|73283&4&1540.352632505957
252|4,130,1,1,1,1,1,1,1,1,1,1,1,1,1,1,1,1,1,1,1,1,1,1,1,1,1,1,1,1,1,1,1,1,1,1,1,1,1,1,1,1,1,1,1,1,1,1,1,1,1,1,1,1,1,1,1,1,1,1,1,1,1,1,1,1,1,1,1,1,1,1,1,1,1,1,1,1,1,1,1,1,1,1,1,1,1,1,1,1,1,1,1,1,1,1,1,1,1,1,1,1,0,0,0,0,0,0,0,0,0,0,0,0,0,0,0,0,0,0,0,0,2|73191&4&61.96879821014095|73199&4&372.0615427805874|73216&4&13.864473537572247|73223&4&851.7531324434618|73225&4&435.9850772389477|73233&4&729.2077045024209|73238&4&2194.388389711524|73239&4&1613.2500233429394|73242&4&131.37604958282967|73249&4&594.51777361741|73250&4&163.2456004876548|73252&4&7.68801285775096|73255&4&2646.2446574113615|73258&4&947.0522878367808|73282&4&1110.4314013252256|73288&4&585.8234572700808|73300&4&838.6613019533206,2|73190&4&265.76002813370263|73191&4&871.1370137796596|73196&4&1787.641221484178|73204&4&1408.011372884886|73217&4&214.31608781703756|73232&4&1803.9346905812959|73237&4&2175.052971619385|73258&4&882.9737774835341|73259&4&208.04861009745588|73268&4&1606.0362140886593|73269&4&12.953055891494442|73286&4&1998.6489167697314|73308&4&71.16577615314563,2|73190&4&382.50935680962834|73193&4&351.56493286198486|73205&4&308.9827365431114|73209&4&1427.7119034833308|73210&4&689.437909082046|73211&4&2785.3389911000722|73212&4&299.56570024047414|73219&4&4.483822890867799|73247&4&0.0|73248&4&9.989280478335587|73260&4&360.54129082029476|73262&4&1493.3377554458402|73265&4&51.06053229948718|73276&4&1116.023477270523|73280&4&91.9700085645973|73307&4&-7.105427357601002E-15,2|73192&4&99.90188527658222|73201&4&2284.3570460909937|73206&4&466.6699408956648|73217&4&343.0136236080682|73222&4&2444.5245290775156|73228&4&74.242220662952|73242&4&618.4132424926065|73245&4&395.46226122050075|73270&4&60.836542601757046|73276&4&1632.8233252428035,2|73192&4&1055.9027226477433|73197&4&455.8763961396487|73206&4&873.2310441158788|73212&4&710.2269136493969|73213&4&1523.9743320344658|73218&4&769.121536735806|73220&4&415.0266195129789|73229&4&395.51188890000276|73236&4&1287.3954132762292|73240&4&2904.7941698833006|73243&4&905.4808394933774|73245&4&3425.396265999157|73252&4&206.35305804339805|73256&4&589.1955850481312|73257&4&2760.3398434047303|73265&4&165.64397115345326|73268&4&94.49812843010568|73278&4&3328.75354468091|73280&4&574.4851180157517|73282&4&1717.33273956506|73285&4&1008.0873365229578|73287&4&147.361654909234|73302&4&392.893470148489,2|73214&4&1492.833478486354|73220&4&326.02882922573804|73236&4&463.8148047420151|73244&4&1822.970412012989|73248&4&1784.1158561733466|73253&4&2087.835233878823|73256&4&825.8350223992586|73263&4&4575.531852104241|73268&4&1300.6244573547758|73280&4&449.210622556669,2|73191&4&1.0658141036401503E-14|73207&4&50.48431110592202|73215&4&1063.4494631996997|73218&4&1018.0649328345035|73224&4&310.5391157518359|73228&4&915.5185455022873|73229&4&265.36628081680107|73254&4&646.9930752187079|73264&4&507.75273204784577|73265&4&212.1130486548756|73269&4&764.3076602863848|73270&4&3287.799523339195|73285&4&103.67933667883278,2|73189&4&829.8921954209134|73194&4&52.95949230350062|73195&4&1898.3975761970423|73199&4&964.8963176510624|73215&4&156.01361132500108|73220&4&141.9515452272776|73221&4&4095.206170608445|73230&4&24.41344581102024|73246&4&848.5105588709467|73266&4&1756.990159582956|73267&4&165.14216955579087|73275&4&1530.1895658600488|73278&4&27.002095251315225,2|73193&4&995.1061776792549|73198&4&24.53738981224824|73200&4&687.0754445066798|73203&4&282.7843962921688|73209&4&2786.4983612148944|73210&4&426.84452825266305|73217&4&2393.646982571251|73223&4&508.2536643816636|73226&4&587.457127495713|73227&4&73.5616374942098|73228&4&1289.6087213706664|73231&4&1767.998280194538|73235&4&1380.9835521084842|73241&4&0.7606308533476948|73244&4&53.12973036645606|73246&4&249.23789873287365|73251&4&367.7590946560399|73252&4&1278.6992236691167|73261&4&215.17389687632112|73262&4&2837.748839192349|73267&4&393.54667480696435|73271&4&1194.999304418136|73272&4&68.26705544267217|73274&4&512.8779322879158|73284&4&12.66820144361789|73285&4&49.16633800488419|73288&4&1826.875920040935,2|73189&4&773.9309597909782|73194&4&515.2000128897794|73200&4&939.9264300337322|73202&4&619.5837814515247|73207&4&1990.7781032871771|73208&4&2360.3727173711422|73216&4&454.76016657484126|73229&4&21.864869909585313|73230&4&1283.1978325666369|73242&4&1086.6768398823165|73243&4&418.947322249629|73254&4&2169.0823281582107|73256&4&22.059026267360196|73260&4&833.9926809615727|73261&4&89.36811698218077|73267&4&16.256613401511338|73273&4&1018.9228162948727|73277&4&442.5981746970525|73279&4&142.60804397151776|73283&4&1525.3458022022392
253|4,130,1,1,1,1,1,1,1,1,1,1,1,1,1,1,1,1,1,1,1,1,1,1,1,1,1,1,1,1,1,1,1,1,1,1,1,1,1,1,1,1,1,1,1,1,1,1,1,1,1,1,1,1,1,1,1,1,1,1,1,1,1,1,1,1,1,1,1,1,1,1,1,1,1,1,1,1,1,1,1,1,1,1,1,1,1,1,1,1,1,1,1,1,1,1,1,1,1,1,1,1,0,0,0,0,0,0,0,0,0,0,0,0,0,0,0,0,0,0,0,0,2|73191&4&30.984399105070437|73199&4&289.4803422165949|73216&4&4.553208943285808|73223&4&747.5291361467353|73225&4&418.5637032631464|73233&4&1187.0088633642893|73238&4&2265.257998267589|73239&4&1819.0971893959272|73242&4&82.26240202713151|73249&4&542.3653957869806|73250&4&136.4734298367579|73252&4&-1.7763568394002505E-15|73255&4&2630.2963764862716|73258&4&815.1293880932141|73282&4&973.862136343331|73283&4&197.54411025756735|73288&4&490.8711200667638|73300&4&753.8872703062406,2|73190&4&225.06601726527126|73191&4&1112.568017003188|73196&4&1642.840727763556|73204&4&1725.1538610938833|73217&4&155.7190514034602|73232&4&1632.6240228126453|73237&4&2247.2652284151886|73258&4&899.4591365067829|73259&4&192.87560949412844|73268&4&1427.4718933950355|73269&4&1.4623852440161726|73286&4&1793.4080482173795|73308&4&61.905162852914,2|73190&4&360.78831140966247|73193&4&309.08647109770516|73205&4&748.7373292501522|73209&4&1190.645132632097|73210&4&590.3231776644595|73211&4&2687.6559864837936|73212&4&283.68118328050855|73219&4&4.259631746324409|73247&4&0.0|73248&4&0.0|73260&4&300.226320527588|73262&4&1295.5520392014332|73265&4&39.31629487330029|73276&4&1802.3764592660211|73280&4&87.16052307758241,2|73192&4&109.907241128468|73201&4&2650.1556097632583|73206&4&440.74383306812786|73217&4&454.78170124034926|73222&4&2397.1616359867185|73228&4&49.49481377530131|73242&4&585.795832505976|73245&4&1030.216952068319|73270&4&21.6569826678272|73276&4&1442.2148842695017,2|73192&4&977.954661747907|73197&4&417.34862571257503|73206&4&790.0791701772939|73212&4&643.9300931684282|73213&4&1519.1978194221278|73218&4&992.3875216224883|73220&4&388.09942894728897|73229&4&372.5614414462583|73236&4&1610.3133654763244|73240&4&2947.0552310256608|73243&4&1064.2270705039073|73245&4&3120.0291597085566|73252&4&143.35650283991257|73256&4&555.4644232230897|73257&4&2557.7226846661306|73265&4&151.81298983913706|73268&4&52.83925740957356|73278&4&3604.8657183099886|73280&4&534.8976681812733|73282&4&1982.2273177934715|73285&4&930.0082926300922|73287&4&138.361626624452|73302&4&425.95108139189176,2|73214&4&1465.8364718964942|73220&4&295.42074089283915|73236&4&358.7042195665965|73244&4&1689.2728943955788|73248&4&1792.7666030823448|73253&4&1871.001139088296|73256&4&727.3428723104005|73263&4&4728.669998890569|73268&4&1617.7746111337956|73280&4&371.94891116420376,2|73207&4&14.986246855387323|73215&4&1618.0224269831242|73218&4&872.9372031037432|73224&4&271.64925227103834|73228&4&810.1852080189635|73229&4&230.31186686756075|73254&4&525.6211382796699|73264&4&450.97452901861527|73265&4&182.61446032744368|73269&4&911.9564704867116|73270&4&3529.8105081408617|73285&4&331.8099009216528,2|73189&4&1205.18773109101|73194&4&50.19839469885217|73195&4&2241.5939018713116|73199&4&937.2212322802737|73215&4&87.58298207371459|73220&4&118.91652627645702|73221&4&3717.4073339574775|73230&4&8.444889168401728|73246&4&889.2560824634301|73252&4&224.82589768957337|73266&4&1904.3580788369156|73267&4&131.8562475300344|73275&4&1715.7938524996243|73278&4&1.3500311979441904E-13,2|73193&4&933.5954309127153|73198&4&23.09401394093952|73200&4&601.204198375419|73203&4&266.7134813650564|73209&4&3248.2138879528475|73210&4&483.48233641446905|73217&4&2222.2999497089268|73223&4&477.51402874154496|73226&4&563.4540809840565|73227&4&69.88355561949932|73228&4&1259.4771138708034|73231&4&1884.0144491315727|73235&4&1248.545190696606|73241&4&0.7021207877055644|73244&4&37.27193102565328|73246&4&221.43606480100976|73251&4&348.3271017587596|73252&4&1184.4308355744906|73261&4&193.61091501787183|73262&4&2732.9999457973636|73267&4&345.6073475737164|73271&4&1114.9558520772007|73272&4&63.71591841316069|73274&4&0.0|73284&4&11.964412474528007|73285&4&26.778584169106157|73288&4&2015.942713556683,2|73189&4&660.785043343275|73194&4&439.3103591861043|73200&4&881.7247912669926|73202&4&692.9817639917779|73207&4&2366.516956726233|73208&4&2248.00354969499|73216&4&483.2493564041096|73229&4&13.410308543844234|73230&4&1401.9148623884766|73242&4&1015.7280051293187|73243&4&382.0805629708119|73254&4&2026.666228113481|73256&4&9.595098747022341|73260&4&779.9813253024568|73261&4&203.89259846161974|73267&4&15.172839174743915|73273&4&967.3085877972667|73277&4&694.6130037299547|73279&4&130.3397896712558|73283&4&1376.0631302434583
254|4,130,1,1,1,1,1,1,1,1,1,1,1,1,1,1,1,1,1,1,1,1,1,1,1,1,1,1,1,1,1,1,1,1,1,1,1,1,1,1,1,1,1,1,1,1,1,1,1,1,1,1,1,1,1,1,1,1,1,1,1,1,1,1,1,1,1,1,1,1,1,1,1,1,1,1,1,1,1,1,1,1,1,1,1,1,1,1,1,1,1,1,1,1,1,1,1,1,1,1,1,1,0,0,0,0,0,0,0,0,0,0,0,0,0,0,0,0,0,0,0,0,2|73191&4&-7.815970093361102E-14|73199&4&207.18230362770805|73216&4&1.4210854715202004E-14|73223&4&643.3051398500086|73225&4&384.1592057950544|73233&4&1303.2360959007897|73238&4&2124.8921143546286|73239&4&1743.0836557405646|73242&4&45.28228362552073|73249&4&490.21301795655137|73250&4&502.61175967943086|73255&4&2724.6841498988388|73258&4&687.1384683719488|73282&4&852.8202926910806|73283&4&187.666904744689|73288&4&596.442950157074|73300&4&677.7471925055609,2|73190&4&184.3720063968399|73191&4&1137.3757990644485|73196&4&1967.2617062588342|73204&4&2144.5734940019483|73217&4&99.35449663081937|73232&4&1745.145298491086|73237&4&2159.279903581427|73258&4&875.9061707399087|73259&4&177.70260889080103|73268&4&1248.9075727014113|73269&4&0.73119262200805|73286&4&1588.1671796650269|73308&4&52.64454955268238,2|73190&4&407.5661372805067|73193&4&266.6080093334255|73205&4&701.6810305440911|73209&4&986.0763153635769|73210&4&498.6156744541064|73211&4&3111.610887599568|73212&4&267.79666632054295|73219&4&4.035440601781019|73247&4&34.67743425679925|73260&4&239.9113502348812|73262&4&1097.7663229570264|73265&4&27.5720574471134|73276&4&2046.953600244623|73280&4&82.35103759056754,2|73192&4&104.16212435885313|73201&4&2672.7067936785625|73206&4&414.8177252405909|73217&4&660.7574653676063|73222&4&2348.6379117458587|73228&4&24.74740688765071|73242&4&553.1784225193455|73245&4&1173.88924005242|73270&4&0.0|73276&4&1281.2870608118462,2|73192&4&904.2310221941741|73197&4&381.5736676609104|73206&4&706.9272962387091|73212&4&577.6332726874597|73213&4&1388.1992699324226|73218&4&1005.2554187111847|73220&4&361.172238381599|73229&4&0.0|73236&4&2046.2217339843596|73240&4&3326.249402656248|73243&4&991.292509381722|73245&4&2834.4732623396|73252&4&80.35994763642707|73256&4&521.7332613980485|73257&4&2302.041224419735|73265&4&137.98200852482086|73268&4&25.56600983588008|73278&4&4032.485259066858|73280&4&495.3102183467947|73282&4&1859.8965903055132|73285&4&851.9292487372267|73287&4&129.36159833966997|73302&4&498.96843591724274,2|73214&4&1361.0201077681609|73220&4&264.81265255994026|73236&4&274.91640208921626|73244&4&1555.5753767781687|73248&4&1908.6649115190035|73253&4&1654.167044297769|73256&4&628.8507222215426|73263&4&4614.833639809492|73268&4&1885.3819379677866|73280&4&294.6871997717385,2|73207&4&8.171241461241152E-14|73215&4&2081.0369873315676|73218&4&754.5265462461751|73224&4&232.75938879024073|73228&4&704.8518705356397|73229&4&0.0|73254&4&404.2492013406322|73264&4&394.19632598938466|73265&4&153.11587200001176|73269&4&839.8156845093367|73270&4&3799.2963117915224|73285&4&385.7125140081823,2|73189&4&1602.988372939177|73194&4&47.43729709420373|73195&4&2229.189986561667|73199&4&1087.5970618482654|73215&4&46.04643490831055|73220&4&95.88150732563645|73221&4&3635.1927861171066|73230&4&0.0|73246&4&829.9319603212246|73252&4&464.1207850749389|73266&4&1962.8592428528764|73267&4&98.57032550427795|73275&4&2071.622544611217,2|73193&4&872.0846841461754|73198&4&21.650638069630798|73200&4&515.3329522441582|73203&4&250.642566437944|73209&4&3558.2856816771773|73210&4&658.936029776037|73217&4&2050.9529168466015|73223&4&446.77439310142637|73226&4&571.6546058410247|73227&4&0.0|73228&4&1206.9462391211773|73231&4&2081.581129085661|73235&4&1303.2160871617891|73241&4&43.534690396482226|73244&4&24.84795401710214|73246&4&199.1083428079361|73251&4&432.8439710647202|73252&4&1090.1624474798646|73261&4&172.04793315942254|73262&4&2559.8633626161854|73267&4&297.6680203404685|73271&4&1034.9123997362653|73272&4&59.16478138364921|73284&4&11.260623505438124|73285&4&8.151303571724316|73288&4&1895.8465930415923,2|73189&4&560.3822130120172|73194&4&363.4207054824291|73200&4&823.5231525002533|73202&4&764.3945940438654|73207&4&2664.249728561781|73208&4&2470.2154760386625|73216&4&582.8777305588129|73229&4&0.0|73230&4&1405.6121347022022|73242&4&944.7791703763212|73243&4&345.21380369199477|73254&4&2155.113936721546|73256&4&-4.263256414560601E-14|73260&4&986.0677490836658|73261&4&344.91186135258954|73267&4&14.089064947976492|73273&4&882.284191089884|73277&4&655.6487391632941|73279&4&118.07153537099383|73283&4&1226.7804582846782
255|4,130,1,1,1,1,1,1,1,1,1,1,1,1,1,1,1,1,1,1,1,1,1,1,1,1,1,1,1,1,1,1,1,1,1,1,1,1,1,1,1,1,1,1,1,1,1,1,1,1,1,1,1,1,1,1,1,1,1,1,1,1,1,1,1,1,1,1,1,1,1,1,1,1,1,1,1,1,1,1,1,1,1,1,1,1,1,1,1,1,1,1,1,1,1,1,1,1,1,1,1,1,0,0,0,0,0,0,0,0,0,0,0,0,0,0,0,0,0,0,0,0,2|73199&4&146.50588925674674|73223&4&539.081143553282|73225&4&349.75470832696243|73233&4&1593.2311468402227|73238&4&1932.0301525199336|73239&4&1559.4208349902035|73242&4&8.302165223909867|73249&4&438.06064012612217|73250&4&594.5430537621163|73255&4&2778.8367802752614|73258&4&563.1115046284746|73269&4&53.30492880716889|73277&4&45.4865712802749|73282&4&734.7769795633193|73283&4&245.9280377556899|73288&4&520.3558158177792|73300&4&766.6580914360663,2|73190&4&143.67799552840856|73191&4&1444.8792512959753|73196&4&2330.2181688282694|73204&4&2158.0618856423935|73217&4&51.89513633662716|73232&4&1573.6107157317463|73237&4&2241.273200336407|73258&4&1380.1533820013262|73259&4&163.57253260475986|73268&4&1070.3432520077872|73269&4&-5.10702591327572E-15|73286&4&1878.8029668816932|73308&4&43.38393625245075,2|73190&4&612.594199669501|73193&4&224.1295475691458|73205&4&654.6247318380299|73209&4&817.7548113812325|73210&4&409.41486612197673|73211&4&3023.7371573930764|73212&4&251.91214936057733|73219&4&3.811249457237629|73242&4&90.25766035011763|73247&4&32.94356254395929|73260&4&195.99227970811899|73262&4&908.5524519116128|73265&4&15.827820020926513|73276&4&2024.1367730555191|73280&4&495.04609278405286,2|73192&4&111.04812289352579|73201&4&2512.0403787799137|73206&4&388.89161741305395|73217&4&959.1800882459211|73222&4&2666.128776264988|73228&4&1.0658141036401503E-13|73242&4&520.561012532715|73245&4&1253.0186612510852|73276&4&1149.418305802521,2|73192&4&830.507382640441|73197&4&347.9744879988595|73206&4&623.7754223001242|73212&4&511.33645220649095|73213&4&1357.8128835397529|73218&4&1192.8327330637871|73220&4&334.24504781590906|73232&4&402.7431542285947|73236&4&1923.242501364942|73240&4&3365.4817909419007|73243&4&923.8341135305132|73245&4&2557.5352638092363|73252&4&35.65405417048564|73256&4&626.8898854970432|73257&4&2169.694308383499|73265&4&412.8038257449259|73268&4&9.237055564881302E-14|73278&4&4184.089563359302|73280&4&455.72276851231624|73282&4&1737.5658628175552|73285&4&773.8502048443611|73287&4&120.36157005488796|73302&4&443.3545694172542,2|73214&4&1256.3311703154982|73220&4&234.20456422704135|73236&4&217.68924592288445|73244&4&1421.8778591607581|73248&4&1887.2207959121247|73253&4&1997.8921247850337|73256&4&530.3585721326845|73263&4&4542.903673700742|73268&4&2313.2967782045444|73280&4&217.42548837927325,2|73215&4&1935.0521333248907|73218&4&642.7129258584364|73224&4&247.76188392817355|73228&4&599.5185330523159|73254&4&307.1334279082305|73264&4&337.41812296015416|73265&4&123.61728367257984|73269&4&767.6748985319621|73270&4&3562.1147475240023|73285&4&365.32520529668716,2|73189&4&1513.2306827256364|73194&4&44.67619948955529|73195&4&2044.2426621902289|73199&4&1134.988927720388|73215&4&30.697623272207178|73220&4&72.84648837481586|73221&4&3973.1610507674795|73246&4&770.6078381790188|73252&4&713.873919366479|73266&4&2212.636948808556|73267&4&65.28440347852148|73275&4&2474.6907806477784,2|73193&4&810.5739373796357|73198&4&20.207262198322077|73200&4&429.46170611289733|73203&4&234.5716515108316|73209&4&3529.9769839089768|73210&4&963.8301745437626|73217&4&1879.605883984277|73223&4&416.03475746130766|73226&4&706.862211894554|73227&4&118.84084128493174|73228&4&1669.2739713145331|73231&4&2529.4575794339485|73235&4&1236.5416361831728|73241&4&41.331626347119155|73244&4&12.423977008551018|73246&4&176.78062081486252|73251&4&543.570082800212|73252&4&995.8940593852382|73261&4&150.48495130097328|73262&4&2386.726779435007|73267&4&249.7286931072206|73271&4&954.86894739533|73272&4&54.61364435413773|73284&4&366.592830663038|73285&4&8.526512829121202E-14|73288&4&1775.7504725265017,2|73189&4&475.83118468546985|73194&4&287.5310517787541|73200&4&765.321513733514|73202&4&717.5427485763371|73207&4&2606.4847398238685|73208&4&2596.4497497904995|73216&4&771.9736364823298|73230&4&1345.6517728203362|73242&4&873.8303356233237|73243&4&308.3470444131777|73254&4&2070.0913985365432|73260&4&1042.9808531028903|73261&4&322.8912402964746|73267&4&13.00529072120907|73273&4&797.2597943825012|73277&4&616.6844745966337|73279&4&105.80328107073186|73283&4&1077.4977863258973
256|4,130,1,1,1,1,1,1,1,1,1,1,1,1,1,1,1,1,1,1,1,1,1,1,1,1,1,1,1,1,1,1,1,1,1,1,1,1,1,1,1,1,1,1,1,1,1,1,1,1,1,1,1,1,1,1,1,1,1,1,1,1,1,1,1,1,1,1,1,1,1,1,1,1,1,1,1,1,1,1,1,1,1,1,1,1,1,1,1,1,1,1,1,1,1,1,1,1,1,1,1,1,0,0,0,0,0,0,0,0,0,0,0,0,0,0,0,0,0,0,0,0,2|73199&4&110.74541376778117|73223&4&434.8571472565553|73225&4&315.35021085887047|73233&4&1668.6192698117939|73238&4&1887.2674071242382|73239&4&1696.920179092213|73242&4&0.0|73249&4&385.9082622956929|73250&4&557.643946362501|73255&4&2570.6027436952863|73258&4&459.9417870293537|73269&4&91.01509431277377|73277&4&155.24572743544755|73282&4&616.733666435558|73283&4&560.5819585874389|73288&4&444.26868147848415|73300&4&682.2654647988275,2|73190&4&117.28322997410248|73191&4&1372.34416836555|73196&4&2334.757394930397|73204&4&2293.055602595655|73217&4&15.674223365612818|73232&4&1419.527921936677|73237&4&2005.4195262177177|73258&4&1784.6122527965608|73259&4&148.34738578556812|73268&4&891.7789313141632|73286&4&1675.2927240371748|73308&4&34.12332295221913,2|73190&4&575.9395081383695|73193&4&181.6510858048661|73205&4&634.7518351961809|73209&4&657.7459396588131|73210&4&332.71933285665006|73211&4&2769.121926695346|73212&4&236.02763240061174|73219&4&210.76935645533683|73242&4&499.36527460902914|73247&4&31.209690831119325|73260&4&155.97637789500686|73262&4&725.1687864115559|73265&4&6.9148400723544|73276&4&1907.3164111369538|73280&4&1039.6829919279776,2|73192&4&104.67145035869655|73201&4&2727.492708924606|73206&4&362.965509585517|73217&4&1117.8379248748963|73222&4&2709.729393215275|73242&4&487.9436025460845|73245&4&1248.1882606755516|73276&4&1063.1118166065357,2|73192&4&758.4339105273882|73197&4&314.3753083368085|73206&4&540.6235483615393|73212&4&445.03963172552227|73213&4&1474.138853635272|73218&4&1375.6868310206128|73220&4&307.3178572502191|73232&4&382.60599651716495|73236&4&1830.6625256077896|73240&4&3473.101069886544|73243&4&970.8350320330484|73245&4&2289.3955333055687|73252&4&13.52159731269097|73256&4&893.9695750583734|73257&4&2289.769251014408|73265&4&517.8753948854447|73278&4&4389.73575390625|73280&4&416.13531867783774|73282&4&1855.4398125365824|73285&4&695.7711609514955|73286&4&560.404243500501|73287&4&111.36154177010596|73302&4&496.3991903850497,2|73214&4&1151.6422328628353|73220&4&203.5964758941425|73236&4&162.79917457392563|73244&4&1492.7063905304624|73248&4&2075.996431874207|73253&4&1774.7501575336732|73256&4&443.6135333496268|73263&4&4351.37296716005|73268&4&2286.6273279945563|73280&4&155.64332253998913,2|73215&4&1795.7165208195333|73218&4&530.8993054706978|73224&4&720.903216434438|73228&4&494.185195568992|73237&4&338.26723375944925|73254&4&216.18132017326909|73264&4&305.4940582619215|73265&4&94.11869534514794|73269&4&695.5341125545872|73270&4&3250.5204135663635|73285&4&344.93789658519194,2|73189&4&1741.5269854789851|73194&4&181.82630454881388|73195&4&1859.2953378187915|73199&4&1350.9948800961938|73215&4&15.348811636103612|73220&4&49.8114694239953|73221&4&4191.1001278670565|73234&4&88.33083230163126|73246&4&711.2837160368132|73252&4&804.9339771592495|73266&4&2264.6977081506575|73267&4&31.99848145276503|73275&4&2267.4913361214353,2|73193&4&749.0631906130958|73198&4&18.763886327013356|73200&4&343.5904599816365|73203&4&473.74857774062843|73209&4&4066.0369592779207|73210&4&1245.2708653440204|73217&4&1708.2588511219521|73223&4&385.295121821189|73226&4&647.8089734959007|73227&4&112.89879922068515|73228&4&1564.9081575040002|73231&4&2355.154447457396|73235&4&1271.9625767168516|73241&4&231.36710923663466|73244&4&-1.0302869668521453E-13|73246&4&154.45289882178892|73251&4&512.172869405623|73252&4&901.625671290612|73261&4&128.92196944252402|73262&4&2526.184348532969|73267&4&201.78936587397268|73271&4&874.8254950543948|73272&4&50.06250732462625|73274&4&117.72098341605115|73284&4&0.0|73288&4&1655.6543520114108,2|73189&4&391.28015635892234|73194&4&211.64139807507874|73200&4&707.1198749667747|73202&4&703.7263517363739|73207&4&2449.308171549546|73208&4&2977.519246921937|73216&4&942.0795446082536|73230&4&1248.4415678489813|73242&4&802.8815008703259|73243&4&271.48028513436054|73254&4&1975.109326167794|73260&4&1037.3925666335062|73261&4&700.3651887800065|73267&4&167.7665148337843|73273&4&712.2353976751186|73277&4&577.7202100299731|73279&4&93.53502677046988|73283&4&930.6200627424366
257|4,130,1,1,1,1,1,1,1,1,1,1,1,1,1,1,1,1,1,1,1,1,1,1,1,1,1,1,1,1,1,1,1,1,1,1,1,1,1,1,1,1,1,1,1,1,1,1,1,1,1,1,1,1,1,1,1,1,1,1,1,1,1,1,1,1,1,1,1,1,1,1,1,1,1,1,1,1,1,1,1,1,1,1,1,1,1,1,1,1,1,1,1,1,1,1,1,1,1,1,1,1,0,0,0,0,0,0,0,0,0,0,0,0,0,0,0,0,0,0,0,0,2|73199&4&80.23317630630149|73223&4&330.6331509598287|73225&4&288.35579240167004|73233&4&1721.0614929151093|73238&4&2240.447072666153|73239&4&1744.1503533533555|73249&4&333.75588446526365|73250&4&520.865024725372|73255&4&2452.1033891824572|73258&4&385.42144372121885|73269&4&344.4524811801058|73277&4&147.36972463547448|73282&4&498.6903533077968|73283&4&718.0635271514152|73288&4&739.0544576094755|73300&4&597.8728381615887,2|73190&4&92.09083657117333|73191&4&1272.0665585812746|73196&4&2546.6003751130347|73204&4&2124.188736488575|73217&4&0.0|73232&4&1265.4451281416082|73237&4&1786.4294332592535|73258&4&1894.5872499144175|73259&4&133.1222389663764|73268&4&724.2545482687408|73286&4&1487.55587953547|73308&4&24.862709651987505,2|73190&4&592.2223042859825|73193&4&139.1726240405864|73205&4&0.0|73209&4&508.57171628701855|73210&4&336.8269915471659|73211&4&2514.5066959976143|73212&4&338.51250299572484|73219&4&200.1860504036613|73242&4&486.97657668038124|73247&4&29.47581911827936|73260&4&124.2158538901028|73262&4&549.7773335282884|73265&4&4.085620730620576E-14|73276&4&1790.4960492183884|73280&4&985.4821988236894,2|73192&4&98.29477782386732|73201&4&2566.2444408882257|73206&4&337.03940175798004|73217&4&1588.2033912062989|73222&4&2605.6631713382453|73229&4&124.96184558775883|73242&4&455.326192559454|73245&4&1305.9956688945872|73276&4&1162.231754766852,2|73192&4&686.3604384143356|73197&4&280.77612867475744|73206&4&457.4716744229544|73212&4&378.74281124455365|73213&4&1410.4843556295436|73218&4&1564.265915003687|73220&4&280.39066668452915|73232&4&362.46883880573523|73236&4&1715.7698886119174|73240&4&3388.1055804633525|73243&4&898.6165432065753|73245&4&2030.77238106719|73252&4&-8.171241461241152E-14|73256&4&1214.4466329730203|73257&4&2658.854631481224|73265&4&505.82682134804503|73278&4&4301.330514327981|73280&4&376.54786884335925|73282&4&1860.068889550343|73285&4&617.69211705863|73286&4&1211.531908757684|73287&4&102.36151348532394|73302&4&438.7021807796485,2|73214&4&1046.9532954101724|73220&4&172.9883875612436|73236&4&113.86116040577838|73244&4&1484.5837892668528|73248&4&1980.7115989783406|73253&4&2123.3186765203973|73256&4&362.1231857092762|73263&4&4601.673336310149|73268&4&2500.994424095633|73280&4&119.99123119511016,2|73215&4&2155.954294886691|73218&4&420.8364565794395|73224&4&949.704732040384|73228&4&388.85185808566814|73237&4&734.8888939670064|73254&4&137.9023969983375|73264&4&416.25353775129145|73265&4&64.62010701771604|73269&4&623.3933265772123|73270&4&3567.2747871146366|73285&4&324.5505878736968,2|73189&4&1954.65777796506|73194&4&910.6779005245659|73195&4&1958.6763087227714|73199&4&1531.0404350733|73215&4&4.618527782440651E-14|73220&4&26.776450473174727|73221&4&4565.696767399103|73228&4&511.50046627951133|73234&4&0.0|73246&4&651.9595938946075|73252&4&1328.5817055615664|73266&4&2295.873548029171|73267&4&-7.105427357601002E-15|73275&4&2060.2918915950927,2|73193&4&687.5524438465561|73198&4&198.85652791950426|73200&4&257.7192138503757|73203&4&0.0|73209&4&4378.881156894391|73210&4&1172.3827836944597|73217&4&1536.9118182596271|73223&4&446.8786758243483|73226&4&588.7557350972473|73227&4&106.95675715643856|73228&4&1460.542343693467|73231&4&2180.851315480844|73235&4&1694.2620309323688|73241&4&442.4399002011071|73246&4&132.1251768287153|73251&4&480.7756560110339|73252&4&807.3572831959859|73261&4&107.35898758407473|73262&4&3374.7901454675975|73267&4&153.8500386407248|73271&4&794.7820427134593|73272&4&45.51137029511477|73274&4&111.8349342452486|73288&4&1535.5582314963199,2|73189&4&321.63651609748837|73194&4&138.92826697496287|73200&4&648.9182362000352|73202&4&713.2784286161001|73207&4&2288.2682172967|73208&4&3013.3020569709424|73216&4&876.1219735761031|73230&4&1121.41239890083|73242&4&731.9326661173284|73243&4&234.61352585554346|73254&4&1962.6966188246765|73260&4&995.0314167474036|73261&4&725.8669982409555|73267&4&682.4447389616993|73273&4&715.4163735604872|73277&4&538.7559454633126|73279&4&382.6391901487726|73283&4&805.7309358731965
258|4,130,1,1,1,1,1,1,1,1,1,1,1,1,1,1,1,1,1,1,1,1,1,1,1,1,1,1,1,1,1,1,1,1,1,1,1,1,1,1,1,1,1,1,1,1,1,1,1,1,1,1,1,1,1,1,1,1,1,1,1,1,1,1,1,1,1,1,1,1,1,1,1,1,1,1,1,1,1,1,1,1,1,1,1,1,1,1,1,1,1,1,1,1,1,1,1,1,1,1,1,1,0,0,0,0,0,0,0,0,0,0,0,0,0,0,0,0,0,0,0,0,2|73199&4&54.896092120083594|73223&4&237.24753286858748|73225&4&297.1100545473667|73233&4&1678.2421143450454|73238&4&2505.672774909066|73239&4&1644.6933040890049|73249&4&944.1629762408046|73250&4&484.086103088243|73255&4&2309.5041677269596|73258&4&321.4142368915124|73269&4&520.6655457296021|73277&4&139.49372183550142|73282&4&380.64704018003545|73283&4&983.3941269167769|73288&4&676.3415664087306|73300&4&513.4802115243498,2|73190&4&66.94669334562394|73191&4&1171.7889487969992|73196&4&2915.855286035159|73204&4&2387.5134932751694|73232&4&1111.594304197082|73237&4&1585.996536079594|73258&4&2184.243435721346|73259&4&117.89709214718465|73268&4&569.0556805242103|73286&4&1323.7418486404717|73308&4&86.99018404580315,2|73190&4&617.7823313542233|73193&4&96.69416227630671|73205&4&92.05392539844026|73209&4&374.79624989478145|73210&4&372.2928178358229|73211&4&2296.0515647340053|73212&4&560.6564469055329|73219&4&421.77084638312147|73242&4&461.1424083014205|73247&4&27.741947405439397|73260&4&92.91570584429041|73262&4&396.8174396836981|73275&4&408.5391490852835|73276&4&1673.6756872998226|73280&4&1097.7134641960765,2|73192&4&91.91810528903807|73201&4&2396.036499680634|73206&4&311.1132939304431|73217&4&1876.933513893301|73222&4&3086.366739545573|73229&4&296.6005629526195|73231&4&17.87432243668036|73242&4&422.7087825728235|73245&4&1705.528823703179|73276&4&1418.1026312313957,2|73192&4&615.8903768538854|73197&4&247.17694901270653|73206&4&382.1612904931162|73212&4&312.9658692420964|73213&4&1264.8873055776553|73218&4&1796.9502301958648|73220&4&314.5794949633855|73232&4&645.310258821448|73236&4&1797.6716578881415|73240&4&3314.1702126004707|73243&4&981.2068072814391|73245&4&1772.1492288288114|73256&4&1507.8210857840431|73257&4&2916.7768573105186|73265&4&0.0|73278&4&4076.6980768353637|73280&4&336.96041900888076|73282&4&2292.1485417482604|73285&4&539.6130731657644|73286&4&1727.842863644066|73287&4&93.36148520054192|73302&4&590.4601311171839,2|73214&4&942.2643579575094|73220&4&142.3802992283447|73236&4&64.9231462376311|73244&4&1611.1927433666137|73248&4&1992.352721235674|73253&4&2236.9122940086845|73256&4&295.24008514221924|73263&4&5409.531471188718|73268&4&3390.1324202680944|73280&4&84.339139850231,2|73215&4&2237.2073634692524|73218&4&337.7042662122182|73224&4&893.3442651330279|73228&4&298.8967416437133|73237&4&1489.923123353896|73254&4&67.65427261722908|73264&4&817.558579909751|73265&4&0.0|73269&4&569.8827297614973|73270&4&3446.481544683078|73285&4&304.1632791622016,2|73189&4&1879.8542415341485|73194&4&1199.227027730322|73195&4&2177.6763846983977|73199&4&1745.8880824782614|73220&4&3.7414315223541568|73221&4&5285.184869863404|73228&4&1254.7999336872929|73246&4&592.6354717524018|73252&4&1367.8643198682116|73266&4&2308.7366914961676|73275&4&1853.0924470687496,2|73193&4&626.0416970800164|73198&4&466.91517790897944|73200&4&171.8479677191149|73203&4&51.10542448914635|73209&4&4071.4342705776903|73210&4&1099.4947020448994|73217&4&1365.5647853973026|73223&4&1030.5331287011518|73226&4&573.9687705765805|73227&4&101.01471509219196|73228&4&1356.1765298829341|73231&4&2006.5481835042913|73235&4&1959.412524408354|73241&4&419.4805196867611|73246&4&109.79745483564169|73251&4&449.378442616445|73252&4&713.0888951013599|73261&4&85.79600572562545|73262&4&3534.449096170908|73267&4&105.91071140747687|73271&4&714.7385903725241|73272&4&40.96023326560329|73274&4&435.46516210344237|73288&4&1415.4621109812292,2|73189&4&269.8762836797564|73194&4&90.66308398347239|73200&4&633.5699664573403|73202&4&689.4607539045019|73207&4&2336.669157574658|73208&4&2972.904326955302|73216&4&810.1644025439527|73230&4&1081.534671473426|73242&4&660.9838313643307|73243&4&197.74676657672637|73254&4&1879.8295362573815|73260&4&1190.8976130497963|73261&4&741.5508425560188|73267&4&919.2279522760448|73273&4&920.7783242495166|73277&4&499.7916808966521|73279&4&438.3972113844065|73283&4&693.7318848151488
259|4,130,1,1,1,1,1,1,1,1,1,1,1,1,1,1,1,1,1,1,1,1,1,1,1,1,1,1,1,1,1,1,1,1,1,1,1,1,1,1,1,1,1,1,1,1,1,1,1,1,1,1,1,1,1,1,1,1,1,1,1,1,1,1,1,1,1,1,1,1,1,1,1,1,1,1,1,1,1,1,1,1,1,1,1,1,1,1,1,1,1,1,1,1,1,1,1,1,1,1,1,1,0,0,0,0,0,0,0,0,0,0,0,0,0,0,0,0,0,0,0,0,2|73199&4&44.30653815736257|73223&4&161.71530946381617|73225&4&266.23715157039067|73233&4&1560.829382636998|73238&4&2508.9853250681917|73239&4&1476.9098203090284|73249&4&1002.0425941326447|73250&4&497.65676581558597|73255&4&2076.973999018558|73258&4&259.8387847642291|73269&4&635.3280207208745|73277&4&0.0|73282&4&279.1106245799394|73283&4&1242.7945840548625|73288&4&593.1980235414703|73300&4&660.3260046229399,2|73190&4&42.42303869895926|73191&4&1071.5113390127233|73196&4&3142.3839790676166|73204&4&2480.4418092157366|73232&4&983.8077898663744|73237&4&1420.7380438562059|73258&4&2044.1500472913488|73259&4&450.86740846166344|73268&4&450.65854277071423|73286&4&1193.1100225907571|73308&4&74.16016636086916,2|73190&4&725.746029172542|73193&4&54.21570051202701|73205&4&87.45122912851825|73206&4&120.61834407472719|73209&4&252.85461764102442|73210&4&312.109715431377|73211&4&2308.764080516486|73212&4&778.5942227068585|73219&4&544.4027682030184|73242&4&435.30823992245985|73247&4&26.008075692599434|73260&4&61.615557798478044|73262&4&268.6217908642393|73275&4&388.1121916310193|73276&4&1556.855325381257|73280&4&1035.1910681679547|73307&4&409.96418655394245,2|73192&4&85.54143275420883|73201&4&2187.339419214437|73206&4&285.18718610290614|73217&4&1839.1276541797306|73222&4&3097.778142252389|73229&4&281.4581301910191|73231&4&16.98060631484634|73242&4&390.091372586193|73245&4&2032.917500967445|73276&4&1603.9211310082565,2|73192&4&545.4203152934352|73197&4&213.5777693506556|73206&4&331.5055932507462|73212&4&250.26175271819665|73213&4&1512.2977162184832|73218&4&1815.2939317974224|73220&4&392.4159066830354|73232&4&721.7224646159832|73236&4&1787.395909506673|73240&4&3049.5999182741407|73243&4&914.0401802572204|73245&4&1547.4691721266956|73256&4&1466.5064425092482|73257&4&3093.00837881982|73278&4&3705.2601388168628|73280&4&297.3729691744023|73282&4&2302.6396890914602|73285&4&461.53402927289875|73286&4&1747.7201477055794|73287&4&84.3614569157599|73302&4&660.6736744373957,2|73214&4&1015.0087280773093|73220&4&111.77221089544585|73236&4&26.229548164847827|73244&4&1721.6491018308395|73248&4&2051.8658382034537|73253&4&2321.2071552812004|73256&4&249.3620641808178|73263&4&5097.650523026318|73268&4&3489.052417332406|73280&4&48.68704850535185,2|73215&4&2164.9795097091046|73218&4&260.6353283017428|73224&4&837.7782732929782|73228&4&222.35746655002325|73237&4&2088.7599676240548|73254&4&21.961062591534972|73264&4&915.9077265576177|73269&4&516.3721329457826|73270&4&3349.9188793989383|73285&4&317.20356470489094,2|73189&4&2001.8728141605166|73194&4&1330.390559672894|73195&4&1975.9380225447403|73199&4&1632.7394091509416|73220&4&2.6645352591003757E-15|73221&4&5100.309336103515|73228&4&1459.0660528820208|73246&4&533.3113496101962|73252&4&1290.0426951615352|73266&4&2134.728270549422|73275&4&1673.4530618043523,2|73193&4&806.9299828374157|73198&4&731.915361209695|73200&4&88.46223602068385|73203&4&48.55015326468904|73209&4&3860.678275092021|73210&4&1026.606620395339|73217&4&1207.1271993770497|73223&4&1496.571722210368|73226&4&517.4672460310288|73227&4&95.07267302794537|73228&4&1251.8107160724012|73231&4&1832.2450515277387|73235&4&2089.4782412565337|73241&4&415.07603726611944|73246&4&87.46973284256806|73251&4&417.981229221856|73252&4&618.8205070067335|73261&4&64.23302386717617|73262&4&3638.5300580210355|73267&4&69.53060021486588|73271&4&760.0317308990061|73272&4&36.40909623609181|73274&4&429.93196090353297|73288&4&1295.3659904661386,2|73189&4&218.11605126202429|73194&4&59.09619005767559|73200&4&1145.6520757178323|73202&4&0.0|73207&4&2495.7765119223095|73208&4&2755.685474322461|73216&4&744.2068315118022|73230&4&971.7798625114696|73242&4&590.0349966113331|73243&4&160.8800072979093|73254&4&1917.992197660295|73260&4&1307.3077315341748|73261&4&693.1279324833263|73267&4&1129.0375509446433|73273&4&1158.175232426684|73277&4&0.0|73279&4&613.4562806559737|73283&4&591.5018988680512
260|4,130,1,1,1,1,1,1,1,1,1,1,1,1,1,1,1,1,1,1,1,1,1,1,1,1,1,1,1,1,1,1,1,1,1,1,1,1,1,1,1,1,1,1,1,1,1,1,1,1,1,1,1,1,1,1,1,1,1,1,1,1,1,1,1,1,1,1,1,1,1,1,1,1,1,1,1,1,1,1,1,1,1,1,1,1,1,1,1,1,1,1,1,1,1,1,1,1,1,1,1,1,0,0,0,0,0,0,0,0,0,0,0,0,0,0,0,0,0,0,0,0,2|73199&4&33.716984194641434|73223&4&106.06225735467416|73225&4&235.3642485934147|73233&4&1694.051116537642|73238&4&2510.861447666118|73239&4&1320.5679326336012|73249&4&1123.1208689520815|73250&4&458.36036496023337|73255&4&1844.4438303101563|73258&4&198.26333263694582|73269&4&600.9506399081835|73282&4&195.852821307574|73283&4&1192.6118820035047|73288&4&938.9603484285294|73300&4&600.0888502417763,2|73190&4&24.265747983792842|73191&4&981.3155941306135|73196&4&2911.377991711557|73204&4&2721.697761242267|73232&4&865.4442529340176|73237&4&1288.5108984248584|73258&4&1904.0566588613515|73259&4&418.4884594419111|73265&4&141.71572490988314|73268&4&370.144596739741|73286&4&1065.4741415110302|73308&4&108.78915008788498,2|73190&4&955.1529322366159|73193&4&15.807032326307736|73205&4&82.84853285859624|73206&4&114.58742687099083|73209&4&162.0745914007809|73210&4&650.5435284353734|73211&4&2671.3408884694445|73212&4&972.322981723324|73219&4&573.9104198262063|73242&4&409.4740715434991|73247&4&24.27420397975947|73260&4&39.07870461469446|73262&4&160.44269165425803|73275&4&367.6852341767551|73276&4&1440.0349634626918|73280&4&1564.825963583007|73307&4&389.46597722624534,2|73192&4&79.1647602193796|73201&4&1978.6423387482407|73206&4&259.2610782753692|73217&4&1727.8447974024784|73222&4&2848.4238407310236|73229&4&266.3156974294187|73231&4&16.086890193012323|73242&4&357.4739625995625|73245&4&2342.186348790572|73276&4&1460.2422695839628,2|73192&4&474.9502537329852|73197&4&179.97858968860461|73206&4&280.8498960083759|73212&4&190.0732561325778|73213&4&1424.4245695392874|73218&4&1688.5651900515702|73220&4&535.7585144584671|73232&4&688.4768026499946|73236&4&1630.9196898648922|73240&4&3047.2546663426892|73243&4&846.8735532330015|73245&4&1360.9535471572901|73256&4&1370.603425191377|73257&4&3050.489504091224|73278&4&3339.25660757142|73280&4&257.7855193399238|73282&4&2381.6004428302376|73285&4&392.39764353927234|73286&4&1913.7067402849384|73287&4&75.36142863097788|73302&4&602.2514870106953,2|73214&4&1167.1325577599828|73220&4&81.16412256254696|73236&4&1.2079226507921703E-13|73244&4&2058.3302458157873|73248&4&1871.4934907447675|73253&4&2607.493168147432|73256&4&205.40243161057714|73263&4&4660.167155065356|73268&4&3599.7353251248333|73280&4&13.034957160472686,2|73215&4&2113.1009127020516|73218&4&198.53800624369853|73224&4&782.2122814529282|73228&4&176.4487417094798|73237&4&2229.724072498557|73254&4&1.4921397450962104E-13|73264&4&1243.6031725642886|73269&4&466.21272001611794|73270&4&3104.604613193826|73285&4&719.9173833183012,2|73189&4&2307.59999032146|73194&4&1529.370969814369|73195&4&1774.1996603910834|73199&4&1614.6394910550425|73221&4&4706.483875329071|73228&4&1381.633061679718|73230&4&274.67036167230384|73236&4&458.6000054650823|73246&4&473.9872274679905|73252&4&1212.221070454859|73266&4&1960.7198496026776|73275&4&1506.9989588481262,2|73193&4&1251.787216946385|73198&4&708.9959332420813|73200&4&36.049315667211815|73203&4&45.99488204023172|73209&4&4114.798716115551|73210&4&953.7185387457785|73217&4&1064.4634218229307|73223&4&1520.598962355798|73226&4&637.414073508392|73227&4&89.13063096369878|73228&4&1147.4449022618683|73231&4&1657.9419195511864|73235&4&2158.774596022917|73241&4&391.18891184708826|73246&4&65.14201084949445|73251&4&386.5840158272669|73252&4&529.3410863808563|73261&4&42.670042008726895|73262&4&3970.123095168846|73267&4&41.53121982184227|73271&4&862.3808432610833|73272&4&31.857959206580333|73274&4&466.69983825514095|73288&4&1175.2698699510477,2|73189&4&170.43232559178986|73194&4&39.137362103328094|73200&4&1973.3994230195299|73207&4&2557.198674305423|73208&4&2570.996507336097|73216&4&871.9060444060349|73230&4&867.4680935795406|73242&4&519.0861618583356|73243&4&124.01324801909217|73254&4&2031.5697350063379|73260&4&1231.3776897286616|73261&4&644.7050224106335|73267&4&1345.19752629522|73273&4&1064.5066111224419|73279&4&727.3152424805164|73283&4&495.4225984155754
261|4,130,1,1,1,1,1,1,1,1,1,1,1,1,1,1,1,1,1,1,1,1,1,1,1,1,1,1,1,1,1,1,1,1,1,1,1,1,1,1,1,1,1,1,1,1,1,1,1,1,1,1,1,1,1,1,1,1,1,1,1,1,1,1,1,1,1,1,1,1,1,1,1,1,1,1,1,1,1,1,1,1,1,1,1,1,1,1,1,1,1,1,1,1,1,1,1,1,1,1,1,1,0,0,0,0,0,0,0,0,0,0,0,0,0,0,0,0,0,0,0,0,2|73199&4&23.1274302319203|73223&4&50.762406499461704|73225&4&501.1995678558891|73233&4&1566.673395406783|73238&4&2589.4406832812256|73239&4&1653.5534999931865|73249&4&1316.1850870508142|73250&4&419.0639641048809|73255&4&2021.1080853420433|73258&4&136.68788050966256|73269&4&566.5732590954923|73273&4&255.61534282170015|73277&4&97.26138569981683|73282&4&123.00120130190984|73283&4&1329.526417054802|73288&4&1212.8999006314934|73300&4&664.1563246164092,2|73190&4&15.773142944118112|73191&4&966.257049741738|73196&4&2678.872825605681|73204&4&2684.278551500015|73218&4&95.28181901101709|73232&4&750.4517026797121|73237&4&1167.6128397854577|73258&4&2242.327176319641|73259&4&385.84074091822976|73265&4&325.4544992803109|73268&4&307.96517397423645|73286&4&939.4455158902687|73308&4&101.38493219085504,2|73190&4&895.0038749294326|73193&4&-3.552713678800501E-15|73205&4&78.24583658867424|73206&4&108.55650966725446|73209&4&117.54701632665325|73210&4&806.3624122645041|73211&4&3299.672143044133|73212&4&1223.951290300673|73219&4&758.0910495691485|73242&4&383.6399031645384|73247&4&97.2897090233491|73260&4&16.541851430910906|73262&4&86.25749957495088|73275&4&392.76694173196995|73276&4&1323.2146015441263|73280&4&1852.2831508978402|73307&4&548.3535611237231,2|73192&4&239.8827188322353|73201&4&1797.0323037043881|73206&4&233.33497044783226|73217&4&1616.561940625226|73222&4&2599.069539209659|73229&4&251.17326466781833|73231&4&15.193174071178305|73242&4&324.85655261293203|73245&4&2649.2409197007573|73276&4&1316.5634081596686,2|73192&4&404.480192172535|73197&4&225.44332489788272|73206&4&230.19419876600568|73212&4&139.73866218646396|73213&4&1473.3753593982199|73218&4&1561.836448305718|73220&4&491.4487243169351|73232&4&810.295001984244|73236&4&1474.443470223111|73240&4&2961.9922944421187|73243&4&817.8082987281297|73245&4&1179.5292985764645|73256&4&1386.369278410507|73257&4&3127.8713318616055|73278&4&3090.062608819842|73280&4&218.19806950544523|73282&4&2921.035360104524|73285&4&331.27723830633226|73286&4&1980.8784386395785|73287&4&66.36140034619586|73302&4&554.5633934506404,2|73214&4&1061.0256218921018|73220&4&50.556034229648084|73244&4&1969.9663773791308|73248&4&1691.121143286081|73253&4&2916.9119651348356|73256&4&165.77140955783585|73263&4&4427.344245706632|73268&4&3376.455892026058|73280&4&-9.592326932761353E-14,2|73215&4&2042.6907367972078|73218&4&136.44068418565416|73224&4&726.6462896128785|73228&4&130.54001686893636|73237&4&2106.1004167255664|73264&4&1175.8192457257755|73269&4&416.0533070864534|73270&4&3459.7524220568903|73285&4&827.8703593525476,2|73189&4&2149.26406045914|73194&4&1635.3479243229447|73195&4&2027.1948006188052|73199&4&1578.5635751163586|73220&4&159.84249475729135|73221&4&4407.691846876836|73228&4&1361.3279398066725|73230&4&453.75933506385184|73236&4&629.7980648979363|73246&4&494.34206952885904|73252&4&1134.3994457481829|73266&4&1794.9475625130474|73275&4&1340.5448558919006,2|73193&4&1701.0432839974906|73198&4&669.2742423326544|73200&4&9.724959611330565|73203&4&43.43961081577441|73209&4&3927.2482080996188|73210&4&880.830457096218|73217&4&925.1633546646403|73223&4&1664.5550075890703|73226&4&629.9268997439272|73227&4&83.18858889945218|73228&4&1043.0790884513353|73231&4&1483.6387875746339|73235&4&2004.5202077330268|73241&4&367.3017864280571|73246&4&42.81428885642084|73251&4&567.0529574258496|73252&4&439.8616657549791|73261&4&21.107060150277622|73262&4&4223.439520145746|73267&4&16.700377622858955|73271&4&1170.139953971693|73272&4&27.306822177068852|73274&4&440.4979834685226|73288&4&1055.173749435957,2|73189&4&135.1718183810627|73194&4&27.59598841859749|73200&4&2232.938613273568|73207&4&2344.301542184697|73208&4&2789.58522412487|73216&4&1109.3575576634216|73230&4&772.2355173825713|73242&4&448.1373271053379|73243&4&87.14648874027506|73254&4&1888.98383732616|73260&4&1356.0176139613027|73261&4&773.9146179837309|73267&4&1515.7283284790608|73273&4&970.8379898181995|73279&4&677.7121821968194|73283&4&404.39525469963814
262|4,130,1,1,1,1,1,1,1,1,1,1,1,1,1,1,1,1,1,1,1,1,1,1,1,1,1,1,1,1,1,1,1,1,1,1,1,1,1,1,1,1,1,1,1,1,1,1,1,1,1,1,1,1,1,1,1,1,1,1,1,1,1,1,1,1,1,1,1,1,1,1,1,1,1,1,1,1,1,1,1,1,1,1,1,1,1,1,1,1,1,1,1,1,1,1,1,1,1,1,1,1,0,0,0,0,0,0,0,0,0,0,0,0,0,0,0,0,0,0,0,0,2|73199&4&17.345572673940218|73223&4&25.105526603265545|73225&4&728.2931561386354|73233&4&1661.232318841835|73238&4&2820.7766108202654|73239&4&2112.6648989559394|73249&4&1222.1414813947263|73250&4&485.74883461219866|73255&4&2282.0164704383023|73258&4&77.53694361636131|73263&4&33.245069923243136|73269&4&635.9788472358052|73273&4&568.3367094818308|73275&4&241.88440985542206|73277&4&133.2126710001107|73282&4&67.8963592992418|73283&4&1466.1562399549803|73288&4&1136.7120074706013|73300&4&703.9932017049852,2|73190&4&7.280537904443422|73191&4&866.2733629978583|73196&4&2600.8843998808215|73204&4&2687.0487895266087|73218&4&90.51772806046624|73232&4&903.1300662420646|73237&4&1046.7840751381414|73258&4&2371.403624126399|73259&4&353.19302239454834|73265&4&308.8274850040207|73268&4&245.78575120873177|73286&4&814.1684617937531|73308&4&95.67315635084137,2|73190&4&895.1364506743132|73205&4&73.64314031875223|73206&4&427.3678655057922|73209&4&73.01944125252547|73210&4&769.4532323242499|73211&4&3428.8504097064215|73212&4&1320.9126581316334|73219&4&885.8559113524692|73242&4&702.0417995282899|73247&4&258.7385331003352|73260&4&6.289330714638884|73262&4&47.76832562151034|73275&4&370.0645510272318|73276&4&1206.3942396255607|73280&4&1741.173517901804|73307&4&595.9594959568204,2|73192&4&225.15131474002183|73201&4&1779.0958201597703|73206&4&207.40886262029534|73217&4&1505.2790838479739|73222&4&2446.1647247735673|73229&4&331.5760945005354|73231&4&14.299457949344287|73242&4&292.23914262630154|73245&4&2480.297988294466|73276&4&1172.884546735375,2|73192&4&334.0101306120849|73197&4&306.14736072418856|73206&4&179.53850152363546|73212&4&108.77591890075932|73213&4&1312.4573052766746|73218&4&1435.107706559866|73220&4&447.13893417540316|73232&4&760.8892104285592|73236&4&1335.4026412910716|73240&4&2980.799661200759|73243&4&952.7858309369658|73245&4&1001.3569127441791|73256&4&1284.8828175657854|73257&4&3442.049121348683|73278&4&2750.150966711364|73280&4&178.61061967096674|73282&4&3072.2203373626967|73285&4&277.6904859932026|73286&4&2091.0632095089004|73287&4&57.36137206141384|73302&4&510.2698644156551,2|73214&4&960.1681015299589|73220&4&22.096969424048467|73244&4&1826.8003088597688|73248&4&1510.748795827395|73253&4&2920.561493157121|73256&4&130.56511310747007|73263&4&3997.477895802178|73268&4&3136.1388706272746,2|73215&4&1883.5490817502318|73218&4&85.71132942551071|73224&4&671.0802977728285|73228&4&84.63129202839292|73237&4&2020.2947002587887|73264&4&1095.3598866514599|73269&4&365.89389415678886|73270&4&4051.2702474538305|73285&4&777.0105310859458,2|73189&4&2325.1441136922904|73194&4&1538.9222053036929|73195&4&1838.0732152043329|73199&4&1456.571204269958|73209&4&278.5701395153958|73218&4&165.59557774075057|73220&4&326.5951323682401|73221&4&4334.217243867948|73228&4&1477.1780935963905|73230&4&644.1715694033761|73234&4&11.35004855427815|73236&4&690.8749384696505|73246&4&667.180386149684|73252&4&1213.505708935901|73266&4&1629.1752754234171|73275&4&1182.5001970212031,2|73193&4&1608.1414017643815|73198&4&629.5525514232273|73200&4&-7.105427357601002E-14|73203&4&40.884339591317094|73209&4&3578.9941328254577|73210&4&807.9423754466574|73217&4&785.8632875063499|73223&4&1553.9857455229992|73226&4&599.0340795350493|73227&4&77.24654683520559|73228&4&938.7132746408024|73231&4&1309.3356555980815|73235&4&1850.265819443137|73241&4&343.4146610090259|73246&4&20.486566863347225|73251&4&547.2449266704826|73252&4&350.38224512910176|73261&4&-4.973799150320701E-14|73262&4&4250.69876363483|73267&4&4.416413215923807|73271&4&1085.1035740773114|73272&4&97.01008378036853|73274&4&414.2961286819042|73288&4&935.0776289208663,2|73189&4&99.91131117033545|73194&4&16.626408065493912|73200&4&2345.917724008712|73207&4&2131.404410063972|73208&4&2560.11211806753|73216&4&1129.2148750567726|73230&4&683.9028421382463|73242&4&377.1884923523403|73243&4&50.27972946145794|73254&4&1852.5457382581142|73260&4&1375.6684543686529|73261&4&887.9621056665001|73267&4&1527.5602634971726|73273&4&885.4546212176801|73279&4&699.5140539073486|73283&4&328.3579668713619
263|4,130,1,1,1,1,1,1,1,1,1,1,1,1,1,1,1,1,1,1,1,1,1,1,1,1,1,1,1,1,1,1,1,1,1,1,1,1,1,1,1,1,1,1,1,1,1,1,1,1,1,1,1,1,1,1,1,1,1,1,1,1,1,1,1,1,1,1,1,1,1,1,1,1,1,1,1,1,1,1,1,1,1,1,1,1,1,1,1,1,1,1,1,1,1,1,1,1,1,1,1,1,0,0,0,0,0,0,0,0,0,0,0,0,0,0,0,0,0,0,0,0,2|73199&4&11.563715115960134|73223&4&4.960014086907217|73225&4&788.9469340184534|73233&4&1666.2807605749695|73238&4&2900.1792271868817|73239&4&2376.9301921670112|73249&4&1128.0978757386379|73250&4&441.15337018871264|73255&4&2791.817489797486|73258&4&38.769594503602505|73263&4&50.80146255559898|73269&4&657.4394665821981|73273&4&618.843236920819|73275&4&643.9195120236415|73277&4&126.30888398585563|73280&4&32.7758318813062|73281&4&136.4925584993945|73282&4&32.530785834959346|73283&4&1386.6835812662796|73288&4&1073.6661554078337|73300&4&645.127632684121,2|73190&4&-2.6645352591003757E-14|73191&4&1148.8216346673698|73196&4&2676.5504459978893|73204&4&2517.306859797776|73218&4&85.75363710991539|73232&4&1127.768128586141|73237&4&925.9553104908251|73258&4&2328.4589474363484|73259&4&320.545303870867|73265&4&292.20047072773036|73268&4&183.60632844322708|73272&4&147.36187933579095|73279&4&109.36270659006487|73286&4&694.5309106907032|73308&4&89.9613805108277,2|73190&4&1102.2301306940328|73205&4&0.0|73206&4&474.3957274442505|73209&4&28.491866178397697|73210&4&782.4158437812769|73211&4&3161.092869980589|73212&4&1451.4811335036534|73219&4&923.0794845513789|73242&4&658.9958279121936|73247&4&264.52818146309016|73248&4&219.62892767411972|73250&4&310.1812391688877|73260&4&3.730349362740526E-14|73262&4&17.414238752278546|73275&4&347.36216032249365|73276&4&1089.573877706995|73280&4&1630.0638849057677|73307&4&562.6383252767619,2|73192&4&0.0|73201&4&2186.3732719000313|73206&4&181.4827547927584|73217&4&1393.9962270707217|73222&4&2735.1109328927187|73229&4&311.65639860921914|73231&4&232.61829969427242|73242&4&259.62173263967105|73245&4&2400.083224166946|73276&4&1029.205685311081,2|73192&4&0.0|73197&4&439.1225762125888|73206&4&132.57132414370216|73212&4&77.8131756150547|73213&4&1601.5043494890378|73218&4&1308.3789648140141|73220&4&402.82914403387116|73232&4&711.4834188728744|73236&4&1196.3618123590327|73240&4&3181.1929029626854|73243&4&1485.925769065696|73245&4&823.1845269118938|73256&4&1348.2615490899343|73257&4&3883.0198074344266|73278&4&2954.1429010085676|73280&4&139.02316983648825|73282&4&3157.456125570465|73285&4&224.10373368007302|73286&4&2266.222997192895|73287&4&48.36134377663183|73302&4&469.199198863899,2|73214&4&998.7173039389974|73220&4&9.255918721427573|73244&4&1949.3505525176604|73248&4&1330.3764483687087|73253&4&2932.025624532016|73256&4&95.35881665710431|73263&4&3569.1354521192397|73268&4&2895.821849228492,2|73215&4&1728.6848367073233|73218&4&42.43328576297055|73224&4&615.5143059327788|73228&4&41.340630983582315|73237&4&1894.7801475204874|73251&4&131.98297965043912|73264&4&1094.3911218558064|73269&4&323.1084152623555|73270&4&4867.583470495683|73285&4&726.1507028193441,2|73189&4&2188.551671886107|73194&4&1442.4964862844413|73195&4&1846.854300896474|73199&4&1334.5788334235572|73209&4&1021.3196309697646|73218&4&386.1963263999654|73220&4&502.540899940772|73221&4&4521.796319832648|73228&4&1883.1069076159863|73230&4&695.1830659923185|73234&4&10.782546126564242|73236&4&996.2480787723645|73246&4&795.7047831656071|73252&4&1484.384489085267|73266&4&1566.4588783621857|73275&4&1037.1428866418746,2|73193&4&1483.6887661841574|73198&4&589.8308605138003|73203&4&38.32906836685978|73209&4&3230.7400575512943|73210&4&735.0542937970968|73217&4&646.5632203480595|73223&4&1902.6808405661614|73226&4&657.9245354398597|73227&4&71.304504770959|73228&4&834.3474608302694|73231&4&1135.3007783186472|73235&4&1813.4345846209196|73241&4&319.5275355899947|73246&4&1.3500311979441904E-13|73251&4&504.145281006791|73252&4&260.9028245032245|73262&4&4313.715212948502|73267&4&-2.1316282072803006E-14|73271&4&1040.1305762822717|73272&4&88.74622681921649|73274&4&388.0942738952858|73288&4&814.9815084057755,2|73189&4&80.8847389554544|73194&4&11.857383502721207|73200&4&2178.0245533016496|73207&4&1918.5072779432471|73208&4&2802.7603153276136|73216&4&1096.1674262637762|73230&4&600.616999140661|73242&4&313.207012329083|73243&4&13.412970182640828|73254&4&1669.3381703154432|73260&4&1253.7462089781457|73261&4&884.6144357708773|73267&4&1447.2812565011732|73273&4&803.1126484354697|73279&4&646.3407470239404|73283&4&264.5374020651602
264|4,130,1,1,1,1,1,1,1,1,1,1,1,1,1,1,1,1,1,1,1,1,1,1,1,1,1,1,1,1,1,1,1,1,1,1,1,1,1,1,1,1,1,1,1,1,1,1,1,1,1,1,1,1,1,1,1,1,1,1,1,1,1,1,1,1,1,1,1,1,1,1,1,1,1,1,1,1,1,1,1,1,1,1,1,1,1,1,1,1,1,1,1,1,1,1,1,1,1,1,1,1,0,0,0,0,0,0,0,0,0,0,0,0,0,0,0,0,0,0,0,0,2|73199&4&5.78185755798005|73223&4&-2.8421709430404007E-14|73225&4&735.2678878487997|73233&4&1531.2125285529344|73238&4&2676.7974154423214|73239&4&2195.2220172627103|73249&4&1034.05427008255|73250&4&405.6925271135857|73255&4&2544.9531245153776|73258&4&21.597749269146234|73263&4&965.0765073661588|73269&4&802.6623419102168|73273&4&668.383097156847|73275&4&727.481616043371|73277&4&119.40509697160054|73280&4&31.137040287240893|73281&4&0.0|73282&4&14.9996414325379|73283&4&1293.8282003704962|73288&4&1115.5928701110593|73300&4&586.2620636632566,2|73191&4&1336.3426686201128|73196&4&2431.1619385204904|73204&4&2304.3268735455945|73218&4&80.98954615936454|73232&4&1021.5594431364201|73237&4&805.1265458435089|73258&4&2143.006896704832|73259&4&0.0|73265&4&300.4458473728168|73268&4&121.42690567772243|73272&4&188.24132470398283|73279&4&164.40034602937334|73286&4&580.4181543710099|73308&4&84.24960467081402,2|73190&4&1021.0453707522283|73205&4&44.427442650052825|73206&4&687.1789627183408|73209&4&4.973799150320701E-14|73210&4&1210.9057067525005|73211&4&2987.438911841198|73212&4&1358.1387303154577|73217&4&104.73321593407536|73219&4&866.8738885164388|73242&4&746.079081815183|73247&4&440.32781813624865|73248&4&0.0|73250&4&423.03521040836927|73262&4&5.6843418860808015E-14|73275&4&324.6597696177555|73276&4&972.7535157884297|73280&4&1518.9542519097315|73307&4&529.3171545967034,2|73201&4&2113.971298637336|73206&4&155.5566469652215|73217&4&1282.7133702934696|73222&4&2453.778007817351|73229&4&291.73670271790286|73231&4&220.7639556791003|73242&4&227.00432265304056|73245&4&2810.035706208116|73276&4&885.526823886787,2|73197&4&599.5683546760285|73206&4&97.62051326016291|73212&4&51.6457148162675|73213&4&1768.5778292192856|73218&4&1181.6502230681622|73220&4&358.51935389233915|73232&4&662.0776273171895|73236&4&1057.3209834269935|73240&4&3024.7522408552004|73243&4&1519.7922425626925|73245&4&657.2509910775882|73256&4&1238.5318286267695|73257&4&3584.421450730106|73278&4&2756.850224556634|73280&4&99.43572000200976|73282&4&2993.5598473112263|73285&4&172.81631670704218|73286&4&2302.447514588466|73287&4&53.22293106771258|73302&4&431.2334474490803,2|73214&4&892.1136986674165|73220&4&4.627959360713817|73244&4&1786.409700282691|73248&4&0.0|73253&4&2949.7897825053146|73256&4&60.152520206738544|73263&4&3142.243483955528|73268&4&3154.6735928339085,2|73215&4&1573.8205916644147|73218&4&15.33102834474918|73224&4&559.9483140927289|73228&4&13.49061733082393|73237&4&1769.2655947821863|73251&4&125.38383066791717|73264&4&1012.4471092506969|73269&4&280.3229363679221|73270&4&4482.03798169132|73285&4&675.2908745527425,2|73189&4&2021.163415701612|73194&4&1346.0707672651893|73195&4&1808.7194517169587|73199&4&1385.2442430946521|73209&4&1411.1208145154255|73218&4&710.329835134062|73220&4&476.17778056407496|73221&4&4618.0825330292355|73222&4&606.463144854129|73228&4&2541.9209167003937|73230&4&727.4236915467891|73234&4&10.215043698850334|73236&4&1055.0180107344513|73246&4&971.7117321220037|73252&4&1556.1588828060987|73255&4&577.9904664255528|73266&4&1535.1445828122187|73275&4&905.2450634356077|73285&4&45.752978377915554,2|73193&4&1359.2361306039336|73198&4&550.1091696043732|73203&4&35.773797142402465|73209&4&2882.4859822771327|73210&4&662.1662121475363|73217&4&528.4744922621614|73223&4&2073.3353354442042|73226&4&602.1543753264056|73227&4&65.3624627067124|73228&4&729.9816470197363|73231&4&967.5948697592131|73235&4&1664.7617429528086|73241&4&295.6404101709636|73251&4&461.0456353430993|73252&4&195.25235190851302|73262&4&4177.665284130317|73271&4&939.3955019530409|73272&4&80.48236985806444|73274&4&361.89241910866747|73288&4&694.8853878906848,2|73189&4&61.85816674057334|73194&4&9.4724811269091|73200&4&2010.1313825945872|73207&4&1964.0088603008453|73208&4&2586.7799471338612|73216&4&1262.7340109029951|73230&4&525.9155139154253|73242&4&249.22553230582577|73243&4&-6.039613253960852E-14|73254&4&1506.572504170582|73260&4&1196.780957481515|73261&4&857.9490633635412|73267&4&1392.740621705239|73273&4&724.8917288690665|73279&4&597.7784477721581|73283&4&209.2306633636128
265|4,130,1,1,1,1,1,1,1,1,1,1,1,1,1,1,1,1,1,1,1,1,1,1,1,1,1,1,1,1,1,1,1,1,1,1,1,1,1,1,1,1,1,1,1,1,1,1,1,1,1,1,1,1,1,1,1,1,1,1,1,1,1,1,1,1,1,1,1,1,1,1,1,1,1,1,1,1,1,1,1,1,1,1,1,1,1,1,1,1,1,1,1,1,1,1,1,1,1,1,1,1,0,0,0,0,0,0,0,0,0,0,0,0,0,0,0,0,0,0,0,0,2|73199&4&-3.375077994860476E-14|73225&4&681.588841679146|73233&4&1396.1442965308984|73238&4&2684.7092192147957|73239&4&2018.4942646702264|73249&4&1102.8724034477273|73250&4&371.3130098146371|73255&4&2310.292959073165|73258&4&6.456379937511001|73259&4&110.6298040179442|73263&4&2179.9601834041828|73269&4&750.6524171186039|73273&4&631.2204105556606|73275&4&1344.3508620033174|73277&4&112.50130995734546|73280&4&119.60281427276016|73282&4&5.6843418860808015E-14|73283&4&1200.972819474713|73288&4&1481.4536234686184|73300&4&531.2729145710674,2|73191&4&1321.0669880550643|73196&4&2620.3232609028246|73204&4&2091.3468872934127|73218&4&76.22545520881368|73232&4&1099.960902918767|73237&4&684.2977811961928|73258&4&2008.0149840476956|73265&4&332.7931487620117|73268&4&59.24748291221776|73272&4&178.4608537704442|73279&4&155.9069219614295|73286&4&468.7916237043531|73308&4&78.53782883080035,2|73190&4&939.860610810424|73198&4&17.810916219908826|73205&4&129.6544115842846|73206&4&818.911612356814|73210&4&1208.2843149891246|73211&4&3043.2937043485526|73212&4&1387.6505863285042|73217&4&228.54686105649964|73219&4&810.6682924814988|73242&4&696.5266489231324|73247&4&416.0002527313428|73250&4&401.1079967900286|73275&4&301.95737891301735|73276&4&855.9331538698642|73280&4&1407.844618913695|73307&4&495.99598391664483,2|73201&4&2118.9804403302746|73206&4&129.63053913768456|73217&4&1171.4305135162174|73222&4&2187.9766421407267|73229&4&271.81700682658663|73231&4&391.6524748991208|73242&4&194.38691266641007|73245&4&3236.344110627114|73276&4&755.0104057323267,2|73197&4&551.647257129681|73206&4&65.04878852317671|73212&4&25.78961315704035|73213&4&2065.8924691927637|73218&4&1054.92148132231|73220&4&420.47535792482586|73232&4&612.6718357615048|73236&4&925.1978426761402|73240&4&2733.2398525182907|73243&4&1457.1827190871213|73245&4&516.8141892184688|73256&4&1512.2299753156308|73257&4&3608.9889505010733|73278&4&2609.5385468685736|73280&4&61.06320205849741|73282&4&3200.8015944023227|73285&4&121.52889973401136|73286&4&2161.479639282357|73287&4&154.19382201046426|73302&4&396.3753824040714,2|73214&4&1058.3220082892221|73220&4&0.0|73244&4&1623.468848047721|73253&4&2696.1418957435835|73256&4&24.946223756372788|73263&4&2752.7238201872806|73268&4&3466.005499212435,2|73215&4&1418.9563466215056|73218&4&3.552713678800501E-15|73224&4&504.3823222526791|73228&4&-9.592326932761353E-14|73237&4&1643.7510420438853|73251&4&118.78468168539521|73264&4&936.6674190994305|73269&4&241.28021129349145|73270&4&4151.875127284323|73285&4&624.4310462861406,2|73189&4&2050.0909005879466|73193&4&41.39541305550733|73194&4&1249.6450482459377|73195&4&1905.1958783050218|73199&4&1472.4120009861613|73209&4&2296.3835909632153|73218&4&976.5980437488433|73220&4&449.81466118737785|73221&4&4896.847095092438|73222&4&924.2158347569564|73228&4&2661.999683794966|73230&4&685.5780115739379|73234&4&9.647541271136426|73236&4&1164.2619911326442|73246&4&1201.372434483614|73252&4&1947.2784487207432|73253&4&442.59806242722107|73255&4&549.0909431042751|73264&4&7.398054755964779|73266&4&1644.8586385563474|73275&4&781.3690404483091|73285&4&135.32066685092676,2|73193&4&1234.7834950237095|73198&4&510.38747869494625|73203&4&33.21852591794515|73209&4&2534.231907002971|73210&4&589.2781304979757|73217&4&431.28270998318703|73223&4&2062.696216543462|73226&4&546.5952168188405|73227&4&59.42042064246582|73228&4&625.6158332092034|73231&4&800.3242583905405|73235&4&1516.0889012846974|73241&4&271.75328475193237|73251&4&419.2607684655798|73252&4&145.18090393914633|73262&4&4248.909446766115|73271&4&1044.147592747396|73272&4&72.21851289691242|73274&4&408.6681687279|73288&4&574.7892673755939,2|73189&4&42.83159452569228|73194&4&7.087578751096991|73200&4&1842.2382118875248|73207&4&2080.7966394089804|73208&4&2451.091489279738|73216&4&1166.3659829555575|73230&4&457.94719456290125|73242&4&186.43001175482073|73254&4&1343.806838025722|73260&4&1205.1940445002824|73261&4&795.3646471392669|73267&4&1297.443798605544|73273&4&646.6708093026632|73279&4&556.8733951890117|73283&4&159.60973083521398
266|4,130,1,1,1,1,1,1,1,1,1,1,1,1,1,1,1,1,1,1,1,1,1,1,1,1,1,1,1,1,1,1,1,1,1,1,1,1,1,1,1,1,1,1,1,1,1,1,1,1,1,1,1,1,1,1,1,1,1,1,1,1,1,1,1,1,1,1,1,1,1,1,1,1,1,1,1,1,1,1,1,1,1,1,1,1,1,1,1,1,1,1,1,1,1,1,1,1,1,1,1,1,0,0,0,0,0,0,0,0,0,0,0,0,0,0,0,0,0,0,0,0,2|73225&4&693.8212727850236|73233&4&1261.076064508863|73238&4&2646.328489654381|73239&4&1841.7665120777424|73249&4&1083.6994153745009|73250&4&336.93349251568844|73255&4&2079.7751008455502|73258&4&-4.085620730620576E-14|73259&4&288.3357718781449|73263&4&3390.5019213250516|73269&4&698.642492326991|73273&4&594.057723954474|73275&4&1628.7490381471475|73277&4&0.0|73280&4&225.15513422470752|73283&4&1108.1174385789298|73288&4&1548.1010023104034|73300&4&476.2837654788781,2|73191&4&1203.6223685010796|73196&4&3120.3250369039306|73202&4&107.8860348710785|73204&4&1878.3669010412314|73218&4&71.46136425826283|73232&4&984.5217102074425|73237&4&563.4690165488764|73258&4&1942.5288890267684|73265&4&312.4116181790749|73268&4&12.167729108657687|73272&4&302.97835450863886|73279&4&147.41349789348567|73286&4&360.6157097546756|73308&4&72.82605299078668,2|73190&4&858.6758508686196|73198&4&16.920370408913385|73205&4&123.06062239844522|73206&4&794.9467989977047|73210&4&1135.8669737343919|73211&4&3060.881314348647|73212&4&1444.9814662805102|73217&4&216.85768496383946|73219&4&754.462696446559|73242&4&748.4655496172167|73247&4&0.0|73250&4&379.18078317168795|73275&4&279.2549882082792|73276&4&739.1127919512985|73280&4&1296.7349859176588|73307&4&462.6748132365863,2|73201&4&1904.1782810396553|73206&4&103.70443131014763|73217&4&1060.1476567389652|73222&4&1945.313897271376|73229&4&251.8973109352704|73231&4&778.9314011919721|73242&4&161.76950267977958|73245&4&3002.3554630023236|73276&4&634.801019638758,2|73197&4&709.4835401124259|73206&4&45.88747044885224|73212&4&3.2845221243984|73213&4&2228.700508025157|73218&4&928.1927395764578|73220&4&476.83683002047076|73232&4&563.2660442058199|73236&4&807.0962541936254|73240&4&2869.0112162041482|73243&4&1337.3761202658995|73245&4&398.6993344647117|73256&4&1890.8774789154227|73257&4&3484.5913997076823|73278&4&2789.580979141774|73280&4&28.99116781923293|73282&4&3165.2279586269033|73285&4&74.49513920508636|73286&4&2498.861433526882|73287&4&138.96751294657275|73302&4&361.51731735906236,2|73214&4&1010.8996179676531|73244&4&1574.7751299809297|73253&4&2457.514835117542|73256&4&2.0605739337042905E-13|73263&4&2416.3022094077633|73268&4&3954.5621172654223,2|73215&4&1512.9495025991325|73224&4&587.9025707543856|73237&4&1763.6085642580126|73251&4&112.18553270287326|73264&4&860.8877289481643|73269&4&202.5127071778145|73270&4&4051.111565195185|73285&4&573.571218019539,2|73189&4&2049.076097060986|73193&4&146.02802756513663|73194&4&1153.2193292266857|73195&4&1901.7643189253126|73199&4&1330.8970902256967|73209&4&2820.23448090096|73218&4&924.5221288056183|73220&4&423.45154181068074|73221&4&4695.666621456179|73222&4&979.5868053913393|73228&4&2500.6335773879773|73230&4&643.7323316010869|73234&4&0.0|73236&4&1106.8311988834523|73246&4&1410.9735171830973|73252&4&2095.2270575455846|73253&4&1162.718018982504|73255&4&666.0133257662901|73264&4&192.75449308122242|73266&4&1473.814518739896|73275&4&680.7683947037216|73285&4&590.6273524156202,2|73193&4&1110.3308594434857|73198&4&470.6657877855192|73203&4&30.663254693487833|73209&4&2205.2971088890527|73210&4&524.9165910418573|73217&4&335.8785114989521|73223&4&1940.427536766593|73226&4&491.0360583112755|73227&4&53.478378578219235|73228&4&521.2500193986704|73231&4&646.4654619516627|73235&4&1367.4160596165864|73241&4&247.92466939854336|73251&4&377.4759015880602|73252&4&105.36629765422242|73262&4&4682.601874638603|73271&4&995.9494289726429|73272&4&63.95465593576038|73274&4&0.0|73288&4&474.6999218945758,2|73189&4&23.80502231081122|73194&4&4.755501345027341|73200&4&1674.3450411804624|73207&4&2331.5579559688917|73208&4&2555.061276266404|73216&4&1075.8563168057822|73230&4&389.9788752103774|73242&4&123.63449120381568|73254&4&1312.073288042799|73260&4&1221.110028553186|73261&4&732.7802309149928|73267&4&1202.146975505849|73273&4&574.2679280607354|73279&4&515.9683426058655|73283&4&109.98879830681521
267|4,130,1,1,1,1,1,1,1,1,1,1,1,1,1,1,1,1,1,1,1,1,1,1,1,1,1,1,1,1,1,1,1,1,1,1,1,1,1,1,1,1,1,1,1,1,1,1,1,1,1,1,1,1,1,1,1,1,1,1,1,1,1,1,1,1,1,1,1,1,1,1,1,1,1,1,1,1,1,1,1,1,1,1,1,1,1,1,1,1,1,1,1,1,1,1,1,1,1,1,1,1,0,0,0,0,0,0,0,0,0,0,0,0,0,0,0,0,0,0,0,0,2|73225&4&640.3295048100339|73233&4&1133.3727498600447|73238&4&2410.850376091507|73239&4&1705.9091588834435|73249&4&1286.1656769113406|73250&4&302.5539752167398|73255&4&1851.6543691031586|73259&4&273.6424087741928|73263&4&3724.463992446539|73269&4&744.2791456841238|73273&4&556.8950373532875|73275&4&1539.5662380877557|73276&4&315.8321204151136|73280&4&433.4902169342439|73283&4&1365.3198693300155|73288&4&1540.5216923360197|73300&4&421.29461638668874,2|73191&4&1096.2087517324019|73196&4&3231.7492037206557|73202&4&102.49173312752457|73204&4&1665.3869147890493|73218&4&66.69727330771198|73225&4&32.28055557149736|73232&4&946.991082885936|73237&4&454.4172277441652|73258&4&2033.444422509706|73265&4&292.03008759613806|73266&4&12.515381835241328|73267&4&98.1655547858582|73268&4&-7.460698725481052E-14|73272&4&311.8874735348665|73279&4&138.92007382554186|73286&4&262.4167348889385|73308&4&67.114277150773,2|73190&4&777.4910909268151|73198&4&16.029824597917944|73205&4&116.46683321260585|73206&4&1034.259795202041|73210&4&1063.4496324796594|73211&4&2875.715904195722|73212&4&1435.8124856483223|73217&4&503.34876962327473|73219&4&698.2571004116189|73242&4&926.8124635295381|73250&4&357.25356955334723|73275&4&256.5525975035411|73276&4&622.2924300327329|73280&4&1185.6253529216224|73307&4&429.3536425565278,2|73201&4&1692.7066809650546|73206&4&77.77832348261069|73217&4&948.8647999617131|73222&4&1722.8307711653704|73229&4&231.97761504395413|73231&4&1683.0103915579944|73242&4&129.1520926931491|73245&4&2768.3668153775343|73276&4&540.1384195802268,2|73197&4&878.8164174193707|73206&4&26.813758843011595|73212&4&0.0|73213&4&2395.7596150810737|73218&4&810.6994891817258|73220&4&494.8292658699626|73232&4&513.8602526501351|73236&4&690.3880826704612|73240&4&3301.1712098941507|73243&4&1217.569521444678|73245&4&289.0374187370056|73256&4&1740.4267552984534|73257&4&3618.8850893390827|73278&4&3481.086160653612|73280&4&9.306026932469084|73282&4&3292.4547431380233|73285&4&35.94532669663724|73286&4&2989.4685122567967|73287&4&295.00013479297667|73302&4&326.6592523140534,2|73214&4&1011.3281241898425|73244&4&1627.4867360249013|73253&4&2249.485651825021|73263&4&2119.2276643237597|73268&4&3867.5340136452382,2|73215&4&1493.7852166154316|73224&4&885.1757030406661|73237&4&1719.9862979336156|73247&4&3.0891728918770625|73251&4&105.58638372035131|73264&4&790.3112354339929|73269&4&163.74520306213753|73270&4&3695.235456983918|73285&4&522.7113897529373,2|73189&4&2089.2284851098957|73193&4&342.4962665666562|73194&4&1056.793610207434|73195&4&1898.3434800559407|73199&4&1319.050857251776|73209&4&2933.026709500266|73218&4&1121.1596215239178|73220&4&397.0884224339837|73221&4&4545.177260842669|73222&4&1227.0827083720997|73228&4&2486.6822955059038|73230&4&742.4687315881104|73236&4&1037.687152125392|73246&4&1500.981952944938|73252&4&2037.6708787769742|73253&4&1231.808539544139|73255&4&633.3791895984299|73264&4&183.09827329027138|73266&4&1305.3050917143787|73275&4&591.1938930043789|73285&4&764.9765196739442,2|73193&4&992.9631772089234|73198&4&430.9440968760922|73203&4&28.107983469030515|73209&4&1912.36945832287|73210&4&460.55505158573885|73217&4&244.97374517699578|73223&4&1791.3153490216705|73226&4&435.4768998037106|73227&4&0.0|73228&4&422.95741055902465|73231&4&521.8414693028549|73235&4&1218.7432179484754|73241&4&224.0960540451543|73251&4&335.6910347105407|73252&4&67.53131067951095|73262&4&4445.114226830019|73271&4&970.3888999700517|73272&4&55.69079897460834|73288&4&374.61057641355785,2|73189&4&4.778450095930161|73194&4&2.42342393895769|73200&4&1608.1538599530006|73207&4&2432.2954370014477|73208&4&2690.7777380227226|73216&4&998.1871110766527|73230&4&322.01055585785343|73242&4&63.831617464970094|73254&4&1177.6871808136937|73260&4&1167.8387672775102|73261&4&670.1958146907187|73267&4&1106.8501524061542|73273&4&503.7155497727535|73279&4&475.0632900227193|73283&4&60.36786577841645
268|4,130,1,1,1,1,1,1,1,1,1,1,1,1,1,1,1,1,1,1,1,1,1,1,1,1,1,1,1,1,1,1,1,1,1,1,1,1,1,1,1,1,1,1,1,1,1,1,1,1,1,1,1,1,1,1,1,1,1,1,1,1,1,1,1,1,1,1,1,1,1,1,1,1,1,1,1,1,1,1,1,1,1,1,1,1,1,1,1,1,1,1,1,1,1,1,1,1,1,1,1,1,0,0,0,0,0,0,0,0,0,0,0,0,0,0,0,0,0,0,0,0,2|73225&4&587.8983850536022|73233&4&1005.6694352112262|73238&4&2175.372262528633|73239&4&2200.0050553337596|73249&4&1333.1043352880383|73250&4&268.1744579177912|73255&4&1631.5278552937193|73259&4&258.9490456702407|73263&4&3521.1341038326245|73269&4&711.3310968303283|73273&4&519.732350752101|73275&4&1469.1582895900701|73276&4&720.7372044861784|73280&4&855.6468534310334|73283&4&1509.1917168367934|73288&4&1465.9442718304201|73300&4&367.4781044277044,2|73191&4&990.3387673431918|73196&4&3371.7105683535524|73202&4&97.09743138397064|73204&4&1530.363479223994|73218&4&61.93318235716113|73225&4&30.66652779292249|73232&4&949.9696334529142|73237&4&355.2880965093435|73258&4&2003.3724407097393|73265&4&271.64855701320124|73266&4&255.47864327924916|73267&4&93.25727704656529|73272&4&0.0|73274&4&23.989539855928506|73279&4&130.42664975759803|73286&4&192.40574895583407|73308&4&61.40250131075932,2|73190&4&723.2702359873799|73198&4&0.0|73205&4&109.8730440267665|73206&4&1043.5898015672662|73210&4&991.0322912249268|73211&4&2595.4513602478046|73212&4&1353.01420561646|73217&4&1128.1893516103419|73219&4&642.051504376679|73242&4&1209.3770414292558|73250&4&335.3263559350066|73275&4&233.850206798803|73276&4&505.4720681141674|73280&4&1074.5157199255862|73307&4&396.03247187646923,2|73192&4&454.30928946521817|73201&4&1901.368087867078|73206&4&51.85221565507375|73217&4&837.5819431844609|73222&4&1512.5265172703762|73229&4&212.0579191526379|73231&4&1676.4453218160597|73242&4&96.53468270651858|73245&4&2859.823297356349|73276&4&479.9101744039498,2|73197&4&827.4143835064076|73206&4&10.725167679557243|73213&4&2696.8419489839016|73218&4&697.934281783778|73220&4&734.3229751583758|73232&4&464.4544610944503|73236&4&573.679911147297|73240&4&3269.790798878368|73243&4&1097.7629226234562|73245&4&179.4075135792777|73256&4&1585.9568195529178|73257&4&3385.886807722346|73278&4&3768.1653772244517|73280&4&-4.263256414560601E-14|73282&4&3784.5285636068884|73285&4&10.973204383794252|73286&4&3416.2171873235156|73287&4&271.2108791835704|73302&4&291.8011872690444,2|73214&4&988.4188013370629|73244&4&1468.8038907367059|73253&4&2051.3385092338112|73263&4&1845.8323679379819|73268&4&3521.9845210631843,2|73215&4&1342.466232679024|73224&4&932.3417666090857|73237&4&2103.973067167083|73247&4&102.27217797741613|73251&4&98.98723473782935|73264&4&723.8927853655156|73269&4&129.8706892660688|73270&4&3606.965403486622|73285&4&471.8515614863355,2|73189&4&2170.138654619086|73193&4&478.4421136110397|73194&4&960.3678911881823|73195&4&1848.2936404172126|73199&4&1248.5672804851051|73209&4&3807.0359098641034|73218&4&1056.6480361976164|73220&4&370.7253030572866|73221&4&4346.839551060529|73222&4&1934.0987135557866|73228&4&2644.0295756960345|73230&4&693.5939476172655|73236&4&968.5431053673315|73246&4&1398.9701189186126|73252&4&1881.2672722662965|73253&4&1249.3654056059406|73255&4&1369.772472735658|73264&4&173.44205349932034|73266&4&1147.2089645342908|73275&4&501.6193913050361|73285&4&878.4530898825324,2|73193&4&888.4138908487223|73198&4&0.0|73203&4&25.552712244573197|73209&4&1637.410441981863|73210&4&396.19351212962044|73217&4&161.87253209295432|73223&4&1642.2031612767485|73226&4&379.9177412961455|73228&4&331.0972809132653|73231&4&426.18796043701946|73235&4&1278.1691345131503|73241&4&200.26743869176528|73251&4&293.90616783302113|73252&4&40.2331805193909|73262&4&4035.5085403311778|73271&4&1133.284005153862|73272&4&0.0|73288&4&278.6995394613258,2|73189&4&2.389225047965084|73194&4&0.09134653288803925|73200&4&1851.1668826888422|73207&4&2582.0004827291395|73208&4&2423.902021277883|73216&4&1052.0250850935058|73230&4&254.66857652572136|73242&4&17.228538110354233|73254&4&1884.4657939804515|73260&4&1493.823093232314|73261&4&607.6113984664444|73267&4&1012.6371035332267|73273&4&433.1631714847715|73279&4&434.15823743957304|73283&4&27.37497446049047
269|4,130,1,1,1,1,1,1,1,1,1,1,1,1,1,1,1,1,1,1,1,1,1,1,1,1,1,1,1,1,1,1,1,1,1,1,1,1,1,1,1,1,1,1,1,1,1,1,1,1,1,1,1,1,1,1,1,1,1,1,1,1,1,1,1,1,1,1,1,1,1,1,1,1,1,1,1,1,1,1,1,1,1,1,1,1,1,1,1,1,1,1,1,1,1,1,1,1,1,1,1,1,0,0,0,0,0,0,0,0,0,0,0,0,0,0,0,0,0,0,0,0,2|73225&4&538.4088499706879|73233&4&961.5453454218826|73238&4&2173.8649508266026|73239&4&2157.0074509225387|73249&4&1256.5570065195022|73250&4&233.79494061884253|73255&4&1435.8200080198515|73259&4&244.25568256628858|73263&4&3317.8042152187104|73269&4&659.0425572598874|73273&4&751.1484771490778|73275&4&1379.036746952593|73276&4&799.512906715235|73280&4&820.8255741577744|73283&4&1386.1219394094217|73288&4&1879.6832285503863|73300&4&318.61525952264486,2|73191&4&884.4687829539815|73196&4&3243.4800328957963|73199&4&104.91473416355348|73202&4&91.70312964041672|73204&4&2201.680601029868|73218&4&57.16909140661028|73225&4&29.052500014347622|73232&4&1274.0459417590469|73236&4&269.04285301422135|73237&4&270.1630503599895|73258&4&1816.1789117993553|73265&4&251.26702643026448|73266&4&583.8100773847226|73267&4&88.34899930727238|73274&4&22.79006286313208|73279&4&121.9332256896542|73286&4&147.5336197804371|73308&4&55.69072547074565,2|73190&4&1239.0204070922487|73198&4&37.05395203952156|73205&4&103.27925484092714|73206&4&1261.4972563953017|73210&4&918.6149499701941|73211&4&3106.2829285859134|73212&4&1269.7784435704525|73217&4&1349.3987703510584|73219&4&585.845908341739|73242&4&2016.3277913996947|73250&4&313.3991423166659|73275&4&211.14781609406486|73276&4&388.6517061956019|73280&4&963.4060869295499|73307&4&362.7113011964108,2|73192&4&934.3978327867344|73201&4&1878.55128464599|73206&4&25.926107827536814|73217&4&726.2990864072088|73222&4&1334.9014842839854|73229&4&198.85058645746597|73231&4&1700.0417664241972|73242&4&63.91727271988808|73245&4&3206.473327918081|73276&4&432.04635956376205,2|73197&4&776.0123495934447|73206&4&3.907985046680551E-14|73213&4&2523.0000547932773|73218&4&598.9430257250749|73220&4&713.5356218449182|73232&4&415.04866953876547|73236&4&460.6620339575531|73240&4&2949.5129297568574|73243&4&977.9563238022345|73245&4&85.47607047517283|73256&4&1704.2601955100233|73257&4&3396.2609298069774|73278&4&3644.9056993549298|73282&4&4017.8265131900957|73285&4&8.881784197001252E-14|73286&4&3860.7119151926854|73287&4&405.5573183815758|73302&4&256.94312222403545,2|73214&4&884.9640846595263|73244&4&1677.0164535308004|73253&4&1863.8755415895241|73263&4&1572.4370715522036|73268&4&3176.43502848113,2|73215&4&1292.4408459658434|73224&4&858.813110414279|73237&4&2291.7103897579527|73247&4&97.15084614631563|73251&4&166.26036855504262|73264&4&657.4743352970384|73269&4&95.99617547000005|73270&4&3262.1837660951132|73285&4&420.99173321973376,2|73189&4&2247.8240255915553|73193&4&743.0173177866799|73194&4&863.9421721689305|73195&4&1870.8089900421714|73199&4&1099.3951605762586|73209&4&3587.542767160886|73218&4&992.1364508713151|73220&4&344.3621836805895|73221&4&4042.128495569539|73222&4&2093.2855579404454|73228&4&2948.169491473976|73230&4&1013.8562320980775|73236&4&899.3990586092712|73246&4&1296.9582848922873|73252&4&1724.863665755618|73253&4&1179.5455682673892|73255&4&1612.6625661993999|73264&4&163.7858337083693|73266&4&992.5000457963472|73275&4&412.78179120566017|73285&4&883.8244279026535,2|73193&4&798.2532022617213|73203&4&22.99744102011588|73209&4&1527.5674344327088|73210&4&331.83197267350204|73217&4&91.16414205395077|73223&4&2043.1025624704916|73226&4&700.0612180968909|73228&4&251.64560470191162|73231&4&346.6643486664374|73235&4&1483.334731542784|73241&4&176.43882333837618|73251&4&252.1213009555016|73252&4&17.30352974870758|73262&4&3986.167409971358|73271&4&1373.9329479699963|73288&4&189.8899089303123,2|73189&4&0.0|73194&4&0.04567326644401973|73200&4&1903.9220081053343|73207&4&2773.2443730714576|73208&4&2484.2175450859177|73216&4&1096.7605667009898|73230&4&187.3265971935894|73242&4&-4.973799150320701E-14|73254&4&1982.4884380579897|73260&4&1757.8447383018693|73261&4&545.0269822421702|73267&4&918.424054660299|73273&4&362.6107931967896|73279&4&393.2531848564268|73283&4&20.531230845367794
270|4,130,1,1,1,1,1,1,1,1,1,1,1,1,1,1,1,1,1,1,1,1,1,1,1,1,1,1,1,1,1,1,1,1,1,1,1,1,1,1,1,1,1,1,1,1,1,1,1,1,1,1,1,1,1,1,1,1,1,1,1,1,1,1,1,1,1,1,1,1,1,1,1,1,1,1,1,1,1,1,1,1,1,1,1,1,1,1,1,1,1,1,1,1,1,1,1,1,1,1,1,1,0,0,0,0,0,0,0,0,0,0,0,0,0,0,0,0,0,0,0,0,2|73225&4&488.9193148877737|73233&4&1072.3116605106434|73238&4&2672.251656369186|73239&4&1977.7964626208213|73249&4&1152.8479964660607|73250&4&199.41542331989388|73255&4&1261.9476696880977|73259&4&229.56231946233646|73263&4&3668.8357167841336|73269&4&681.4173841935506|73273&4&913.3139829677436|73275&4&1616.7433756561952|73276&4&0.0|73277&4&27.338814279487508|73280&4&775.3413484959642|73283&4&1263.0521619820495|73288&4&1885.7239570122306|73300&4&276.49777694827156,2|73191&4&789.5411061377689|73196&4&3174.3945773066034|73199&4&365.1674136714281|73202&4&86.3088278968628|73204&4&2385.2250311040048|73218&4&52.405000456059426|73225&4&27.438472235772753|73232&4&1577.0302674516947|73236&4&700.9715307579272|73237&4&192.71130976811736|73239&4&8.600203187435113|73258&4&1628.9853828889713|73265&4&230.8854958473277|73266&4&559.9658266918049|73267&4&83.44072156797947|73274&4&21.59058587033565|73279&4&113.43980162171037|73286&4&122.94468315036426|73308&4&49.978949630731975,2|73190&4&1143.877145982049|73198&4&35.20125443754549|73205&4&96.68546565508777|73206&4&1182.2309010398167|73210&4&846.1976087154615|73211&4&3572.08168851552|73212&4&1403.8953239798416|73217&4&1480.0343804195236|73219&4&529.640312306799|73242&4&2092.0367807251096|73250&4&291.4719286983252|73275&4&188.44542538932674|73276&4&0.0|73280&4&852.2964539335136|73307&4&329.39013051635226,2|73192&4&895.445969596228|73201&4&2048.9296212406302|73206&4&-1.2079226507921703E-13|73217&4&615.0162296299566|73222&4&1168.6943984842471|73229&4&398.9782873355332|73231&4&1674.9797216393358|73242&4&31.299862733257577|73245&4&3719.444398772841|73276&4&0.0,2|73197&4&724.6103156804816|73213&4&2341.5971230337514|73218&4&499.9517696663718|73220&4&706.1182398317485|73232&4&365.64287798308067|73236&4&364.85321373550056|73240&4&2642.5662805297084|73243&4&1134.2384814357679|73245&4&30.168589231332955|73256&4&1901.1965644705288|73257&4&3106.7847231254523|73278&4&3334.824976332639|73282&4&3780.9512255428167|73286&4&3581.3649482723695|73287&4&383.14324761318403|73302&4&222.08505717902648,2|73214&4&1177.9735581514053|73244&4&1845.4355893365373|73249&4&284.8526404230346|73253&4&1676.566101413954|73263&4&1299.0417751664256|73268&4&2926.0201908681834,2|73208&4&509.9272087783313|73215&4&1307.5315131486434|73224&4&785.2844542194722|73237&4&2180.3024103534253|73247&4&92.02951431521514|73251&4&415.32673523748065|73264&4&591.0558852285611|73269&4&62.1216616739313|73270&4&3242.863797829167|73285&4&370.1319049531321,2|73189&4&2791.495030525467|73193&4&1029.2362366992286|73194&4&767.5164531496788|73195&4&1758.5400211738215|73199&4&971.4955133451836|73209&4&3368.0496244576693|73218&4&1132.976094451716|73220&4&317.9990643038924|73221&4&4534.453902367031|73222&4&1973.3473172710087|73228&4&2797.868949899428|73230&4&1036.0786558659468|73234&4&30.399068881171253|73236&4&830.2550118512106|73246&4&1233.8404538058294|73252&4&1799.1307410270797|73253&4&1312.6909031281523|73255&4&2253.476142663899|73264&4&154.12961391741825|73266&4&837.7911270584036|73275&4&323.94419110628434|73285&4&833.2704347332304,2|73193&4&709.5221849993277|73203&4&20.44216979565856|73209&4&1461.4595717200853|73210&4&267.47043321738363|73217&4&38.07951329627703|73223&4&1922.4183846930555|73226&4&698.8756580629652|73228&4&187.1103907881619|73231&4&268.9199234203623|73235&4&1937.964213013443|73241&4&152.61020798498714|73251&4&210.33643407798203|73252&4&11.535686499138293|73262&4&4730.90770208387|73271&4&1669.2591766753678|73288&4&111.46146230314613,2|73194&4&2.0816681711721685E-16|73200&4&2032.09089220556|73207&4&2540.536425395984|73208&4&2200.9822663134337|73216&4&999.2563340615602|73230&4&136.68726471416437|73254&4&1934.6689039669318|73260&4&1627.7380428640893|73261&4&482.44256601789607|73267&4&824.2110057873717|73273&4&315.9946413272023|73279&4&352.3481322732805|73283&4&13.687487230245212
271|4,130,1,1,1,1,1,1,1,1,1,1,1,1,1,1,1,1,1,1,1,1,1,1,1,1,1,1,1,1,1,1,1,1,1,1,1,1,1,1,1,1,1,1,1,1,1,1,1,1,1,1,1,1,1,1,1,1,1,1,1,1,1,1,1,1,1,1,1,1,1,1,1,1,1,1,1,1,1,1,1,1,1,1,1,1,1,1,1,1,1,1,1,1,1,1,1,1,1,1,1,1,0,0,0,0,0,0,0,0,0,0,0,0,0,0,0,0,0,0,0,0,2|73225&4&439.42977980485944|73233&4&1197.1279382769858|73238&4&2413.254183206469|73239&4&1798.585474319104|73249&4&1054.7421567311167|73250&4&165.03590602094522|73255&4&1114.5867948544337|73259&4&214.86895635838437|73263&4&4274.3807505782615|73269&4&791.8421799134048|73273&4&1027.9375581965846|73275&4&1654.24311977461|73276&4&0.0|73277&4&241.96742770113377|73280&4&848.3902649396201|73283&4&1139.9823845546775|73288&4&2394.0139050987773|73300&4&234.38029437389827,2|73191&4&765.6879268336693|73196&4&2926.7112506298226|73199&4&563.5923924746886|73202&4&80.91452615330887|73204&4&2339.915743624274|73218&4&47.640909505508574|73225&4&25.824444457197885|73231&4&278.81979043155786|73232&4&1470.469640179735|73236&4&665.2503470874954|73237&4&115.85229866846232|73239&4&56.78502574738281|73258&4&1680.4541965304331|73265&4&210.5039652643909|73266&4&832.7310399790216|73267&4&78.53244382868655|73274&4&20.391108877539224|73279&4&104.94637755376655|73286&4&98.3557465202914|73308&4&44.2671737907183,2|73190&4&1048.7338848718496|73198&4&33.34855683556941|73205&4&90.09167646924841|73206&4&1102.9645456843318|73210&4&773.7802674607289|73211&4&3869.1807601719775|73212&4&1381.473813264854|73217&4&1529.062890660719|73219&4&498.96519608462273|73242&4&2360.2677189097567|73250&4&269.5447150799845|73275&4&165.74303468458862|73280&4&741.1868209374774|73307&4&296.06895983629374,2|73192&4&847.1451146496034|73201&4&1838.6632269017377|73217&4&503.7333728527044|73222&4&1002.4873126845087|73229&4&367.70382253795026|73231&4&1572.6986421215668|73242&4&5.8107379301562325|73245&4&4393.319125080906,2|73197&4&673.2082817675185|73213&4&2347.374945867877|73218&4&408.99640183671676|73220&4&657.1371888893948|73232&4&316.23708642739587|73236&4&285.22121732351576|73240&4&3075.1254477145553|73243&4&1255.3394951592472|73245&4&2.1316282072803006E-14|73256&4&1862.6239618933846|73257&4&2802.5095234889295|73278&4&3024.7442533103476|73282&4&3467.8599943859363|73286&4&3305.885849785991|73287&4&360.72917684479216|73302&4&187.2269921340175,2|73200&4&52.41177763971848|73214&4&1141.0495188212424|73244&4&2198.0879649010385|73249&4&270.61000840188285|73253&4&1489.2566612383835|73257&4&254.27293861697808|73263&4&1033.6786328450085|73268&4&3098.7271794184444,2|73208&4&898.7285688401537|73210&4&13.456963437701575|73215&4&1753.7938489657197|73224&4&711.7557980246654|73237&4&2745.854443670074|73247&4&86.90818248411463|73251&4&392.0660156247246|73264&4&524.6374351600838|73269&4&33.838060180684785|73270&4&3209.9897842233313|73285&4&319.27207668653034,2|73189&4&2890.4827450581815|73193&4&1011.7599483822559|73194&4&671.090734130427|73195&4&1765.470126064659|73199&4&848.331607257678|73209&4&3148.5564817544528|73218&4&1058.1969476800796|73220&4&291.6359449271953|73221&4&4796.681566903073|73222&4&2092.3145515867595|73228&4&2797.5402413227125|73230&4&1310.1408171989192|73234&4&28.87911543711269|73236&4&761.1109650931503|73246&4&1539.4913125453177|73252&4&2025.0444676326574|73253&4&1479.3730724868149|73255&4&2363.4465103103603|73264&4&144.47339412646724|73266&4&689.594365137789|73275&4&242.70287879358665|73285&4&782.7164415638074,2|73193&4&626.8022214854282|73203&4&28.31820686297567|73209&4&1966.1810740793096|73210&4&203.10889376126522|73217&4&7.105427357601002E-14|73223&4&1760.148792533094|73226&4&714.6706245565815|73228&4&126.2335879464568|73231&4&202.3878501110898|73235&4&2034.1187912867385|73241&4&128.78159263159807|73251&4&173.732833700557|73252&4&5.767843249569128|73262&4&5218.715822155002|73271&4&1561.4791567529242|73288&4&47.20732055884099,2|73200&4&1873.1074551330194|73201&4&690.0322167223658|73207&4&2308.1275424325295|73208&4&1949.0062106159799|73216&4&901.7521014221304|73230&4&94.0708966998682|73254&4&1935.9621531368618|73260&4&1497.6313474263093|73261&4&484.47658396165167|73267&4&729.9979569144441|73273&4&271.3417099761603|73279&4&311.44307969013425|73283&4&6.84374361512263
272|4,130,1,1,1,1,1,1,1,1,1,1,1,1,1,1,1,1,1,1,1,1,1,1,1,1,1,1,1,1,1,1,1,1,1,1,1,1,1,1,1,1,1,1,1,1,1,1,1,1,1,1,1,1,1,1,1,1,1,1,1,1,1,1,1,1,1,1,1,1,1,1,1,1,1,1,1,1,1,1,1,1,1,1,1,1,1,1,1,1,1,1,1,1,1,1,1,1,1,1,1,1,0,0,0,0,0,0,0,0,0,0,0,0,0,0,0,0,0,0,0,0,2|73225&4&389.9402447219452|73233&4&1604.7237606099352|73238&4&2163.4698695463912|73239&4&1619.374486017386|73249&4&956.6363169961733|73250&4&130.6563887219966|73255&4&977.6736839902053|73259&4&200.17559325443227|73263&4&5076.059994799943|73269&4&1149.700756647184|73273&4&957.9154213353306|73275&4&1660.7974693316942|73276&4&142.20940300728387|73277&4&0.0|73280&4&946.4347136297861|73283&4&1016.9126071273055|73288&4&2749.195675218026|73300&4&206.92740528285805,2|73191&4&957.8167668359956|73196&4&2641.4792472717786|73199&4&798.2162464428043|73202&4&0.0|73204&4&2108.936561712556|73218&4&42.87681855495772|73225&4&234.42366827748498|73231&4&264.87880090998|73232&4&1365.0462262240708|73236&4&629.5291634170634|73237&4&72.24454785059734|73239&4&53.924273952045084|73258&4&2039.1772718693965|73265&4&190.12243468145414|73266&4&931.7194358319173|73267&4&73.62416608939364|73274&4&19.191631884742797|73279&4&96.45295348582272|73286&4&73.76680989021855|73308&4&38.55539795070463,2|73190&4&1008.2287201479108|73198&4&31.495859233593333|73205&4&210.0270972962437|73206&4&1257.2107531501379|73210&4&701.3629262059961|73211&4&3707.487054202891|73212&4&1365.9229274265304|73217&4&2159.293820511672|73219&4&577.0765890282826|73242&4&2201.484577200211|73250&4&468.48969424194587|73275&4&143.0406439798505|73280&4&634.2968891171413|73307&4&262.7477891562352,2|73192&4&824.7167512354441|73201&4&1654.3190418754452|73217&4&392.45051607545224|73222&4&849.2686049973964|73229&4&336.42935774036727|73231&4&1470.4175626037977|73242&4&3.375077994860476E-14|73245&4&4336.922308531289|73247&4&54.9771931531417,2|73197&4&622.9331461336373|73213&4&2248.373482180278|73218&4&328.77128681325024|73220&4&608.156137947041|73232&4&266.831294871711|73236&4&205.58922091153116|73240&4&3306.5662364382806|73243&4&1394.8358194387056|73256&4&1705.2426030228762|73257&4&2513.8241637620267|73278&4&2714.663530288057|73282&4&3162.890118210671|73286&4&3162.6423312446077|73287&4&377.40623400909305|73302&4&152.36892708900854,2|73200&4&49.791188757732556|73214&4&1339.4172060825535|73244&4&2466.089082667273|73249&4&256.3673763807311|73253&4&1309.2904206972155|73257&4&908.5456903980878|73263&4&807.7855292401639|73268&4&3530.210768302797|73283&4&277.0669119547399|73285&4&194.95729118822692,2|73208&4&1354.8423020036948|73210&4&312.78827737606844|73215&4&1572.2301601505542|73224&4&818.9793702719388|73237&4&2517.6521614502517|73247&4&81.78685065301414|73251&4&556.9752881353554|73264&4&458.21898509160656|73269&4&10.466171246557412|73270&4&3583.4387209126753|73285&4&268.41224841992863,2|73189&4&2641.255354345767|73193&4&989.8989328054508|73194&4&576.9274749006435|73195&4&1937.3107628569223|73199&4&734.761654372341|73209&4&2929.0633390512357|73218&4&1128.2280374897532|73220&4&265.27282555049817|73221&4&4690.009352209351|73222&4&2103.326239004127|73228&4&3119.3466742448427|73230&4&1269.872934454193|73234&4&0.0|73236&4&691.9669183350899|73246&4&1436.318849835386|73252&4&2095.171531985396|73253&4&1387.0724632729386|73255&4&2370.0021960447702|73264&4&134.8171743355162|73266&4&562.0419345800921|73275&4&164.94584316658487|73285&4&732.1624483943842,2|73193&4&556.246742759158|73203&4&243.09374050348598|73209&4&2137.2002735102037|73210&4&143.51771350475195|73223&4&1597.8792003731328|73226&4&655.3625967173189|73227&4&35.5530188036537|73228&4&85.51643764446091|73231&4&140.46110156906727|73235&4&1861.5298975917385|73241&4&104.95297727820903|73251&4&137.1292333231319|73252&4&-3.730349362740526E-14|73262&4&4800.987260259106|73271&4&1453.6991368304796|73288&4&14.722043525278146,2|73200&4&1714.1240180604782|73201&4&886.1622615876156|73207&4&2586.6680755569673|73208&4&1714.1274268686298|73216&4&804.247868782701|73230&4&62.06385082866709|73254&4&1761.6733429898309|73260&4&1367.524651988529|73261&4&684.8884533975641|73267&4&635.7849080415166|73273&4&229.92378367529645|73279&4&270.538027106988|73283&4&4.796163466380676E-14
273|4,130,1,1,1,1,1,1,1,1,1,1,1,1,1,1,1,1,1,1,1,1,1,1,1,1,1,1,1,1,1,1,1,1,1,1,1,1,1,1,1,1,1,1,1,1,1,1,1,1,1,1,1,1,1,1,1,1,1,1,1,1,1,1,1,1,1,1,1,1,1,1,1,1,1,1,1,1,1,1,1,1,1,1,1,1,1,1,1,1,1,1,1,1,1,1,1,1,1,1,1,1,0,0,0,0,0,0,0,0,0,0,0,0,0,0,0,0,0,0,0,0,2|73225&4&349.8060530946306|73233&4&1960.679805449241|73238&4&2212.922365385396|73239&4&1444.6555933382062|73249&4&858.5304772612296|73250&4&96.27687142304795|73255&4&843.2146962143793|73259&4&185.48223015048015|73263&4&5555.0782083175245|73269&4&1349.2507417841816|73273&4&957.0504010134322|73275&4&1866.8771425564782|73276&4&1197.2145609612776|73277&4&0.0|73280&4&887.5510642898402|73283&4&893.8428296999335|73288&4&2932.7152508726326|73300&4&177.0801809283673,2|73191&4&1175.0827766987259|73196&4&2437.0403596728556|73199&4&964.8112783289564|73202&4&258.8561906006384|73204&4&2298.3251561341676|73218&4&38.11272760440687|73225&4&222.298977918967|73231&4&644.7851332317593|73232&4&1259.6228122684065|73236&4&1054.587959601601|73237&4&184.3882543184781|73239&4&382.0145882237738|73248&4&163.88031409108874|73258&4&1834.6296214941563|73265&4&169.74090409851735|73266&4&1322.497421655902|73267&4&68.71588835010073|73268&4&821.5817700835673|73270&4&478.65644463900867|73274&4&17.99215489194637|73279&4&87.95952941787888|73286&4&49.1778732601457|73308&4&32.84362211069096,2|73190&4&914.7707492218011|73198&4&29.643161631617254|73205&4&654.7857446331941|73206&4&1166.2687696535884|73210&4&628.9455849512635|73211&4&3649.9871633780467|73212&4&1243.8993396784815|73217&4&2045.5714644126756|73219&4&513.0389844987859|73242&4&2042.701435490665|73250&4&435.5188709845901|73275&4&120.33825327511238|73280&4&527.9967416081199|73307&4&229.4266184761767,2|73192&4&775.1222717121963|73201&4&1477.4307441019155|73217&4&298.3183404786035|73222&4&702.0266766065112|73229&4&305.1548929427843|73231&4&1368.1364830860286|73245&4&4523.942951622618|73247&4&336.1137747137115,2|73197&4&572.6580104997558|73213&4&2192.2969384750177|73218&4&248.54617178978376|73220&4&559.175087004687|73232&4&217.42550331602615|73236&4&136.10198027096203|73240&4&3356.981957269138|73243&4&1714.7833073266947|73256&4&1547.8612441523678|73257&4&2244.081611711543|73278&4&2787.1435994957587|73282&4&3454.5615572938095|73286&4&2876.2871288125634|73287&4&353.0376068440666|73302&4&118.96001361285403,2|73200&4&47.17059987574663|73214&4&1497.9540067070916|73244&4&2277.895156433428|73249&4&242.12474435957938|73253&4&1129.324180156048|73257&4&1296.385517557187|73263&4&629.8636915706127|73268&4&3185.724883151318|73283&4&393.00937614739854|73285&4&200.68974430667103,2|73208&4&1389.1571026188465|73210&4&598.1767894664237|73215&4&2154.072305215458|73224&4&736.4131026550281|73237&4&2289.4498792304285|73247&4&76.66551882191364|73251&4&651.790094952642|73264&4&391.80053502312927|73269&4&4.263256414560601E-14|73270&4&3231.2897047861993|73285&4&222.73638698726856,2|73189&4&2807.4638537037363|73193&4&930.0948757003636|73194&4&483.26285348604017|73195&4&2109.7390765194677|73199&4&635.8169225140975|73209&4&2709.570196348019|73218&4&1620.0312509047785|73220&4&238.90970617380108|73221&4&4245.879028273679|73222&4&2199.2401302105827|73228&4&3150.982746686247|73230&4&1178.328267273678|73236&4&622.8228715770294|73246&4&1444.203247809999|73252&4&1894.6540106097032|73253&4&1294.7718540590624|73255&4&2242.5417210361397|73264&4&125.16095454456516|73266&4&459.7733805543306|73275&4&87.91356766391155|73285&4&681.6084552249611,2|73193&4&489.05714786002136|73203&4&229.12428535046212|73209&4&2502.5816603862368|73210&4&95.1946659955095|73223&4&1441.8017038733976|73226&4&690.0993606164134|73227&4&33.77536786347102|73228&4&55.1541249579106|73231&4&78.53435302704477|73235&4&1695.4282210498536|73241&4&81.12436192481998|73251&4&113.4615805567204|73252&4&121.2403204274384|73262&4&4390.273341083375|73271&4&1345.9191169080354|73288&4&1.1013412404281553E-13,2|73200&4&1555.140580987937|73201&4&1269.4381001877623|73207&4&3023.4885207988245|73208&4&1510.5151817496876|73216&4&706.7436361432714|73230&4&36.27847768348716|73254&4&1611.3782264651459|73260&4&1237.4179565507493|73261&4&605.7617550964592|73267&4&541.571859168589|73273&4&192.18037944599303|73279&4&229.6329745238418
274|4,130,1,1,1,1,1,1,1,1,1,1,1,1,1,1,1,1,1,1,1,1,1,1,1,1,1,1,1,1,1,1,1,1,1,1,1,1,1,1,1,1,1,1,1,1,1,1,1,1,1,1,1,1,1,1,1,1,1,1,1,1,1,1,1,1,1,1,1,1,1,1,1,1,1,1,1,1,1,1,1,1,1,1,1,1,1,1,1,1,1,1,1,1,1,1,1,1,1,1,1,1,0,0,0,0,0,0,0,0,0,0,0,0,0,0,0,0,0,0,0,0,2|73225&4&310.48058163361543|73233&4&2073.784949851929|73238&4&2501.969817594042|73239&4&1289.0162673258621|73249&4&760.424637526286|73250&4&61.897354124099294|73255&4&719.9581528216395|73259&4&170.78886704652803|73263&4&5226.421741233125|73269&4&1242.1427579620533|73273&4&883.5704083252106|73275&4&2138.461436523119|73276&4&1772.9030855351468|73280&4&828.667414949894|73283&4&780.65025778544|73288&4&2764.0953708236098|73300&4&147.23295657387655,2|73191&4&1250.9855610571917|73196&4&2764.506269549612|73199&4&911.7856212843834|73202&4&245.91338107060648|73204&4&2669.988966219659|73218&4&33.34863665385602|73225&4&210.17428756044905|73231&4&953.1283202973824|73232&4&1154.1993983127425|73236&4&1594.7679971971652|73237&4&505.8271810668338|73239&4&599.229577923904|73248&4&0.0|73258&4&1633.4707604528826|73265&4&149.35937351558056|73266&4&1736.643063804878|73267&4&63.807610610807814|73268&4&1132.7456498901108|73270&4&1172.9110592547743|73274&4&16.792677899149943|73277&4&103.95897865530983|73279&4&79.46610534993506|73286&4&24.58893663007285|73308&4&27.131846270677286,2|73190&4&890.8075246829419|73198&4&27.790464029641175|73205&4&623.3857547020813|73206&4&1075.326786157039|73210&4&556.5282436965309|73211&4&4113.446528524428|73212&4&1121.875751930433|73217&4&2263.006186928994|73219&4&449.00137996928925|73242&4&1883.9182937811195|73250&4&689.6148365186446|73275&4&97.63586257037426|73280&4&421.69659409909855|73307&4&196.10544779611817,2|73192&4&725.5277921889488|73201&4&1329.2865439914663|73217&4&210.632102822389|73222&4&564.1187019922622|73229&4&273.8804281452013|73231&4&1265.8554035682596|73245&4&4541.802550676368|73247&4&319.1706429951431,2|73197&4&522.3828748658746|73213&4&1995.993844326663|73218&4&181.8095373467707|73220&4&510.1940360623332|73232&4&168.01971176034132|73236&4&87.1100861904582|73240&4&3889.694580102503|73243&4&1814.9535607398534|73256&4&1390.4798852818594|73257&4&1977.094865474828|73278&4&3226.00959339158|73282&4&3682.9160529198675|73286&4&2957.4157421341793|73287&4&328.66897967904015|73302&4&89.48187068451332,2|73200&4&44.55001099376071|73214&4&1434.3198366461233|73244&4&2089.701230199583|73249&4&227.88211233842765|73253&4&949.3579396148806|73257&4&1228.627410989463|73263&4&479.29043289870947|73268&4&2860.528977107472|73283&4&372.6662400601418|73285&4&281.78379186539553,2|73208&4&1965.6736893956086|73210&4&783.2599425726496|73215&4&2728.483559394016|73224&4&653.8468350381173|73237&4&2061.2475970106057|73247&4&71.54418699081315|73251&4&780.0790536546245|73264&4&325.382084954652|73270&4&2904.024503289814|73285&4&188.7262521084466,2|73189&4&3041.1715085602646|73193&4&870.2908185952764|73194&4&389.5982320714369|73195&4&1996.9431532777626|73199&4&538.1349039465997|73209&4&2490.0770536448026|73218&4&1519.5174765174556|73220&4&212.546586797104|73221&4&3847.147073979402|73222&4&2550.434727946454|73228&4&2877.8578510611032|73230&4&1372.1909578845139|73236&4&553.6788248189692|73246&4&1337.0044248220365|73252&4&1705.377784118489|73253&4&1202.4712448451862|73255&4&2507.104329670882|73264&4&115.50473475361412|73266&4&372.9346905253466|73275&4&29.99713154488804|73285&4&631.0544620555379,2|73193&4&421.8675529608848|73203&4&215.15483019743826|73209&4&2943.7177330515096|73210&4&50.93176060137331|73223&4&1285.7242073736631|73226&4&795.3283353122871|73227&4&31.997716923288333|73228&4&26.985406952566315|73231&4&30.48124856706391|73232&4&418.862924703154|73235&4&1522.5149664971987|73241&4&356.62654953701247|73251&4&89.79392779030906|73252&4&212.1456645733826|73262&4&3982.815978564129|73271&4&1238.1390969855913,2|73200&4&1396.1571439153959|73201&4&1303.8042440703753|73207&4&3362.387562263904|73208&4&1312.7371101542067|73216&4&731.4146821903365|73230&4&21.71953422548801|73254&4&1623.172362248816|73260&4&1530.0972669005687|73261&4&747.0425574823023|73267&4&447.3588102956615|73273&4&156.22358819489793|73279&4&188.72792194069552
275|4,130,1,1,1,1,1,1,1,1,1,1,1,1,1,1,1,1,1,1,1,1,1,1,1,1,1,1,1,1,1,1,1,1,1,1,1,1,1,1,1,1,1,1,1,1,1,1,1,1,1,1,1,1,1,1,1,1,1,1,1,1,1,1,1,1,1,1,1,1,1,1,1,1,1,1,1,1,1,1,1,1,1,1,1,1,1,1,1,1,1,1,1,1,1,1,1,1,1,1,1,1,0,0,0,0,0,0,0,0,0,0,0,0,0,0,0,0,0,0,0,0,2|73225&4&271.1551101726003|73233&4&2362.40194187854|73238&4&2261.7243212154053|73239&4&1139.057826798942|73249&4&662.3187977913424|73250&4&47.16336184982896|73255&4&613.5491895674504|73259&4&156.09550394257593|73263&4&5260.893643525861|73269&4&1135.034774139925|73273&4&810.0904156369888|73275&4&2687.3735249899282|73276&4&1680.8915951730921|73280&4&769.7837656099482|73283&4&667.4576858709462|73288&4&2670.4653169038047|73300&4&189.32811774564925,2|73191&4&1505.851710748764|73196&4&2926.1797698416644|73197&4&83.43012669454241|73199&4&1001.5723256803899|73202&4&232.97057154057455|73204&4&2780.8713399638127|73218&4&28.584545703305164|73225&4&223.32451817719152|73231&4&1089.9483874462364|73232&4&1062.967581529433|73236&4&1547.5592897828024|73237&4&1076.033349618772|73239&4&575.6183432111286|73258&4&1853.4774297675363|73265&4&434.20332440991433|73266&4&1637.511964290828|73267&4&58.8993328715149|73268&4&1624.929947199602|73270&4&1184.0334021004605|73274&4&15.593200906353518|73277&4&98.76102972254435|73279&4&385.3166850008095|73286&4&0.0|73308&4&21.420070430663614,2|73190&4&1089.1012976847621|73198&4&25.937766427665096|73205&4&587.3613499341017|73206&4&984.3848026604894|73210&4&484.11090244179826|73211&4&4047.802132315941|73212&4&999.8521641823842|73217&4&2395.365333665736|73219&4&384.9637754397926|73242&4&2306.469197739661|73250&4&991.6395519750971|73275&4&74.93347186563614|73280&4&315.39644659007706|73307&4&162.78427711605966,2|73192&4&675.9333126657009|73201&4&1193.2133348668558|73217&4&134.42448432858913|73222&4&435.61199920648414|73229&4&242.60596334761829|73231&4&1163.5743240504905|73245&4&4172.495630511688|73247&4&302.22751127657466,2|73197&4&472.2453798507636|73213&4&1861.4305641878127|73218&4&118.71590312333436|73220&4&461.2129851199795|73232&4&118.61392020465651|73236&4&65.2878268134201|73240&4&3903.4040001365497|73243&4&1677.3093537553525|73256&4&1552.5719797523318|73257&4&1710.1081192381132|73278&4&3146.8636232748363|73280&4&543.6791580910352|73282&4&3352.54301924405|73286&4&3049.215782834154|73287&4&304.3003525140137|73302&4&66.12902399547451,2|73200&4&41.929422111774784|73214&4&1325.8466448723718|73244&4&1901.5073039657377|73249&4&213.6394803172759|73253&4&769.391699073713|73257&4&1160.869304421739|73263&4&342.9145816188307|73266&4&445.2389512390437|73268&4&2553.1104077793893|73283&4&408.75659714376735|73285&4&333.8664450174517,2|73208&4&2378.756248320834|73210&4&901.0182996772908|73215&4&2531.620181546507|73224&4&759.622215746852|73237&4&1833.045314790783|73247&4&66.42285515971264|73251&4&876.5752954475298|73264&4&258.9636348861747|73270&4&2604.261048097475|73285&4&158.25373255334006,2|73189&4&2798.551249446202|73193&4&827.9486071247921|73194&4&295.9336106568336|73195&4&1823.2372444981727|73199&4&450.6812800813241|73209&4&2270.5839109415856|73218&4&1666.1535416157258|73220&4&186.1834674204069|73221&4&3888.665569284419|73222&4&2879.47700764707|73228&4&2802.697062540874|73230&4&1348.1276639242947|73236&4&484.53477806090876|73246&4&1227.4727426115855|73252&4&1528.628366740767|73253&4&1640.7124287416177|73255&4&2928.9247859282405|73264&4&432.0454781719437|73266&4&297.10303759929195|73275&4&1.4921397450962104E-13|73285&4&580.5004688861147,2|73193&4&354.6779580617482|73203&4&201.1853750444144|73209&4&3138.3018812427504|73210&4&16.872798688086696|73223&4&1186.5012737394393|73226&4&727.4370758876439|73227&4&120.30250338335125|73228&4&1.9184653865522705E-13|73231&4&-7.105427357601002E-15|73232&4&629.7877649431891|73235&4&1358.9571748383967|73241&4&319.9759480190653|73251&4&71.32371813405972|73252&4&566.3315187914079|73262&4&3575.358616044883|73271&4&1130.3590770631472|73284&4&366.6771586611961,2|73200&4&1237.173706842855|73201&4&1231.2123593823785|73207&4&3151.635108753183|73208&4&1136.8754990386321|73216&4&1119.0007438048533|73230&4&13.197354063622825|73238&4&54.41827233507411|73254&4&1858.7254793172192|73260&4&1423.8670752019584|73261&4&701.8026720880749|73267&4&353.14576142273404|73273&4&120.26679694380286|73279&4&147.82286935754928
276|4,130,1,1,1,1,1,1,1,1,1,1,1,1,1,1,1,1,1,1,1,1,1,1,1,1,1,1,1,1,1,1,1,1,1,1,1,1,1,1,1,1,1,1,1,1,1,1,1,1,1,1,1,1,1,1,1,1,1,1,1,1,1,1,1,1,1,1,1,1,1,1,1,1,1,1,1,1,1,1,1,1,1,1,1,1,1,1,1,1,1,1,1,1,1,1,1,1,1,1,1,1,0,0,0,0,0,0,0,0,0,0,0,0,0,0,0,0,0,0,0,0,2|73225&4&231.82963871158518|73233&4&2562.1474341620697|73238&4&2021.478824836769|73239&4&989.099386272022|73249&4&564.2129580563987|73250&4&39.34681906347189|73255&4&521.5196534553816|73259&4&141.40214083862384|73263&4&5579.834100300475|73269&4&1030.592036758155|73273&4&736.6104229487672|73275&4&2682.7266745986853|73276&4&1596.9282398424875|73280&4&710.9001162700022|73283&4&557.6720308826467|73288&4&2448.154462817974|73300&4&254.12312040945838,2|73191&4&1432.7007161321412|73196&4&3138.913013274284|73197&4&79.25862035981528|73199&4&1263.2907031602924|73202&4&0.0|73204&4&2756.4790258836347|73218&4&23.82045475275431|73221&4&1016.4423204759737|73225&4&369.52038762025995|73231&4&1147.4336179675233|73232&4&971.7357647461232|73236&4&1573.0712228158254|73237&4&1494.5770733118463|73239&4&1010.3890549704939|73248&4&417.7913620037516|73258&4&2201.6527687583743|73265&4&421.9671046369027|73266&4&1538.3808647767778|73267&4&257.53870229467|73268&4&1790.3355530021595|73270&4&1120.6429811801233|73274&4&14.393723913557093|73277&4&192.29064770988384|73279&4&361.10606074692475|73308&4&15.708294590649942,2|73190&4&992.5121586862679|73198&4&24.085068825689017|73205&4&551.3369451661221|73206&4&893.4428191639402|73210&4&411.6935611870656|73211&4&3715.2595486312384|73212&4&877.8285764343357|73217&4&2743.6499530056735|73219&4&619.04609632028|73242&4&2423.9403145469455|73250&4&926.847945370502|73275&4&52.231081160898|73280&4&229.97152611508056|73307&4&129.4631064360011,2|73192&4&626.3388331424534|73201&4&1060.1332600860815|73217&4&74.89175889287756|73222&4&334.51463745208696|73229&4&211.3314985500353|73231&4&1061.2932445327215|73245&4&3996.6415099221213|73247&4&285.28437955800626,2|73197&4&422.1078848356526|73213&4&1961.7576462900265|73218&4&68.1828899936489|73220&4&412.2319341776257|73232&4&89.34528636040127|73236&4&44.04930381864831|73240&4&3940.0096230791146|73243&4&1539.6651467708512|73256&4&1718.261310733635|73257&4&1449.2881002119066|73278&4&3183.716529309533|73280&4&960.309993437769|73282&4&3096.107815246947|73286&4&2724.6599179184414|73287&4&279.93172534898724|73302&4&42.77617730643566,2|73200&4&39.30883322978886|73214&4&1217.3734530986203|73244&4&2205.1435851869305|73249&4&199.39684829612418|73253&4&617.4534172964347|73257&4&1482.2165454657934|73263&4&223.4407702930601|73266&4&777.4474798735605|73268&4&2272.3734176729954|73283&4&896.7905300763232|73285&4&315.4045016742731,2|73208&4&2826.5713002285693|73210&4&1295.7740642272317|73215&4&2334.756803698998|73224&4&1202.7854436581238|73237&4&1604.84303257096|73247&4&61.30152332861214|73251&4&821.9699419019189|73264&4&192.54518481769742|73270&4&2308.0410581284746|73285&4&127.78121299823353,2|73189&4&2834.20028742471|73193&4&767.2714577379749|73194&4&343.8470579596559|73195&4&1905.769825460915|73199&4&368.81827246858825|73209&4&2051.090768238369|73218&4&1542.0400520890055|73220&4&159.82034804370983|73221&4&3469.4806864581255|73222&4&3044.6681684819805|73228&4&2548.5008946505086|73230&4&1304.2654763743803|73234&4&89.66156295873753|73236&4&415.39073130284834|73246&4&1117.9410604011343|73252&4&1365.5550112775204|73253&4&1822.7988365653098|73255&4&2731.1981059903146|73264&4&406.07941022052864|73266&4&241.81060191191557|73285&4&529.9464757166917,2|73193&4&287.48836316261156|73203&4&448.3536489889806|73209&4&3523.4696493064944|73210&4&-2.8421709430404007E-14|73223&4&1133.4946112049954|73226&4&668.9978969261765|73227&4&114.02073057315627|73232&4&597.2512193842717|73235&4&1576.5802578734515|73241&4&468.0682357259182|73251&4&59.62128586495717|73252&4&662.4204857869962|73262&4&3167.9012535256375|73271&4&1022.5790571407028|73284&4&0.0,2|73200&4&1078.190269770314|73201&4&1411.108644955123|73207&4&2897.465344008706|73208&4&978.2217511450013|73216&4&1173.5628663968732|73230&4&7.830893652918718|73238&4&636.1932867096348|73254&4&1829.280791048644|73260&4&1499.297767621067|73261&4&1100.5281479957457|73262&4&462.9631393156492|73267&4&258.9327125498065|73273&4&84.31000569270776|73279&4&106.91781677440304|73286&4&759.1447286953346
277|4,130,1,1,1,1,1,1,1,1,1,1,1,1,1,1,1,1,1,1,1,1,1,1,1,1,1,1,1,1,1,1,1,1,1,1,1,1,1,1,1,1,1,1,1,1,1,1,1,1,1,1,1,1,1,1,1,1,1,1,1,1,1,1,1,1,1,1,1,1,1,1,1,1,1,1,1,1,1,1,1,1,1,1,1,1,1,1,1,1,1,1,1,1,1,1,1,1,1,1,1,1,0,0,0,0,0,0,0,0,0,0,0,0,0,0,0,0,0,0,0,0,2|73225&4&192.50416725057|73233&4&2655.8421775104453|73238&4&1788.6197242107787|73239&4&854.8474654188781|73249&4&466.10711832145523|73250&4&31.530276277114773|73255&4&430.19428840750345|73259&4&126.70877773467171|73263&4&5866.549621086806|73269&4&1152.7285330306468|73273&4&868.1130501423402|73275&4&2510.5629623470713|73276&4&1504.5143427288601|73280&4&652.0164669300561|73283&4&464.2832780578881|73288&4&2533.5624549817258|73300&4&332.7425191377082,2|73191&4&1325.163689071994|73196&4&3166.81408385662|73197&4&75.08711402508816|73199&4&1289.2801465819562|73204&4&2555.589704721786|73218&4&19.056363802203453|73221&4&2071.724948251175|73225&4&348.1527359204615|73231&4&1094.7019606152085|73232&4&880.5039479628135|73236&4&1476.474402275509|73237&4&1825.0661131339264|73239&4&1206.7211907723472|73248&4&745.3181472156425|73258&4&2376.5789346347683|73265&4&517.8540676220268|73266&4&1439.2497652627276|73267&4&956.0862358343333|73268&4&2345.107650326169|73270&4&1665.6127314945086|73274&4&13.194246920760667|73277&4&182.1563204311131|73279&4&639.7020635184577|73308&4&9.99651875063627,2|73190&4&895.9230196877737|73198&4&231.26868410195158|73205&4&0.0|73206&4&987.1603669251317|73210&4&339.27621993233305|73211&4&3382.7169649465363|73212&4&935.4331412965129|73217&4&2845.670774690455|73219&4&622.3263938987105|73242&4&2246.2439745461857|73250&4&862.0563387659067|73264&4&66.1248548681533|73275&4&29.52869045615987|73280&4&173.0626862233327|73307&4&96.1419357559426,2|73192&4&576.7443536192055|73201&4&948.7918075200449|73217&4&25.879431855691923|73222&4&247.64618275180993|73229&4&315.95486021835615|73231&4&959.0121650149523|73245&4&3799.263479988101|73247&4&268.3412478394378,2|73197&4&371.97038982054175|73213&4&1817.5280177013778|73215&4&403.0178462778812|73218&4&30.602368192613152|73220&4&363.2508832352719|73232&4&60.07665251614618|73236&4&24.94366686836937|73240&4&3779.233194023052|73243&4&1407.7439055040372|73256&4&2139.424708503985|73257&4&1207.5642376900907|73278&4&3617.029685849654|73280&4&910.9352958706529|73282&4&2944.860365777131|73286&4&2428.1242651777543|73287&4&255.5630981839608|73302&4&24.856254990786063,2|73200&4&36.688244347802936|73214&4&1108.9002613248686|73244&4&2002.5844510296893|73249&4&564.7054107600757|73253&4&465.51513551915684|73257&4&1758.6528098790625|73260&4&153.40847896017328|73263&4&114.12355048047328|73266&4&737.4620085017848|73268&4&1996.9228712270378|73283&4&1108.4303622823425|73285&4&296.94255833109446|73307&4&98.96806490088193,2|73208&4&3061.4967629932353|73210&4&1224.0819117595518|73215&4&2138.2258879265546|73224&4&1334.3965983179783|73237&4&1393.5541120391097|73247&4&56.18019149751164|73251&4&767.3645883563082|73264&4&127.3694416657701|73270&4&2011.8210681594746|73285&4&97.308693443127,2|73189&4&2997.5573599405934|73193&4&706.5943083511577|73194&4&1054.425308257077|73195&4&2053.7205668492693|73199&4&301.2561162462032|73209&4&1831.5976255351522|73218&4&1586.9521549817673|73220&4&133.4572286670127|73221&4&3081.0611059983667|73222&4&2980.4672751121198|73228&4&2977.210310712366|73230&4&1191.0608325200212|73234&4&0.0|73236&4&346.24668454478797|73246&4&1008.4093781906834|73252&4&1208.906866999535|73253&4&2435.3657321725063|73255&4&2533.471426052389|73264&4&380.11334226911356|73266&4&197.3158019941422|73285&4&479.39248254726857,2|73193&4&220.29876826347498|73203&4&457.45831424106245|73209&4&3754.9349369549363|73223&4&1218.1867351869178|73226&4&610.5587179647092|73227&4&0.0|73232&4&564.7146738253543|73235&4&2162.6584864390516|73241&4&747.6346086440009|73251&4&47.91885359585456|73252&4&626.9925816979846|73262&4&2776.073598620349|73271&4&914.7990372182587,2|73200&4&919.2068326977729|73201&4&1325.8923517540893|73207&4&2873.332066674172|73208&4&849.1984507693063|73216&4&1074.9334116891187|73226&4&37.461343648544386|73230&4&3.915446826459359|73238&4&1172.0444350126577|73254&4&1979.4742839447558|73260&4&1358.5800099505996|73261&4&1095.6782200989956|73262&4&1135.4193296608407|73267&4&172.51191359384617|73273&4&48.35321444161267|73279&4&66.01276419125678|73286&4&1454.4747523380138
278|4,130,1,1,1,1,1,1,1,1,1,1,1,1,1,1,1,1,1,1,1,1,1,1,1,1,1,1,1,1,1,1,1,1,1,1,1,1,1,1,1,1,1,1,1,1,1,1,1,1,1,1,1,1,1,1,1,1,1,1,1,1,1,1,1,1,1,1,1,1,1,1,1,1,1,1,1,1,1,1,1,1,1,1,1,1,1,1,1,1,1,1,1,1,1,1,1,1,1,1,1,1,0,0,0,0,0,0,0,0,0,0,0,0,0,0,0,0,0,0,0,0,2|73225&4&153.27809715895577|73233&4&2468.587506805033|73238&4&1582.8241933922804|73239&4&732.1098718485348|73249&4&368.0012785865116|73250&4&23.713733490757658|73255&4&344.09503708038307|73259&4&112.0154146307196|73263&4&6271.428672183155|73269&4&1051.9826132885762|73273&4&1068.3219430571917|73275&4&2308.1067931593325|73276&4&1412.1004456152332|73280&4&593.1328175901101|73283&4&380.252654891459|73288&4&2543.8892657123706|73300&4&410.4041130881749,2|73191&4&1217.6266620118472|73196&4&3241.703138480363|73197&4&70.91560769036103|73199&4&1404.903706538155|73204&4&2321.756529618679|73205&4&69.51689555606633|73218&4&14.292272851652598|73221&4&2568.8301265981795|73225&4&326.78508422066307|73231&4&1028.0495196255536|73232&4&789.2721311795038|73236&4&1486.94685648211|73237&4&2422.408977621579|73239&4&1350.6143328231628|73248&4&783.8753709052845|73258&4&2245.706162062229|73265&4&474.4059288767314|73266&4&1340.1186657486776|73267&4&1109.8733283608642|73268&4&3039.6721418264565|73270&4&1949.8994744787587|73274&4&0.0|73277&4&245.00075341858567|73279&4&887.7005506395842|73308&4&4.2847429106225965,2|73190&4&852.3447397391578|73198&4&536.1035050546784|73206&4&1193.3452525952819|73210&4&270.117249343862|73211&4&3209.122826044842|73212&4&920.4814809531872|73217&4&2907.9691424628472|73219&4&757.405489031648|73242&4&2069.18789504306|73250&4&797.2647321613115|73264&4&649.0719246493828|73269&4&241.65781468403455|73275&4&6.826299751421743|73280&4&116.15384633158452|73307&4&62.82076507588407,2|73192&4&527.1498740959579|73201&4&840.3042204221731|73217&4&3.4989046220799285|73222&4&167.48805790280582|73229&4&593.6973235097228|73231&4&856.7310854971834|73245&4&3988.295695474638|73247&4&251.3981161208694,2|73197&4&321.8328948054309|73213&4&1829.576630174175|73215&4&387.5798825526546|73218&4&101.72759136900659|73220&4&588.6229605792785|73232&4&30.80801867189109|73236&4&6.961927202871943|73240&4&3902.189305398316|73243&4&1275.8708078743448|73256&4&2351.0512398986957|73257&4&997.334768650111|73278&4&3338.8799934738317|73280&4&861.5605983035368|73282&4&2776.360639024091|73286&4&2165.5460063086775|73287&4&231.19447101893437|73302&4&7.1038217385352596,2|73200&4&34.06765546581701|73214&4&1000.427069551117|73244&4&1993.6213599191533|73249&4&893.8415285544833|73253&4&341.981634847137|73257&4&1910.445541562178|73260&4&275.50875388663724|73263&4&36.615801083073634|73265&4&256.882332993966|73266&4&776.4653026100763|73268&4&1739.0749179400923|73283&4&1421.6571940270924|73285&4&278.4806149879158|73307&4&196.90868348936422,2|73208&4&2876.9800628137837|73210&4&1152.389759291872|73215&4&1967.0227266615566|73224&4&1247.9383635932797|73237&4&1202.9419426020359|73247&4&51.05885966641114|73251&4&712.7592348106974|73264&4&70.63271798560018|73270&4&1747.01851356577|73285&4&66.83617388802045,2|73189&4&3006.881344551283|73193&4&645.9171589643402|73194&4&1125.8027879114352|73195&4&2198.619343011126|73199&4&246.91183411375167|73204&4&422.64704250252566|73209&4&1612.1044828319355|73218&4&1454.3873858340733|73220&4&107.09410929031563|73221&4&2731.3266487411643|73222&4&3178.0285761801015|73228&4&3100.4475128117665|73230&4&1077.8561886656623|73236&4&277.1026377867276|73246&4&898.8776959802321|73252&4&1080.6345779965502|73253&4&2805.246563060255|73255&4&2603.725524463768|73264&4&354.14727431769853|73266&4&162.530991048918|73285&4&428.8384893778454,2|73193&4&153.1091733643384|73203&4&428.6254222901598|73209&4&3495.3678911458233|73223&4&1669.7731719485757|73226&4&552.1195390032417|73232&4&1131.5500818726766|73235&4&2442.5226924258436|73238&4&485.72659195895835|73241&4&706.7110695522802|73251&4&36.21642132675194|73252&4&591.564677608973|73262&4&2436.1145481015483|73271&4&807.0190172958145,2|73200&4&760.2233956252318|73201&4&1240.6760585530556|73207&4&2862.1103794738347|73208&4&732.7468548711895|73216&4&976.303956981364|73226&4&134.57354713946893|73230&4&0.0|73238&4&1111.708882080371|73254&4&2043.4586071102108|73260&4&1219.5738914529952|73261&4&1283.1288370989719|73262&4&1485.29730701602|73267&4&112.26882705146818|73273&4&16.806691820155176|73279&4&40.176332492038874|73286&4&1923.5525322032477
279|4,130,1,1,1,1,1,1,1,1,1,1,1,1,1,1,1,1,1,1,1,1,1,1,1,1,1,1,1,1,1,1,1,1,1,1,1,1,1,1,1,1,1,1,1,1,1,1,1,1,1,1,1,1,1,1,1,1,1,1,1,1,1,1,1,1,1,1,1,1,1,1,1,1,1,1,1,1,1,1,1,1,1,1,1,1,1,1,1,1,1,1,1,1,1,1,1,1,1,1,1,1,0,0,0,0,0,0,0,0,0,0,0,0,0,0,0,0,0,0,0,0,2|73225&4&115.93903493032596|73233&4&2284.8849005347624|73238&4&1400.3386125944653|73239&4&613.1703314912842|73249&4&303.02341233186644|73250&4&15.897190704400543|73255&4&262.2782118129247|73259&4&0.0|73263&4&5929.203692270151|73269&4&960.9268511356258|73273&4&1334.425163994246|73275&4&2105.6506239715923|73276&4&1387.7155049856349|73280&4&534.2491682501642|73283&4&311.44051942634513|73288&4&2314.2480792625406|73300&4&488.282852689033,2|73191&4&1110.0896349517002|73196&4&3155.7091152271378|73197&4&66.7441013556339|73199&4&1341.2654767205913|73204&4&2109.2582886541954|73205&4&66.04105077826301|73218&4&9.528181901101743|73221&4&2437.143626668523|73225&4&305.4174325208646|73231&4&961.3970786358985|73232&4&698.0403143961942|73236&4&1779.6220642047258|73237&4&3038.677922625807|73239&4&1560.3774798026577|73248&4&868.0928077970253|73258&4&2059.8471276590753|73265&4&430.957790131436|73266&4&1240.9875662346276|73267&4&1159.9977066669508|73268&4&3329.450762414648|73270&4&1934.4847389692125|73272&4&8.157100057556384|73274&4&0.0|73277&4&231.21748812650276|73279&4&1035.3941284162888|73308&4&2.1423714553113156,2|73190&4&941.0863214886009|73198&4&0.0|73206&4&1077.852300249366|73210&4&205.51298964553877|73211&4&3785.410024677627|73212&4&982.5403868511182|73217&4&2929.225209889073|73219&4&0.0|73242&4&1892.131815539934|73250&4&732.4731255567162|73264&4&666.0993405502354|73269&4&416.7009070324434|73275&4&4.550866500947905|73280&4&67.56660936367012|73307&4&29.499594395825547,2|73192&4&477.5553945727102|73201&4&733.649449479473|73217&4&-1.1546319456101628E-14|73222&4&123.09201986174726|73229&4&555.2922137938021|73231&4&755.3437221012483|73245&4&4175.838957070979|73247&4&234.45498440230097|73249&4&304.3820623524946,2|73197&4&271.6953997903199|73213&4&2177.7615643079025|73215&4&760.540691489881|73218&4&563.633615516393|73220&4&819.0491062395921|73232&4&16.688313713993008|73236&4&-2.6645352591003757E-14|73240&4&3574.503951422457|73243&4&1151.1289907731798|73256&4&2171.730707200821|73257&4&813.2421991866833|73278&4&3057.4727472643785|73280&4&812.1859007364208|73282&4&2730.548428346232|73286&4&1931.8821754862513|73287&4&206.8258438539079|73302&4&0.0,2|73200&4&722.7122546822615|73214&4&1257.4877319721193|73244&4&2440.426374471612|73249&4&842.5035213320857|73253&4&235.25851025885902|73257&4&2377.114075537879|73260&4&500.33844231012586|73263&4&20.033709206351745|73265&4&244.03821634426768|73266&4&732.5303929642973|73268&4&1533.4482324736778|73283&4&1480.5896987391668|73285&4&493.0005333512577|73307&4&292.058452899028,2|73208&4&2692.463362634333|73210&4&1080.697606824192|73215&4&1808.4644723551455|73224&4&1161.4801288685815|73237&4&1051.9609902734435|73247&4&45.93752783531064|73251&4&658.1538812650866|73264&4&37.284242884230125|73270&4&1493.068720818384|73285&4&36.363654332913924,2|73189&4&2788.8311386624364|73193&4&585.2400095775229|73194&4&1382.6036488643701|73195&4&2013.0559701712295|73199&4&208.18642439712315|73204&4&778.5711231836146|73209&4&1392.611340128719|73218&4&1321.8226166863792|73220&4&80.73098991361853|73221&4&2438.029267640582|73222&4&2929.5937142681073|73228&4&3428.1133047174344|73230&4&1065.132352579927|73236&4&207.9585910286672|73246&4&789.346013769781|73252&4&957.9386813275335|73253&4&2995.9393679529057|73255&4&2392.599805608376|73264&4&328.1812063662835|73266&4&136.88821419690063|73285&4&378.28449620842235,2|73193&4&85.9195784652018|73203&4&402.3478015637145|73209&4&3763.5244270071157|73223&4&2192.852495204405|73226&4&495.8003821421713|73232&4&1279.0145322664566|73235&4&2517.697348332192|73238&4&763.1570166484034|73241&4&665.7875304605597|73251&4&24.513989057649326|73252&4&614.2536848300996|73262&4&2116.170189876994|73271&4&699.2389973733704,2|73200&4&603.382627003893|73201&4&1155.4597653520218|73207&4&2847.03941573735|73208&4&624.7153124310346|73216&4&877.6745022736095|73226&4&127.7512164233741|73238&4&1051.3733291480844|73254&4&2147.2776848819603|73260&4&1094.276361396322|73261&4&1190.957513190639|73262&4&1664.3025845340253|73267&4&65.61758800267354|73273&4&1.4210854715202004E-13|73279&4&18.494645613812054|73286&4&2315.7828227907708
280|4,130,1,1,1,1,1,1,1,1,1,1,1,1,1,1,1,1,1,1,1,1,1,1,1,1,1,1,1,1,1,1,1,1,1,1,1,1,1,1,1,1,1,1,1,1,1,1,1,1,1,1,1,1,1,1,1,1,1,1,1,1,1,1,1,1,1,1,1,1,1,1,1,1,1,1,1,1,1,1,1,1,1,1,1,1,1,1,1,1,1,1,1,1,1,1,1,1,1,1,1,1,0,0,0,0,0,0,0,0,0,0,0,0,0,0,0,0,0,0,0,0,2|73225&4&78.59997270169613|73233&4&2380.7004863798084|73238&4&1228.4238994250268|73239&4&494.2307911340338|73249&4&244.65645428771398|73250&4&10.598127136267038|73255&4&180.46138654546638|73263&4&5418.007616351836|73269&4&876.9682249733404|73273&4&1321.8700452585074|73275&4&1903.194454783853|73276&4&1291.9001600478064|73280&4&475.36551891021816|73283&4&258.3112889162485|73288&4&2589.5444529075157|73300&4&452.28740580459305,2|73191&4&1068.1575001935162|73196&4&3219.0328499045836|73197&4&62.57259502090678|73199&4&1577.586933185414|73204&4&1910.4849770319224|73205&4&62.565206000459696|73218&4&4.764090950550888|73221&4&2334.102109972745|73225&4&284.0497808210661|73231&4&894.7446376462435|73232&4&606.8084976128846|73236&4&1657.9405053270493|73237&4&2866.701997392663|73239&4&1467.911672040775|73248&4&819.6204814019469|73258&4&1873.9880932559217|73265&4&0.0|73266&4&1141.8564667205774|73267&4&1421.2515741799148|73268&4&3319.2547895665825|73270&4&2362.5208656401837|73272&4&7.749245054678565|73277&4&217.43422283441987|73279&4&1107.8695656364785|73308&4&7.105427357601002E-15,2|73190&4&1078.8407475321787|73206&4&968.3902651071866|73210&4&140.90872994721553|73211&4&4166.813509218202|73212&4&1181.7193584731058|73217&4&2707.497014461843|73242&4&1715.0757360368082|73250&4&667.681518952121|73264&4&991.7520914745398|73269&4&395.2617171441111|73275&4&2.2754332504739523|73280&4&18.979372395755718|73307&4&16.676633043464008,2|73192&4&427.96091504946247|73201&4&626.9946785367729|73214&4&381.31902929982425|73222&4&91.1133963077445|73229&4&541.6066061662858|73231&4&653.9563587053134|73245&4&4392.203075992397|73247&4&217.5118526837325|73249&4&684.1543586031155,2|73197&4&221.557904775209|73213&4&2131.2359384603906|73215&4&1189.9272078431031|73218&4&554.905391367131|73220&4&796.1532475506797|73232&4&8.153523375711137|73240&4&3352.7617355867974|73243&4&1026.3871736720148|73256&4&1995.0096208859495|73257&4&651.4726063998448|73278&4&2819.133591199827|73280&4&1596.3125583401104|73282&4&3053.983133609001|73286&4&1703.756810571565|73287&4&182.45721668888143,2|73200&4&1245.1214943986452|73214&4&1139.6095128672532|73244&4&2649.3777665380294|73249&4&791.165514109688|73253&4&144.13791014191915|73257&4&2886.2976221895515|73260&4&518.0152238365831|73263&4&10.016854603175931|73265&4&0.0|73266&4&799.4503070917426|73268&4&1343.1429782634136|73283&4&1551.7025916573998|73285&4&737.979998727735|73307&4&276.7034673749884,2|73208&4&2639.1238340364494|73210&4&1106.048311022212|73215&4&1654.997522644372|73224&4&1075.0218941438832|73237&4&934.7829466529212|73247&4&40.81619600421014|73251&4&603.5485277194758|73264&4&12.527181153028167|73270&4&1251.7258568670038|73285&4&7.562514490516627,2|73189&4&2955.106320049532|73193&4&1090.3477882684992|73194&4&1477.6555778321338|73195&4&1827.4925973313325|73199&4&169.46101468049451|73204&4&1143.1272886490558|73209&4&1173.1181974255019|73218&4&1189.2578475386847|73220&4&54.36787053692143|73221&4&2156.5475556725846|73222&4&2681.158852356114|73228&4&3451.266766360963|73230&4&1420.7884080754059|73236&4&711.6960417719116|73237&4&158.9153755490313|73246&4&679.8143315593298|73252&4&835.2427846585166|73253&4&3529.8929223852538|73255&4&2597.31842103914|73264&4&302.2151384148684|73266&4&111.24543734488334|73285&4&327.73050303899925,2|73193&4&30.849935192262144|73203&4&378.25970909765846|73209&4&4306.255323695829|73223&4&2085.862764266461|73226&4&576.446224707469|73232&4&1510.2320322631526|73235&4&2365.0550736225014|73238&4&813.4556023639332|73241&4&625.7917362735243|73251&4&12.811556788546712|73252&4&575.9199351755811|73262&4&1814.4623591187399|73271&4&958.3534963092396,2|73200&4&475.1631792064758|73201&4&1471.356011613149|73207&4&2882.3413287690655|73208&4&516.6837699908796|73216&4&779.0450475658548|73226&4&120.92888570727929|73238&4&991.037776215798|73254&4&2262.60983061679|73260&4&979.4000453117258|73261&4&1098.786189282306|73262&4&2586.240474934715|73267&4&31.889108089853618|73279&4&7.140493199422579|73286&4&2773.599199225837
281|4,130,1,1,1,1,1,1,1,1,1,1,1,1,1,1,1,1,1,1,1,1,1,1,1,1,1,1,1,1,1,1,1,1,1,1,1,1,1,1,1,1,1,1,1,1,1,1,1,1,1,1,1,1,1,1,1,1,1,1,1,1,1,1,1,1,1,1,1,1,1,1,1,1,1,1,1,1,1,1,1,1,1,1,1,1,1,1,1,1,1,1,1,1,1,1,1,1,1,1,1,1,0,0,0,0,0,0,0,0,0,0,0,0,0,0,0,0,0,0,0,0,2|73225&4&41.26091047306633|73233&4&2258.7877688729686|73238&4&1067.2784914074166|73239&4&375.2912507767833|73249&4&196.3225196844195|73250&4&5.299063568133519|73255&4&98.64456127800804|73263&4&4906.81154043352|73269&4&793.009598811055|73273&4&1597.2851803465069|73275&4&1853.7121755277237|73276&4&1196.0848151099776|73280&4&416.4818695702722|73283&4&206.16995064944769|73288&4&2876.8263864726105|73300&4&416.291958920153,2|73191&4&991.0862203818988|73196&4&3244.6178709417154|73197&4&224.60787596185475|73199&4&1468.5386934190037|73204&4&1732.9476206299948|73205&4&59.08936122265638|73218&4&3.375077994860476E-14|73221&4&2195.909126833396|73225&4&433.8195027404079|73231&4&828.0921966565883|73232&4&515.5766808295749|73236&4&1536.2589464493722|73237&4&2694.7260721595194|73239&4&1612.6081058914588|73248&4&771.1481550068686|73258&4&2296.2899029030455|73266&4&1042.7253672065272|73267&4&1407.291902820155|73268&4&3114.03970525461|73270&4&2857.800564748646|73272&4&0.0|73277&4&381.08769601146537|73279&4&1037.2673143572215,2|73190&4&986.3974634265555|73206&4&858.9282299650071|73210&4&96.23531601931445|73211&4&4344.936635530427|73212&4&1559.3064391816993|73217&4&2485.768819034613|73222&4&132.53606165725887|73242&4&1538.0196565336819|73250&4&602.8899123475258|73264&4&938.6131681160023|73269&4&373.8225272557788|73275&4&0.0|73280&4&-8.526512829121202E-14|73307&4&3.853671691102603,2|73192&4&378.3664355262148|73201&4&520.3399075940728|73214&4&362.25307783483305|73222&4&59.13477275374181|73229&4&501.96552134594504|73231&4&552.5689953093784|73245&4&4513.184485692444|73247&4&0.0|73249&4&748.2292422248402|73265&4&0.0,2|73193&4&590.7366470475994|73197&4&171.4204097600981|73200&4&571.0875861063133|73213&4&2051.5853849526243|73215&4&1228.2996933107822|73218&4&869.847905546261|73219&4&144.85021202062828|73220&4&940.0771241254404|73232&4&-1.4210854715202004E-14|73240&4&3032.8904768236725|73243&4&908.454203262422|73256&4&1938.6740668314292|73257&4&501.4494434413623|73278&4&3029.648372186707|73280&4&1939.9090116632192|73282&4&3894.821669774633|73286&4&1488.7523002858984|73287&4&158.088589523855,2|73200&4&1179.957991711573|73214&4&1034.611432503213|73244&4&2442.548774936994|73249&4&739.8275068872905|73253&4&78.56721054042595|73257&4&2788.9226014943115|73260&4&782.9520365673202|73263&4&6.750155989720952E-14|73266&4&749.9726562573023|73268&4&1169.5133724085135|73283&4&1712.3137104288949|73285&4&925.2694980570259|73307&4&261.3484818509488,2|73208&4&2927.0766295544972|73210&4&1304.2076536079949|73215&4&1507.3319886905783|73224&4&988.5636594191847|73237&4&830.2043202060887|73247&4&0.0|73251&4&772.3288240585002|73264&4&7.949059427866229|73270&4&1015.6918874676297|73285&4&0.0,2|73189&4&2702.102201765535|73193&4&1001.3813924777924|73194&4&1385.4624698046232|73195&4&2007.1964048153443|73199&4&135.48804272543686|73204&4&1265.4265654089863|73209&4&953.6250547222852|73218&4&1056.6930783909906|73220&4&28.004751160224345|73221&4&1876.2931699815877|73222&4&2432.72399044412|73228&4&3141.6060857313023|73230&4&1454.1220903094663|73236&4&780.3011525255072|73237&4&237.59823135013175|73246&4&940.2714790550158|73252&4&712.5468879894999|73253&4&3910.6871763454947|73255&4&2902.368061789637|73264&4&276.24907046345334|73266&4&85.60266049286605|73285&4&277.1765098695761,2|73193&4&1.7046885444079578|73203&4&355.00724499744666|73209&4&4078.2405899519295|73223&4&2205.183835278893|73226&4&557.5505290085471|73232&4&1457.0032926575489|73235&4&2191.3757007633358|73238&4&1000.0022203283023|73241&4&585.7959420864889|73251&4&1.109124519444098|73252&4&615.44195297282|73262&4&1543.2784859649846|73271&4&1489.4825875370962,2|73200&4&392.77938017623717|73201&4&1465.4116765916842|73207&4&2628.9075558381664|73208&4&410.2787218330484|73216&4&736.3159067550059|73226&4&114.10655499118448|73238&4&930.7022232835114|73254&4&2361.827114497057|73260&4&865.8489958833153|73261&4&1006.6148653739731|73262&4&2995.445205854974|73267&4&12.047044103906313|73279&4&3.570246599711296|73286&4&2672.0974046652473
282|4,130,1,1,1,1,1,1,1,1,1,1,1,1,1,1,1,1,1,1,1,1,1,1,1,1,1,1,1,1,1,1,1,1,1,1,1,1,1,1,1,1,1,1,1,1,1,1,1,1,1,1,1,1,1,1,1,1,1,1,1,1,1,1,1,1,1,1,1,1,1,1,1,1,1,1,1,1,1,1,1,1,1,1,1,1,1,1,1,1,1,1,1,1,1,1,1,1,1,1,1,1,0,0,0,0,0,0,0,0,0,0,0,0,0,0,0,0,0,0,0,0,2|73225&4&18.757259356409048|73233&4&2520.2445479291137|73238&4&920.8402341465148|73239&4&280.45951251797146|73242&4&202.05048189668378|73249&4&161.93545143278777|73250&4&0.0|73255&4&37.085311155332064|73263&4&4395.615464515206|73269&4&709.0509726487696|73273&4&1810.2180060595788|73275&4&2428.488351922613|73276&4&1100.2694701721493|73280&4&357.5982202303262|73283&4&164.4207610932403|73288&4&2634.6035095133134|73300&4&411.09496780847087,2|73191&4&883.3501115109447|73196&4&3137.7799106681978|73197&4&249.41110045027088|73199&4&1359.4904536525933|73204&4&1563.1876950239384|73205&4&55.61351644485306|73221&4&2249.7606628715034|73225&4&624.5211987485893|73231&4&1149.0728473376978|73232&4&424.34486404626523|73236&4&1414.5773875716957|73237&4&2522.7501469263752|73239&4&1940.6100295712654|73248&4&794.726957767506|73258&4&2103.9410215917933|73266&4&943.594267692477|73267&4&1609.2237385711546|73268&4&2908.824620942638|73270&4&3897.267474701507|73272&4&229.0819715602358|73277&4&358.4325937959261|73279&4&966.6650630779646,2|73190&4&894.1489220067351|73206&4&1101.8466971256198|73210&4&62.87798044287015|73211&4&4464.094750437886|73212&4&1486.6552142290338|73217&4&2264.040623607383|73222&4&597.4006637471401|73242&4&1360.9635770305563|73250&4&577.2881120605953|73264&4&885.4742447574647|73269&4&539.8078128167181|73307&4&-2.7533531010703882E-14,2|73192&4&328.77195600296716|73201&4&414.9428083156271|73214&4&343.18712636984185|73222&4&27.156149199739126|73229&4&673.7972958188894|73231&4&451.1816319134433|73245&4&4121.207685435673|73247&4&179.97649782603008|73249&4&708.3083913034151,2|73193&4&581.956615459027|73194&4&106.42779718142333|73197&4&125.23611048855363|73200&4&925.2146342954136|73213&4&1835.9535632589552|73215&4&1168.0670505112726|73218&4&962.3941656959441|73219&4&322.90805547131083|73220&4&1171.3388547201512|73240&4&3587.8911522251087|73243&4&981.2506613783098|73256&4&1938.7667880215508|73257&4&369.0091827852395|73278&4&2726.6458923168175|73280&4&1861.6515044326875|73282&4&4110.213998324849|73286&4&1282.5839426494658|73287&4&133.71996235882855,2|73200&4&1114.794489024501|73214&4&929.613352139173|73244&4&2239.0844134021017|73249&4&688.489499664893|73253&4&39.90918218559679|73257&4&2960.1168605333332|73260&4&1012.5372220288378|73266&4&700.495005422862|73268&4&996.695080282185|73283&4&2010.976328735683|73285&4&869.8461834958699|73307&4&245.99349632690917,2|73208&4&2921.0548869015192|73210&4&1458.5960267753337|73215&4&1364.199927732591|73216&4&325.3895094259008|73224&4&902.1054246944864|73237&4&725.6256937592564|73238&4&401.0746174194692|73251&4&776.3647676016558|73258&4&337.8632807447814|73264&4&3.974529713933116|73270&4&814.5412301836407,2|73189&4&2547.1723861588916|73193&4&912.4149966870851|73194&4&1302.9075843260564|73195&4&1935.1871145940434|73199&4&105.60633052788955|73204&4&1244.809317640852|73209&4&734.1319120190684|73218&4&924.1283092432967|73220&4&9.63375652139186|73221&4&1601.5035808004795|73222&4&2184.2891285321257|73228&4&3135.248587191845|73230&4&1561.7924474122801|73234&4&3.861020026679021|73236&4&707.9762725452675|73237&4&689.2314814353524|73246&4&816.2243035694114|73252&4&589.850991320483|73253&4&4019.4073825957157|73255&4&3285.1386412626234|73264&4&250.28300251203825|73266&4&59.95988364084876|73285&4&226.622516700153,2|73193&4&0.0|73203&4&332.82594883254956|73209&4&3862.760411695594|73223&4&2239.5815621817546|73226&4&540.7327234149028|73232&4&1483.077679813473|73235&4&2017.6963279041702|73238&4&944.6263992181882|73241&4&545.8001478994536|73251&4&0.0|73252&4&824.8615736744008|73262&4&1300.2309376874084|73271&4&1367.064885798638,2|73200&4&330.1126044991521|73201&4&1355.1733771599086|73207&4&2375.473782907266|73208&4&325.74537686041424|73216&4&660.713013682834|73226&4&107.28422427508967|73238&4&870.3666703512249|73254&4&2447.03481073684|73260&4&763.717974745808|73261&4&1440.2914669391193|73262&4&3208.9800455779673|73267&4&4.504258182838554|73279&4&-6.217248937900877E-15|73286&4&2513.661611113312
283|4,130,1,1,1,1,1,1,1,1,1,1,1,1,1,1,1,1,1,1,1,1,1,1,1,1,1,1,1,1,1,1,1,1,1,1,1,1,1,1,1,1,1,1,1,1,1,1,1,1,1,1,1,1,1,1,1,1,1,1,1,1,1,1,1,1,1,1,1,1,1,1,1,1,1,1,1,1,1,1,1,1,1,1,1,1,1,1,1,1,1,1,1,1,1,1,1,1,1,1,1,1,0,0,0,0,0,0,0,0,0,0,0,0,0,0,0,0,0,0,0,0,2|73225&4&0.0|73233&4&2490.06673887577|73238&4&796.713790616107|73239&4&216.3006684525949|73242&4&404.99455183062923|73244&4&36.05402358822573|73249&4&127.548383181156|73255&4&7.105427357601002E-14|73263&4&3886.0816420930537|73269&4&630.2814949341343|73273&4&1759.2216711669594|73275&4&2351.8977769856883|73276&4&1004.4541252343207|73280&4&298.71457089038023|73281&4&140.1308776238231|73283&4&133.56909207560005|73288&4&2392.3806325540163|73300&4&384.35658295755263,2|73191&4&1202.925183834966|73196&4&2994.017121427095|73197&4&686.7371941707631|73199&4&1250.442213886183|73204&4&1403.603544141988|73205&4&122.33898576601504|73221&4&2784.915735163855|73225&4&0.0|73231&4&1063.0387517645045|73232&4&345.7154350559117|73236&4&1292.8958286940192|73237&4&2350.774221693231|73239&4&2504.3391449376204|73248&4&1409.1065298351327|73258&4&1926.2465418570982|73266&4&844.4631681784269|73267&4&1508.4172955929216|73268&4&2703.609536630666|73270&4&4416.320946463462|73272&4&0.0|73277&4&335.77749158038677|73279&4&896.0628117987078,2|73190&4&1112.1822437449287|73206&4&1363.785060859588|73210&4&31.17914245982979|73211&4&4097.061273323216|73212&4&1364.6541919000597|73217&4&2042.3124281801533|73222&4&1215.712256690939|73242&4&1201.1193007645659|73250&4&1087.6985960513211|73264&4&888.4153081090828|73269&4&508.9973991559223,2|73192&4&609.2563329513629|73201&4&318.058191297339|73214&4&358.9522622948679|73222&4&1.3500311979441904E-13|73229&4&656.6201193203981|73231&4&727.0229356386319|73245&4&3794.98676737963|73247&4&170.9776729347286|73249&4&668.38754038199|73265&4&0.0,2|73193&4&551.3819430684566|73194&4&101.10640732235217|73197&4&84.96463177860534|73200&4&877.526183615377|73201&4&96.97311650356369|73213&4&1977.247292830525|73215&4&1099.0267923695442|73218&4&1107.3728593967016|73219&4&349.6752365216132|73220&4&1267.6718667421767|73240&4&4136.950680298491|73243&4&1459.0412600036823|73256&4&1843.9467322420014|73257&4&265.7407611490397|73278&4&3477.7132040625047|73280&4&1747.1431997232144|73282&4&4349.917835565392|73286&4&1087.8441989204634|73287&4&109.3513351938021,2|73200&4&1049.630986337429|73214&4&824.6152717751328|73244&4&2036.1710037746166|73249&4&637.1514924424953|73253&4&13.55181742472155|73257&4&3258.0954670923047|73260&4&1083.3709257965656|73266&4&651.017354588422|73268&4&823.8767881558566|73283&4&1919.4927587429688|73285&4&822.3457467562408|73307&4&230.63851080286952,2|73208&4&2938.6388436755387|73210&4&1356.0831570618989|73215&4&1221.0678667746038|73216&4&592.4667348664511|73224&4&815.6471899697879|73237&4&622.9379642777346|73238&4&650.3063468718102|73251&4&750.6064685778429|73258&4&718.588340388063|73264&4&-8.881784197001252E-16|73270&4&660.7896870007748,2|73189&4&2463.6432319971577|73193&4&823.4486008963781|73194&4&1220.3526988474898|73195&4&2241.9895907653013|73199&4&75.72461833034225|73204&4&1323.6331852296896|73209&4&528.5672762916213|73218&4&799.84331898264|73220&4&-4.263256414560601E-14|73221&4&1343.3320480359657|73222&4&1935.8542666201317|73228&4&3253.2114539397476|73230&4&1553.6213449151069|73234&4&3.66796902534507|73236&4&640.3370564065418|73237&4&653.7587589243933|73246&4&786.2402566362205|73252&4&475.00148904618607|73253&4&4166.449229058433|73255&4&3570.387724067437|73264&4&224.3169345606232|73266&4&34.317106788831474|73285&4&176.06852353072992,2|73203&4&306.1746763360447|73209&4&4087.417852954887|73223&4&2491.244369118598|73226&4&523.7235246701251|73232&4&1808.1897766698512|73235&4&2164.876351975241|73238&4&889.2505781080744|73241&4&505.8043537124181|73252&4&1316.638005299218|73262&4&1075.4236714554281|73271&4&1245.2682963200386,2|73200&4&280.82069936693387|73201&4&1244.9350777281331|73207&4&2122.0400099763665|73208&4&241.51136837043686|73216&4&590.2874102841895|73226&4&100.46189355899486|73238&4&810.0311174189384|73254&4&2247.018450337811|73260&4&668.3285291224843|73261&4&1459.3882402837494|73262&4&3835.746023433556|73267&4&1.9407708716076366|73286&4&2355.2258175613765
284|4,130,1,1,1,1,1,1,1,1,1,1,1,1,1,1,1,1,1,1,1,1,1,1,1,1,1,1,1,1,1,1,1,1,1,1,1,1,1,1,1,1,1,1,1,1,1,1,1,1,1,1,1,1,1,1,1,1,1,1,1,1,1,1,1,1,1,1,1,1,1,1,1,1,1,1,1,1,1,1,1,1,1,1,1,1,1,1,1,1,1,1,1,1,1,1,1,1,1,1,1,1,0,0,0,0,0,0,0,0,0,0,0,0,0,0,0,0,0,0,0,0,2|73233&4&2288.353636437958|73238&4&687.5993063216997|73239&4&174.02270770753518|73242&4&722.3531527707464|73244&4&34.251322408814445|73249&4&93.16131492952422|73263&4&4118.416415282931|73269&4&554.5633746498359|73273&4&1712.3275314321893|73275&4&2291.9639015013804|73276&4&908.6387802964921|73280&4&241.46971314449956|73281&4&0.0|73283&4&103.35469554401136|73288&4&2409.074421337094|73300&4&357.61819810663434,2|73191&4&1276.7335366800048|73196&4&2700.4181239987843|73197&4&649.8074853164885|73199&4&1145.5180060107305|73204&4&1246.0783483325781|73205&4&115.35307528326346|73221&4&2965.5188337375075|73231&4&977.0046561913113|73232&4&283.1553458183857|73236&4&1171.2142698163425|73237&4&2178.798296460087|73239&4&2371.19200139347|73248&4&1323.708924236244|73258&4&1755.3381275529498|73266&4&745.3320686643767|73267&4&1407.6108526146886|73268&4&3198.045036745189|73270&4&4467.041500954037|73272&4&46.47253378483777|73277&4&313.12238936484744|73279&4&830.9286958489541,2|73190&4&1021.5266434736105|73206&4&1451.369877837189|73210&4&421.3133477306315|73211&4&3995.956357612893|73212&4&1253.3155923596676|73217&4&1875.3812625221672|73222&4&1881.6058180370744|73242&4&1041.2750244985755|73250&4&1007.5984820437269|73264&4&926.3040956495231|73269&4&606.4725668797661,2|73192&4&543.157910604533|73201&4&251.34754287448476|73214&4&338.14475646037585|73229&4&609.7696402572691|73231&4&813.0839290678563|73245&4&4082.920952645126|73247&4&339.25356532768853|73249&4&628.4666894605648|73278&4&132.7394435438432,2|73193&4&520.8072706778863|73194&4&95.78501746328101|73197&4&53.51517364143777|73200&4&829.8377329353407|73201&4&449.2147404222901|73213&4&2163.4750639705785|73215&4&1029.9865342278156|73218&4&1500.5779609073084|73219&4&331.0039727503001|73220&4&1170.877146067954|73240&4&3843.566563410722|73243&4&1508.8940397126034|73256&4&1661.6106231472954|73257&4&198.47171778847604|73278&4&3149.0197477129113|73280&4&1632.6348950137417|73282&4&4006.044836193335|73286&4&908.3532506349961|73287&4&188.5629930670266,2|73200&4&984.467483650357|73214&4&726.5875275496517|73244&4&1847.1219092587708|73249&4&585.8134852200976|73253&4&-5.3290705182007514E-14|73257&4&3030.815489809784|73260&4&1193.9467482236264|73266&4&601.5397037539817|73268&4&651.0584960295282|73283&4&1902.0961069702098|73285&4&766.5262883040085|73307&4&215.28352527882993,2|73208&4&2701.0085457653436|73210&4&1253.5702873484647|73215&4&1077.9358058166163|73216&4&625.3909107492373|73224&4&729.1889552450896|73237&4&520.2502347962129|73238&4&616.788342984671|73251&4&694.1427651596632|73258&4&750.5089477276815|73270&4&566.1570238881618,2|73189&4&2216.4855180895443|73193&4&734.4822051056711|73194&4&1137.7978133689232|73195&4&2124.675942805776|73199&4&45.84290613279495|73204&4&1522.6468908072768|73209&4&360.8365404856815|73218&4&687.0023550992959|73221&4&1115.584736449997|73222&4&1687.4194047081376|73228&4&3546.01288629609|73230&4&1424.2513542816378|73234&4&3.4749180240111186|73236&4&733.1509332774964|73237&4&618.2860364134342|73246&4&927.2774093717927|73252&4&377.9793267344269|73253&4&4327.958868457579|73255&4&3460.192459117797|73262&4&48.782715845567054|73264&4&198.3508666092081|73266&4&13.827124438234081|73285&4&125.51453036130678,2|73203&4&279.4071867669782|73209&4&4055.447271634203|73223&4&2413.56079989248|73226&4&514.5850215206278|73232&4&1872.1381581415021|73235&4&1981.0251669429472|73238&4&833.8747569979605|73241&4&465.80855952538275|73252&4&1531.8739486596155|73262&4&871.556561662554|73271&4&1126.1270438192578,2|73200&4&231.5287942347157|73201&4&1134.6967782963573|73207&4&2694.343318219711|73208&4&181.1977283531206|73216&4&522.6136701188045|73226&4&93.63956284290005|73238&4&749.6955644866518|73254&4&2047.0020899387823|73260&4&572.9390834991606|73261&4&1355.960691839179|73262&4&3606.4410129732078|73267&4&-4.440892098500626E-16|73286&4&2196.7900240094405
285|4,130,1,1,1,1,1,1,1,1,1,1,1,1,1,1,1,1,1,1,1,1,1,1,1,1,1,1,1,1,1,1,1,1,1,1,1,1,1,1,1,1,1,1,1,1,1,1,1,1,1,1,1,1,1,1,1,1,1,1,1,1,1,1,1,1,1,1,1,1,1,1,1,1,1,1,1,1,1,1,1,1,1,1,1,1,1,1,1,1,1,1,1,1,1,1,1,1,1,1,1,1,0,0,0,0,0,0,0,0,0,0,0,0,0,0,0,0,0,0,0,0,2|73224&4&137.80712909207|73233&4&2086.640534000145|73238&4&578.4848220272925|73239&4&131.74474696247543|73242&4&684.6926262376537|73244&4&32.44862122940316|73249&4&58.77424667789242|73263&4&4639.0173636849795|73269&4&488.2372924664721|73273&4&1583.2662821382037|73275&4&2624.5944316576315|73276&4&812.8234353586635|73280&4&184.2248553986189|73283&4&73.14029901242267|73288&4&2750.8148671427975|73300&4&330.87981325571616,2|73191&4&1329.656333564351|73196&4&2755.828049922384|73197&4&612.8777764622139|73199&4&1260.511097097372|73204&4&1088.5531525231684|73205&4&185.5323334326597|73221&4&3788.6856490158757|73231&4&890.970560618118|73232&4&220.5952565808596|73236&4&1049.5327109386658|73237&4&2006.8223712269432|73239&4&2209.404496263408|73248&4&1238.3113186373553|73258&4&1584.4297132488014|73266&4&646.2009691503266|73267&4&1306.8044096364554|73268&4&3832.944217537781|73270&4&4660.996551565473|73272&4&44.14890709559588|73277&4&290.4672871493081|73279&4&787.5503009291501,2|73190&4&930.8710432022924|73206&4&1326.6032966702207|73210&4&658.8724472030208|73211&4&4042.6410094482844|73212&4&1299.1816529119476|73217&4&2113.3071553321847|73222&4&2365.3512369198206|73242&4&887.9372095085395|73250&4&933.9165196960289|73264&4&871.4317909825014|73269&4&661.3093740076899,2|73192&4&513.0865771410644|73201&4&191.77364380888065|73214&4&317.33725062588377|73229&4&562.9191611941399|73231&4&912.3637161673023|73245&4&4176.261237906199|73247&4&321.391004572174|73249&4&825.136670615613|73278&4&329.60768694503435,2|73193&4&490.23259828731597|73194&4&90.46362760420985|73197&4&32.24749275214033|73200&4&782.1492822553041|73201&4&426.5115706099167|73213&4&2706.6386946664484|73215&4&960.9462760860871|73218&4&1845.3424102207666|73219&4&312.332708978987|73220&4&1140.0821944658926|73240&4&3674.6233081308137|73243&4&1385.2995144817078|73256&4&2029.0777644913524|73257&4&131.20267442791214|73278&4&2827.3390685794557|73280&4&1791.8938601557086|73282&4&3875.8662549736428|73286&4&737.9267740508197|73287&4&171.84433520334028,2|73200&4&919.3039809632851|73214&4&628.5597833241706|73244&4&1658.072814742925|73249&4&534.4754779977|73257&4&2946.381704357118|73260&4&1220.873744121072|73266&4&928.0805007797547|73268&4&503.1986421534096|73283&4&1766.05978155042|73285&4&932.9073518249047|73307&4&199.92853975479028,2|73208&4&2501.544101689243|73210&4&1151.0574176350306|73215&4&934.8037448586288|73216&4&591.7860509123664|73224&4&642.7307205203913|73237&4&417.5625053146911|73238&4&781.2614517386269|73251&4&628.8825230275313|73253&4&353.6375920266055|73258&4&871.7725910293206|73270&4&471.5243607755484,2|73189&4&1969.8068635415882|73193&4&645.5158093149641|73194&4&1055.2429278903567|73195&4&1925.1716026096262|73199&4&24.59408296112248|73204&4&1429.4272883200913|73209&4&215.1839842018885|73218&4&591.3542569158742|73221&4&913.9687153641688|73222&4&1469.3077000388503|73228&4&3669.2944397410056|73230&4&1298.4092829589938|73234&4&3.2818670226771673|73236&4&865.0771561789435|73237&4&841.8751567142639|73246&4&957.6291906467071|73252&4&289.7206520619062|73253&4&3973.8366299296245|73255&4&3191.2185230095893|73262&4&391.5113074960248|73264&4&172.38479865779303|73266&4&1.4210854715202004E-13|73285&4&77.24818611077946,2|73193&4&60.23362706961427|73195&4&329.5973323353104|73201&4&618.2348145163417|73203&4&252.6396971979118|73206&4&350.2357597728999|73209&4&4320.862264418132|73214&4&189.35500304910715|73223&4&2492.223768747489|73226&4&461.5938105986393|73232&4&1842.8522611038936|73235&4&1797.1739819106538|73238&4&778.4989358878466|73241&4&425.8127653383474|73252&4&2060.7787330023866|73262&4&679.7232972241482|73271&4&1006.9857913184769,2|73200&4&182.23688910249746|73201&4&1024.458478864582|73207&4&2853.186029367369|73208&4&122.35992222861734|73216&4&467.59406479544504|73226&4&86.81723212680524|73238&4&689.3600115543653|73254&4&1999.1819455552427|73260&4&480.7974875705307|73261&4&1254.243574052558|73262&4&3377.1360025128606|73286&4&2038.3542304575049
286|4,130,1,1,1,1,1,1,1,1,1,1,1,1,1,1,1,1,1,1,1,1,1,1,1,1,1,1,1,1,1,1,1,1,1,1,1,1,1,1,1,1,1,1,1,1,1,1,1,1,1,1,1,1,1,1,1,1,1,1,1,1,1,1,1,1,1,1,1,1,1,1,1,1,1,1,1,1,1,1,1,1,1,1,1,1,1,1,1,1,1,1,1,1,1,1,1,1,1,1,1,1,0,0,0,0,0,0,0,0,0,0,0,0,0,0,0,0,0,0,0,0,2|73207&4&473.7180614960962|73224&4&631.4761879551033|73233&4&1884.927431562332|73238&4&480.93501850873713|73239&4&89.46678621741569|73242&4&705.9410301072315|73244&4&30.645920049991872|73249&4&32.530265377323914|73263&4&5227.631529698188|73269&4&421.91121028310846|73273&4&1454.2050328442187|73275&4&2554.538042215175|73276&4&717.008090420835|73280&4&131.48522593171748|73283&4&42.92590248083398|73288&4&2512.3820941463746|73300&4&304.14142840479786,2|73191&4&1360.0450570742037|73196&4&3058.2263139001784|73197&4&625.5176548199067|73199&4&1145.585235497394|73202&4&165.84936094937478|73204&4&931.0279567137586|73205&4&174.6881645183007|73221&4&3537.453793284396|73231&4&804.9364650449246|73232&4&167.26567460493683|73236&4&927.8511520609891|73237&4&1834.8464459937993|73239&4&2047.6169911333457|73248&4&1152.9137130384668|73258&4&1416.0443058483718|73266&4&547.0698696362765|73267&4&1205.9979666582221|73268&4&4352.680928723003|73270&4&4702.22711341461|73272&4&0.0|73274&4&164.7147596441889|73277&4&522.9404030080735|73279&4&724.5049521032615,2|73190&4&840.2154429309745|73206&4&1210.3065550368783|73210&4&624.8838505151493|73211&4&3662.0899776781457|73212&4&1512.1077932308303|73217&4&1877.6704205627025|73222&4&2738.469086198569|73242&4&734.5993945185035|73250&4&860.2345573483309|73264&4&1069.871700088509|73269&4&619.4816062847647,2|73192&4&445.1868003500664|73201&4&143.28222342717933|73214&4&296.52974479139175|73221&4&355.51945555093016|73229&4&516.0686821310106|73231&4&1699.230187189998|73245&4&3787.657241257633|73247&4&303.5284438166594|73249&4&773.3862780903642|73256&4&582.8926606805479|73278&4&790.6231452964925,2|73193&4&459.6579258967456|73194&4&85.14223774513869|73197&4&10.979811862842842|73200&4&734.4608315752678|73201&4&403.8084007975433|73213&4&3018.5727992632055|73215&4&897.5335772995546|73218&4&1745.7377406476132|73219&4&293.66144520767386|73220&4&1183.5578512487568|73240&4&3953.1561867023092|73243&4&1264.4286595053668|73256&4&1838.4228862323093|73257&4&80.09192389111276|73278&4&2514.4423351611404|73280&4&1688.827528876942|73282&4&3690.5671184074163|73286&4&568.1583731179147|73287&4&281.6880796077651,2|73200&4&854.140478276213|73214&4&544.1726348433588|73244&4&1469.0237202270791|73249&4&483.1374707753024|73257&4&3030.0877689668787|73260&4&1183.731038826525|73266&4&1021.6255337852189|73268&4&384.1691565786673|73283&4&1661.004431156517|73285&4&1245.1967121834407|73307&4&184.57355423075066,2|73208&4&2694.9724090714208|73210&4&1048.544547921596|73215&4&791.6716839006413|73216&4&558.1811910754953|73224&4&556.2724857956928|73237&4&314.8747758331694|73238&4&1045.0972506399685|73251&4&563.6222808953994|73253&4&727.8974017455943|73258&4&1087.7092756021543|73270&4&378.9473650015741,2|73189&4&1733.4470083748138|73193&4&558.6191841770324|73194&4&972.6880424117901|73195&4&1739.6323054524375|73199&4&14.23491067763928|73204&4&1336.2076858329058|73209&4&117.48659606145574|73218&4&510.86540271140547|73221&4&747.2663916352232|73222&4&1268.5997877268394|73228&4&3361.7001836886784|73230&4&1172.5672116363498|73234&4&3.088816021343216|73236&4&1288.4982688360087|73237&4&1227.7917465742453|73246&4&1523.3848765431312|73252&4&226.63089802027642|73253&4&3641.8442945230317|73255&4&3200.9106990583978|73262&4&1193.9572603503452|73264&4&146.7886334441762|73285&4&33.57460872984751,2|73193&4&128.0940544514636|73195&4&313.11746571854485|73201&4&587.3230737905246|73203&4&225.87220762884544|73206&4&332.7239717842549|73209&4&5117.854537747101|73214&4&179.8872528966518|73223&4&2304.7768187757792|73226&4&408.6025996766508|73232&4&1712.176468316489|73235&4&1613.3227968783604|73238&4&723.1231147777328|73241&4&385.816971151312|73252&4&2043.7043228301188|73262&4&510.8902749806331|73271&4&898.1188970738754,2|73200&4&132.94498397027928|73201&4&914.2201794328063|73207&4&2566.3098985997813|73208&4&68.78503473809347|73216&4&412.57445947208566|73226&4&79.99490141071043|73238&4&629.0244586220788|73254&4&1896.2788338001192|73259&4&38.52231375468311|73260&4&394.99100173452086|73261&4&1152.5264562659372|73262&4&3147.8309920525135|73286&4&1879.9184369055695
287|4,130,1,1,1,1,1,1,1,1,1,1,1,1,1,1,1,1,1,1,1,1,1,1,1,1,1,1,1,1,1,1,1,1,1,1,1,1,1,1,1,1,1,1,1,1,1,1,1,1,1,1,1,1,1,1,1,1,1,1,1,1,1,1,1,1,1,1,1,1,1,1,1,1,1,1,1,1,1,1,1,1,1,1,1,1,1,1,1,1,1,1,1,1,1,1,1,1,1,1,1,1,0,0,0,0,0,0,0,0,0,0,0,0,0,0,0,0,0,0,0,0,2|73199&4&267.12490460157846|73207&4&556.7694105127562|73224&4&778.0296990435866|73227&4&2.096252276418364|73233&4&1683.2143291245195|73238&4&393.19171969869984|73239&4&47.188825472355944|73242&4&883.1323226604515|73244&4&41.07263217577446|73249&4&9.71984797785246|73263&4&5636.443693177915|73269&4&355.5851280997448|73273&4&1325.1437835502336|73275&4&2342.517722876945|73276&4&890.9471035449093|73277&4&11.75426595821062|73278&4&1234.5073945626607|73280&4&84.33041345606566|73283&4&12.711505949245293|73288&4&2305.685124744311|73300&4&277.4030435538796,2|73191&4&1344.58523178467|73196&4&2777.251853203301|73197&4&0.0|73199&4&1024.8413696948878|73202&4&157.55689290190605|73204&4&773.5027609043487|73205&4&163.84399560394172|73221&4&3286.221937552916|73225&4&215.91661096593376|73231&4&718.9023694717314|73232&4&113.93609262901411|73236&4&806.1695931833125|73237&4&1662.8705207606554|73239&4&2117.0326221780633|73248&4&1176.801279032192|73258&4&1253.7833465786578|73266&4&447.9387701222263|73267&4&1105.191523679989|73268&4&4588.746139171924|73270&4&4445.986074924932|73272&4&0.0|73274&4&187.77155422437826|73277&4&487.528889888819|73279&4&661.459603277373,2|73190&4&749.5598426596564|73206&4&1095.1182717639645|73210&4&590.8952538272779|73211&4&3497.5624347452367|73212&4&1583.7824056858412|73217&4&1793.5371812278088|73222&4&3062.3423044114174|73242&4&586.3361462077743|73250&4&786.5525950006329|73264&4&1001.2251738387483|73269&4&683.3102098170305,2|73192&4&377.28702355906853|73196&4&466.662889192275|73201&4&94.7908030454781|73214&4&275.7222389568997|73221&4&566.227122126023|73229&4&0.0|73231&4&2342.479396229388|73245&4&3424.3433886645257|73247&4&285.66588306114477|73249&4&872.7099635743793|73256&4&648.5263361249018|73278&4&749.9195277750027,2|73193&4&429.08325350617525|73194&4&79.82084788606753|73197&4&0.0|73200&4&725.978083440024|73201&4&381.1052309851699|73213&4&3160.977778971469|73215&4&828.2119411900663|73218&4&1927.7573603683406|73219&4&274.9901814363608|73220&4&1201.0880747583276|73240&4&4200.596686407958|73243&4&1143.557804529026|73256&4&1673.1454388442946|73257&4&38.140856051783274|73278&4&2226.5337614290893|73280&4&1693.7263472624172|73282&4&3780.990466099872|73286&4&422.9984350963764|73287&4&439.37714570451726,2|73200&4&788.976975589141|73214&4&463.0926879600521|73244&4&1285.6869824196424|73249&4&431.79946355290474|73257&4&3317.4816183976895|73260&4&1228.1488107921145|73266&4&1163.8860681786591|73268&4&304.27279330409283|73283&4&2138.3070578305005|73285&4&1488.998128040469|73307&4&169.21856870671104,2|73208&4&2842.4021705696427|73210&4&946.0316782081618|73215&4&660.9824929936807|73216&4&524.5763312386243|73224&4&476.76856308808226|73237&4&224.45565009926918|73238&4&1131.9584633497252|73251&4&498.3620387632673|73253&4&816.1323979007382|73258&4&1425.9268610223144|73270&4&299.17750816612084,2|73189&4&1611.5648814191857|73193&4&477.05767829722095|73194&4&890.1331569332234|73195&4&1563.0017287422593|73199&4&3.875738394156011|73204&4&1242.98808334572|73209&4&52.071540146049784|73218&4&430.3765485069366|73221&4&592.0817151787172|73222&4&1073.0467714265467|73228&4&3054.4009373306053|73230&4&1246.6954479946403|73234&4&2.895765020009265|73236&4&1212.5104127237469|73237&4&1300.3788050053593|73246&4&1605.7443225205197|73252&4&177.80996278659188|73253&4&3346.9644521002706|73255&4&3493.6896076185276|73262&4&1291.7097676131618|73264&4&130.47878528371223|73285&4&13.010386416574915,2|73193&4&418.09765143020724|73195&4&296.6375991017793|73201&4&565.0083891807346|73203&4&211.0856095727308|73206&4&565.7013496783649|73209&4&5620.206317785673|73214&4&439.8385207878352|73223&4&2118.608131088263|73226&4&355.6113887546623|73232&4&1635.0764670116125|73235&4&1429.471611846067|73238&4&667.7472936676188|73241&4&345.82117696427656|73252&4&2229.181746830753|73262&4&383.2915612231304|73271&4&1046.2938018316072,2|73200&4&83.6530788380611|73201&4&803.9818800010307|73207&4&2303.756168350737|73208&4&32.719124055287644|73216&4&357.5548541487262|73226&4&73.17257069461562|73238&4&568.6889056897923|73254&4&1712.503864625274|73259&4&36.59619806694896|73260&4&316.21152634746875|73261&4&1050.8093384793165|73262&4&2918.5259815921663|73286&4&2008.8924794079257|73306&4&17.92834778695942
288|4,130,1,1,1,1,1,1,1,1,1,1,1,1,1,1,1,1,1,1,1,1,1,1,1,1,1,1,1,1,1,1,1,1,1,1,1,1,1,1,1,1,1,1,1,1,1,1,1,1,1,1,1,1,1,1,1,1,1,1,1,1,1,1,1,1,1,1,1,1,1,1,1,1,1,1,1,1,1,1,1,1,1,1,1,1,1,1,1,1,1,1,1,1,1,1,1,1,1,1,1,1,0,0,0,0,0,0,0,0,0,0,0,0,0,0,0,0,0,0,0,0,2|73199&4&357.24697068432147|73207&4&1069.7146301067244|73224&4&738.7689367408561|73227&4&1.9914396625974458|73233&4&1481.501226686707|73238&4&305.4484208886625|73239&4&6.954384697205485|73242&4&1479.1175095725978|73244&4&286.8045980654655|73249&4&1.300497103059227|73263&4&5159.258838680986|73269&4&398.90975236502766|73273&4&1196.0825342562484|73275&4&2180.427195859183|73276&4&1214.3046203304234|73277&4&0.0|73278&4&1953.598915141837|73280&4&48.178796959105405|73283&4&7.460698725481052E-14|73288&4&2412.9552687139794|73300&4&250.66465870296136,2|73191&4&1225.6783087448268|73196&4&2514.7688144389763|73197&4&1.3282158425872694|73199&4&904.0975038923816|73202&4&149.26442485443732|73204&4&615.9775650949389|73205&4&152.99982668958273|73221&4&3034.9900818214373|73225&4&265.0336320100846|73231&4&632.8682738985381|73232&4&64.50193892258227|73236&4&684.488034305636|73237&4&1490.8945955275115|73239&4&2564.401023153251|73248&4&1305.567427415449|73258&4&1105.773139271388|73266&4&349.4334396999382|73267&4&1009.2933584410488|73268&4&4236.5991216045795|73270&4&4258.07096428214|73274&4&177.97118961404888|73277&4&0.0|73279&4&598.4142544514847,2|73190&4&1080.1577581113015|73206&4&994.2577602476724|73210&4&556.9066571394063|73211&4&3325.625709789877|73212&4&1457.516367415245|73217&4&2274.479357686428|73222&4&2885.2272022585953|73242&4&449.7215935712288|73250&4&712.8706326529349|73264&4&927.0722181562364|73269&4&636.1996235313455,2|73192&4&777.7216994871239|73196&4&1143.87912987952|73201&4&46.29938266377685|73208&4&541.6205484746324|73214&4&254.9147331224076|73221&4&569.9012957648974|73222&4&916.4980829168594|73229&4&55.82011896493394|73231&4&2650.547019661652|73245&4&3891.3503801792863|73247&4&372.78210932067395|73249&4&813.4058671486674|73256&4&725.9614428074119|73278&4&709.2159102535129|73282&4&905.9025248252344,2|73193&4&398.5085811156049|73194&4&100.33142587959429|73200&4&840.5963513570737|73201&4&358.4020611727965|73213&4&3453.058131883876|73215&4&758.8903050805781|73218&4&1804.9284154738868|73219&4&256.3189176650477|73220&4&1232.2185121523041|73240&4&4447.20068739388|73243&4&1022.6869495526853|73256&4&1508.0593825100211|73257&4&17.975141687673467|73278&4&1988.7622741289233|73280&4&1909.3865155945668|73282&4&3431.0444283434763|73286&4&311.3386473560427|73287&4&407.9080506203129,2|73200&4&723.8134729020691|73214&4&387.53507387342313|73244&4&1113.1456214512298|73249&4&380.46145633050713|73257&4&3040.2667862555368|73260&4&1619.4214624630426|73266&4&1396.4945873270408|73268&4&236.68697236103588|73283&4&2389.947324879881|73285&4&1515.932273317068|73307&4&153.8635831826714,2|73208&4&2560.7844002185734|73210&4&843.5188084947274|73215&4&537.5054623554693|73216&4&0.0|73224&4&414.8545939379025|73237&4&138.7445688734451|73238&4&1065.8961639020056|73251&4&433.1017966311354|73253&4&1143.448248554626|73258&4&1796.96306371575|73270&4&219.40765133066765,2|73189&4&1890.9806053318212|73193&4&405.68982886303024|73194&4&807.5782714546569|73195&4&1395.5454778644473|73199&4&0.0|73204&4&1149.7684808585345|73209&4&-3.268496584496461E-13|73218&4&362.3233646855438|73221&4&450.6825290284976|73222&4&892.5126425558772|73228&4&2887.4669078024385|73230&4&1117.8839652859433|73234&4&2.7027140186753136|73236&4&1136.5225566114846|73237&4&1828.122128229911|73246&4&1492.5333040475248|73252&4&133.69604792157716|73253&4&3058.501255510851|73255&4&4047.848944144249|73262&4&1325.1890484932237|73264&4&114.1689371232482|73285&4&2.663111009025909,2|73193&4&623.0901204412492|73195&4&771.6094208904049|73201&4&1332.14297767465|73203&4&189.82725240573134|73206&4&655.3710107453365|73209&4&5982.625127494639|73214&4&580.0849058701792|73223&4&1932.4394434007463|73226&4&302.6201778326739|73232&4&1762.6915938837697|73235&4&1639.535720885526|73238&4&612.3714725575048|73241&4&305.8253827772412|73252&4&2120.9349782947947|73262&4&264.38745614093216|73271&4&1200.3321032432855,2|73200&4&39.096087672726014|73201&4&693.7435805692551|73207&4&2057.571590431249|73208&4&16.35956202764374|73216&4&0.0|73226&4&66.3502399785208|73238&4&508.3533527575057|73254&4&1935.6053873813255|73259&4&34.670082379214804|73260&4&241.1204523435925|73261&4&949.0922206926954|73262&4&2689.2209711318196|73286&4&2108.541314592987|73306&4&539.6487810613487
289|4,130,1,1,1,1,1,1,1,1,1,1,1,1,1,1,1,1,1,1,1,1,1,1,1,1,1,1,1,1,1,1,1,1,1,1,1,1,1,1,1,1,1,1,1,1,1,1,1,1,1,1,1,1,1,1,1,1,1,1,1,1,1,1,1,1,1,1,1,1,1,1,1,1,1,1,1,1,1,1,1,1,1,1,1,1,1,1,1,1,1,1,1,1,1,1,1,1,1,1,1,1,0,0,0,0,0,0,0,0,0,0,0,0,0,0,0,0,0,0,0,0,2|73199&4&624.0334488550042|73207&4&1531.8972904194632|73224&4&697.8479597632621|73227&4&1.8866270487765275|73229&4&291.35654528005784|73233&4&1670.389773401691|73238&4&217.70512207862515|73239&4&2.6645352591003757E-14|73242&4&2337.2203985968545|73244&4&922.7407868952632|73249&4&0.0|73263&4&4950.78249191384|73269&4&333.4247904543035|73273&4&1459.4865020060445|73275&4&1966.8491294830144|73276&4&1083.3685285081779|73278&4&1852.8327008983388|73280&4&34.27161392913399|73288&4&2857.5055284210994|73300&4&223.92627385204312,2|73191&4&1287.5297197934942|73196&4&2272.37570627128|73197&4&1.261805050457906|73199&4&783.3536380898754|73202&4&140.9719568069686|73204&4&462.1343522956354|73205&4&142.15565777522377|73221&4&2783.7582260899576|73225&4&251.24215888216557|73231&4&546.8341783253447|73232&4&21.183443793540082|73236&4&562.8064754279594|73237&4&1318.9186702943675|73239&4&2384.000536393788|73248&4&1347.9974676813742|73258&4&966.0564136059595|73266&4&263.1075608044386|73267&4&913.3951932021087|73268&4&3884.4521040372356|73270&4&3912.6975790255715|73274&4&168.17082500371947|73279&4&535.3689056255963,2|73190&4&1341.1718538279983|73206&4&896.9422595838778|73210&4&522.9180604515348|73211&4&3929.895019624581|73212&4&1332.7221032790217|73217&4&2196.4113679989177|73222&4&2708.1121001057736|73242&4&330.54905459194634|73250&4&639.1886703052369|73264&4&852.9192624737246|73269&4&589.0890372456606,2|73192&4&1265.2876472375565|73196&4&1537.3059106673522|73201&4&18.616100306298886|73208&4&750.793779362414|73214&4&234.10722728791552|73221&4&539.0574246005164|73222&4&1227.3654359243549|73229&4&53.02911301668724|73231&4&2494.36465264237|73245&4&3845.69130135962|73247&4&349.6706092144072|73249&4&836.1143105587901|73256&4&959.0610329167409|73278&4&668.5122927320231|73282&4&1388.319328009211,2|73193&4&367.93390872503454|73194&4&93.71843762789324|73200&4&796.5384267151937|73201&4&335.6988913604231|73213&4&3440.9671524843297|73215&4&689.5686689710897|73218&4&1734.9044162060077|73219&4&237.64765389373463|73220&4&1250.6944875218655|73240&4&4564.10009890712|73243&4&901.8160945763443|73256&4&1342.9733261757474|73257&4&1.1552947407055087|73278&4&1781.3882119843001|73280&4&1755.624182697072|73282&4&3120.4864359499597|73286&4&0.0|73287&4&376.4389555361086,2|73200&4&658.649970214997|73214&4&316.06591727913934|73244&4&941.3578374210915|73249&4&329.1234491081095|73257&4&2998.6409430050558|73260&4&1930.01700804507|73266&4&1478.603912461399|73268&4&169.10115141797883|73283&4&2260.151754103602|73285&4&1628.6492015727754|73307&4&138.50859765863177,2|73208&4&2279.166629867504|73210&4&741.005938781293|73215&4&414.8584744195449|73224&4&358.6879923954954|73237&4&79.35738615899442|73238&4&1455.1681925783264|73251&4&423.76765559456146|73253&4&1245.1198172440816|73258&4&1692.858370286445|73270&4&152.76348270250298|73277&4&81.45549689930554,2|73189&4&2535.565992440329|73193&4&341.9991990988845|73194&4&725.0233859760904|73195&4&1235.3613988326786|73204&4&1644.716632255503|73218&4&294.2701808641511|73221&4&320.71451878099884|73222&4&750.7243505964578|73228&4&3543.924806777184|73230&4&1241.4302644460154|73234&4&2.5096630173413623|73236&4&1141.1680696877436|73237&4&1969.604216038326|73246&4&1379.3222855745298|73252&4&89.58213305656241|73253&4&2774.1988543214484|73255&4&3700.5317312836164|73262&4&1897.4946551510916|73264&4&97.85908896278417|73285&4&7.993605777301127E-15,2|73193&4&835.084955264896|73195&4&1222.052199225591|73201&4&1260.8775750417549|73203&4&162.1553094121316|73206&4&951.0778066141883|73209&4&5473.330073475229|73214&4&548.9869505086929|73223&4&2133.9382477394847|73226&4&823.5260168326239|73232&4&2144.2787201735855|73235&4&1685.2079545773022|73238&4&556.995651447391|73241&4&265.82958859020584|73252&4&1969.0249218834372|73262&4&145.83396293701952|73271&4&1415.361358213153,2|73200&4&14.307333884958494|73201&4&583.5052811374794|73207&4&1830.7278776415728|73208&4&-2.8421709430404007E-14|73226&4&59.52790926242599|73238&4&448.0177998252192|73254&4&2283.399181202045|73259&4&32.74396669148065|73260&4&188.4763330869562|73261&4&847.3751029060745|73262&4&2459.915960671472|73286&4&0.0|73287&4&127.89170887725939|73306&4&587.3340193829235
290|4,130,1,1,1,1,1,1,1,1,1,1,1,1,1,1,1,1,1,1,1,1,1,1,1,1,1,1,1,1,1,1,1,1,1,1,1,1,1,1,1,1,1,1,1,1,1,1,1,1,1,1,1,1,1,1,1,1,1,1,1,1,1,1,1,1,1,1,1,1,1,1,1,1,1,1,1,1,1,1,1,1,1,1,1,1,1,1,1,1,1,1,1,1,1,1,1,1,1,1,1,1,0,0,0,0,0,0,0,0,0,0,0,0,0,0,0,0,0,0,0,0,2|73199&4&1002.2516741100636|73207&4&1449.8609342136288|73224&4&656.9269827856682|73227&4&1.7818144349556093|73229&4&403.9356004089163|73233&4&1981.8415614547162|73238&4&141.6603633616299|73242&4&2781.0391082691813|73244&4&1451.6100121803279|73263&4&5277.436632581661|73269&4&268.22987476212296|73273&4&1610.369690464126|73275&4&2135.6931132218933|73276&4&1058.9751866375893|73278&4&1752.06648665484|73280&4&20.87219025099821|73288&4&2835.7020632974363|73300&4&197.18788900112483,2|73191&4&1159.5848800492258|73196&4&2037.1588480470637|73197&4&1.1953942583285424|73199&4&667.8555089955468|73202&4&132.67948875949986|73204&4&352.24957179585385|73205&4&131.31148886086478|73221&4&2532.526370358478|73225&4&237.45068575424648|73231&4&460.8000827521515|73232&4&-6.394884621840902E-14|73236&4&454.57705920099386|73237&4&1146.9427450612236|73239&4&2256.87369984697|73248&4&1257.4160665587044|73258&4&826.3396879405309|73266&4&193.8385146451402|73267&4&817.4970279631682|73268&4&3868.7566022868505|73270&4&4078.1122782051543|73274&4&158.37046039339006|73279&4&472.3235567997078,2|73190&4&1242.1467205092881|73206&4&813.7778927383459|73210&4&488.9294637636633|73211&4&4279.4206808943145|73212&4&1607.6485995887151|73217&4&2055.144544552617|73222&4&2530.9969979529515|73242&4&255.90993855632595|73250&4&565.5067079575389|73264&4&778.7663067912129|73269&4&541.9784509599756,2|73192&4&1383.5029067236655|73196&4&1568.42102657514|73201&4&3.552713678800501E-14|73208&4&1333.096472686316|73214&4&213.29972145342347|73221&4&1277.9851329922737|73222&4&1283.4963723461217|73229&4&50.23810706844054|73231&4&2587.5335710263203|73245&4&4047.678513859403|73247&4&326.55910910814043|73249&4&856.9076630234283|73256&4&1108.8059363056186|73278&4&627.8086752105334|73282&4&1573.6098138873047,2|73193&4&337.3592363344642|73194&4&87.10544937619217|73200&4&1239.8286460278403|73201&4&312.9957215480497|73213&4&3186.459054611576|73215&4&994.3141200218099|73218&4&1907.6986850228986|73219&4&218.97639012242155|73220&4&1155.666705620429|73240&4&4150.853095283155|73243&4&1284.6300859585297|73256&4&1191.4854465601231|73257&4&-8.43769498715119E-15|73278&4&1583.351761730812|73280&4&1601.8618497995767|73282&4&2836.782314094161|73287&4&352.59470389567196,2|73200&4&593.486467527925|73214&4&244.59676068485552|73244&4&788.7060795802556|73249&4&277.78544188571186|73257&4&3056.2578373366086|73260&4&1800.5847353245977|73266&4&1584.3506651632529|73268&4&101.51533047492178|73283&4&2116.7169753500602|73285&4&1551.4060050799865|73307&4&123.15361213459215,2|73208&4&1997.5488595164345|73210&4&638.4930690678588|73215&4&298.14771118218357|73224&4&302.52139085308835|73237&4&37.79782454935567|73238&4&1438.348889941958|73251&4&681.5332855236837|73253&4&1174.8331417087657|73258&4&1693.7835586067451|73270&4&86.11931407433843|73277&4&77.38272205434026,2|73189&4&2682.9587214787057|73193&4&292.8011178448489|73194&4&642.4685004975237|73195&4&1085.4976271330227|73204&4&2163.447761171159|73218&4&226.2169970427584|73221&4&196.59231868977602|73222&4&622.2277293539005|73228&4&3400.409441347014|73230&4&1223.211666792813|73234&4&25.77512198992474|73236&4&1308.271185310649|73237&4&2073.0880639129136|73246&4&1302.9217719332196|73252&4&45.468218191547656|73253&4&2489.896453132046|73255&4&3369.1093495480254|73262&4&3118.120207152934|73264&4&81.54924080232014|73269&4&190.11448005570549,2|73193&4&1034.195086352015|73195&4&1156.4249867199449|73201&4&1189.6121724088598|73203&4&146.40986153825622|73206&4&954.3109711665936|73209&4&4970.680831969064|73214&4&996.033551393782|73223&4&2079.5383168201665|73226&4&760.625085179954|73232&4&2391.770758868238|73235&4&1983.3956065822144|73238&4&501.61983033727716|73241&4&225.83379440317043|73252&4&2331.4399003009|73262&4&44.662698926190636|73271&4&1690.5701385228995,2|73200&4&-8.171241461241152E-14|73201&4&473.26698170570376|73207&4&1625.2404850236906|73226&4&52.70557854633118|73238&4&387.68224689293265|73254&4&2525.8810637061633|73259&4&30.817851003746494|73260&4&155.28269317002156|73261&4&745.6579851194537|73262&4&2230.610950211125|73287&4&121.49712343339642|73306&4&652.948578228697
291|4,130,1,1,1,1,1,1,1,1,1,1,1,1,1,1,1,1,1,1,1,1,1,1,1,1,1,1,1,1,1,1,1,1,1,1,1,1,1,1,1,1,1,1,1,1,1,1,1,1,1,1,1,1,1,1,1,1,1,1,1,1,1,1,1,1,1,1,1,1,1,1,1,1,1,1,1,1,1,1,1,1,1,1,1,1,1,1,1,1,1,1,1,1,1,1,1,1,1,1,1,1,0,0,0,0,0,0,0,0,0,0,0,0,0,0,0,0,0,0,0,0,2|73199&4&1290.5897584912182|73207&4&1367.8245780077941|73224&4&616.0060058080743|73227&4&1.677001821134691|73229&4&383.0104290252703|73233&4&2137.220638538599|73238&4&102.89377260455967|73242&4&2833.3513422251026|73244&4&1683.5712378939818|73263&4&5304.872631110084|73269&4&207.07267592461838|73273&4&1471.4450397236308|73275&4&2110.5704321005505|73276&4&1146.8049053891486|73278&4&1651.3002724113417|73280&4&7.472766572862427|73288&4&3241.4656751924795|73300&4&170.44950415020656,2|73191&4&1032.0523106276687|73196&4&1812.1495381821778|73197&4&23.565891685822614|73199&4&565.632300712021|73202&4&183.52424268348784|73204&4&262.58055567992756|73205&4&120.4673199465058|73221&4&2281.2945146269985|73225&4&0.0|73231&4&374.7659871789582|73236&4&368.616683993749|73237&4&974.9668198280798|73239&4&2099.045306394335|73248&4&1147.435360051591|73258&4&686.6229622751024|73266&4&124.87035861893355|73267&4&721.598862724228|73268&4&3865.5044410579085|73270&4&4077.1245568270856|73274&4&148.57009578306068|73279&4&409.27820797381935,2|73190&4&1143.1215871905779|73206&4&730.6135258928143|73210&4&601.2468562618085|73211&4&4748.853747432219|73212&4&1593.1509602824385|73217&4&2300.0362700537203|73222&4&2353.8818958001293|73242&4&191.46882857929984|73250&4&491.8247456098409|73264&4&704.613351108701|73269&4&494.8678646742907,2|73192&4&1303.20469094887|73196&4&1481.867788165445|73208&4&1549.8939448373187|73214&4&192.4922156189314|73221&4&2625.310064614246|73222&4&1407.336844356013|73229&4&47.44710112019384|73231&4&2428.6707579906133|73245&4&4458.404755393024|73247&4&303.4476090018737|73249&4&789.2930358118176|73256&4&1139.1729152142148|73278&4&587.1050576890435|73282&4&1798.412291808283,2|73193&4&306.78456394389383|73194&4&80.4924611244911|73200&4&1243.9956081876985|73201&4&290.2925517356763|73213&4&2931.950956738824|73215&4&1817.1530781079898|73218&4&1812.3972610419046|73219&4&200.30512635110844|73220&4&1062.6181460489536|73240&4&3737.6060916591896|73243&4&1360.1911266158843|73256&4&1057.2724525580772|73278&4&1385.315311477324|73280&4&1448.099516902082|73282&4&2556.9983346070494|73287&4&328.75045225523525,2|73200&4&528.322964840853|73214&4&192.95081359904236|73244&4&653.9796300512472|73249&4&240.69006668446605|73257&4&3185.8543293381063|73260&4&1671.152462604125|73266&4&1949.519283493124|73268&4&38.1901400681892|73273&4&79.00995239149529|73283&4&1987.404964482222|73285&4&1429.353900125111|73307&4&107.79862661055253,2|73208&4&1741.4274496042815|73210&4&535.9801993544244|73215&4&190.66552683632386|73224&4&246.35478931068127|73237&4&-1.7053025658242404E-13|73238&4&2058.0113756484243|73251&4&614.0318808182058|73253&4&1248.0623424309356|73258&4&1853.5914649061424|73270&4&35.62127677243808|73277&4&320.13788354602156,2|73189&4&2914.3402764239886|73193&4&259.90239826327445|73194&4&559.9136150189572|73195&4&938.9061600322742|73204&4&2319.445478426577|73218&4&168.43137466670075|73221&4&118.46004237706711|73222&4&493.73110811134336|73228&4&3356.400891269628|73230&4&1716.8846309226558|73234&4&24.40914548989492|73236&4&1279.5468269177388|73237&4&3075.4662458612793|73240&4&953.1125462979405|73246&4&1412.9338300261031|73252&4&12.887837415639831|73253&4&2215.7423105526086|73255&4&3176.6428085741027|73262&4&4208.950141962845|73264&4&65.23939264185611|73269&4&267.5955565463071,2|73193&4&1180.0648519905867|73195&4&1342.8167289586772|73201&4&1118.3467697759647|73203&4&0.0|73206&4&898.9109564864353|73209&4&4947.2132686806435|73214&4&1433.1562891082726|73223&4&1897.2845142098804|73226&4&700.6159402842648|73232&4&2270.3750874845246|73235&4&1803.543823067881|73238&4&446.2440092271632|73241&4&185.83800021613504|73252&4&2496.9944231545137|73262&4&-1.5631940186722204E-13|73271&4&1578.530685934264,2|73201&4&528.2204529482003|73207&4&1419.7530924058083|73226&4&45.88324783023638|73238&4&327.3466939606461|73254&4&2588.410483409409|73259&4&28.891735316012337|73260&4&122.08905325308687|73261&4&958.219994686065|73262&4&2001.305939750778|73287&4&115.10253798953346|73306&4&617.3668212099309
292|4,130,1,1,1,1,1,1,1,1,1,1,1,1,1,1,1,1,1,1,1,1,1,1,1,1,1,1,1,1,1,1,1,1,1,1,1,1,1,1,1,1,1,1,1,1,1,1,1,1,1,1,1,1,1,1,1,1,1,1,1,1,1,1,1,1,1,1,1,1,1,1,1,1,1,1,1,1,1,1,1,1,1,1,1,1,1,1,1,1,1,1,1,1,1,1,1,1,1,1,1,1,0,0,0,0,0,0,0,0,0,0,0,0,0,0,0,0,0,0,0,0,2|73199&4&1592.9463575322593|73207&4&1820.074617107918|73224&4&575.0850288304804|73227&4&44.8697636935069|73229&4&362.08525764162437|73233&4&1899.9677594216002|73238&4&64.12718184748942|73242&4&2663.0424479996823|73244&4&1907.0194952069432|73263&4&5885.643923386717|73269&4&154.55757822383316|73273&4&1341.3130419398067|73275&4&1906.3835692594214|73276&4&1439.0762477013586|73278&4&1550.5340581678429|73280&4&-1.2434497875801753E-14|73288&4&3726.7527896908396|73300&4&143.71111929928833,2|73191&4&1247.3336637830425|73196&4&1588.928260540209|73197&4&22.377635482712076|73199&4&474.256374244607|73202&4&0.0|73204&4&182.36185426081855|73205&4&268.0957012675463|73221&4&2030.0626588955188|73231&4&302.67288112734286|73233&4&753.9737834369616|73236&4&282.65630878650427|73237&4&802.990894594936|73239&4&1889.8383053531509|73248&4&1146.8222625921055|73258&4&558.8393537372663|73266&4&71.04861043148003|73267&4&625.7006974852877|73268&4&4211.111444140536|73270&4&4753.9259108415645|73274&4&138.7697311727313|73279&4&375.1750681085414,2|73190&4&1044.0964538718674|73206&4&647.4491590472826|73210&4&770.5617437905377|73211&4&4349.169901370954|73212&4&1461.5669013815586|73217&4&2632.9578247775908|73222&4&2176.7667936473076|73242&4&147.3617224067589|73250&4&418.14278326214287|73264&4&630.4603954261892|73269&4&447.75727838860564,2|73192&4&1222.9064751740743|73196&4&1395.3145497557496|73208&4&2053.109141177012|73214&4&171.68470978443935|73221&4&3473.8173108039755|73222&4&1674.364503530811|73229&4&44.65609517194714|73231&4&2269.8079449549064|73245&4&4659.377746986256|73247&4&0.0|73249&4&721.6784086002066|73256&4&1113.9297398146355|73278&4&546.4014401675538|73282&4&1698.4164206130768,2|73193&4&276.2098915533235|73194&4&73.87947287279005|73200&4&1155.9606193634586|73201&4&267.5893819233029|73213&4&2686.8018965957535|73215&4&1828.2724403883801|73218&4&2032.62766454557|73219&4&181.63386257979536|73220&4&969.5695864774781|73240&4&3361.297368033848|73243&4&1531.2053394543536|73256&4&928.8289811738183|73278&4&1187.2788612238355|73280&4&1477.1142357479193|73282&4&2277.214355119939|73287&4&304.90620061479854,2|73200&4&465.780051035767|73214&4&145.0104682253544|73244&4&545.3379364750197|73249&4&203.59469148322017|73257&4&3113.0738686428867|73260&4&1541.720189883653|73266&4&2185.630991080287|73268&4&1.7053025658242404E-13|73273&4&75.05945477192053|73283&4&2257.0973851999893|73285&4&1416.277348994678|73307&4&92.4436410865129,2|73208&4&1506.0209257171657|73210&4&434.1401778128751|73215&4&114.38692065954817|73224&4&397.2402921242877|73238&4&2429.954623300967|73251&4&0.0|73253&4&1289.9714819401684|73258&4&2099.117031564965|73270&4&-4.263256414560601E-14|73277&4&386.3984785329762,2|73189&4&2666.953766597539|73193&4&228.93324807630782|73194&4&477.35872954039064|73195&4&801.2363626503319|73204&4&2149.214849120748|73218&4&110.64575229064316|73221&4&75.51076545647356|73222&4&377.1797606180454|73228&4&3650.2758117203393|73230&4&1579.5754208796914|73234&4&23.0431689898651|73236&4&1676.0507451745561|73237&4&2985.294524572555|73240&4&1050.1586660276398|73246&4&1365.7937555505214|73252&4&8.171241461241152E-14|73253&4&1953.920681238531|73255&4&2953.509116095767|73262&4&4077.438227501491|73264&4&48.929544481392085|73269&4&715.239772440114,2|73193&4&1205.631451804456|73195&4&1438.6539135450685|73201&4&1047.0813671430697|73203&4&296.5128061699021|73206&4&1210.7770121997744|73209&4&4978.88923386116|73214&4&1625.8355094653493|73223&4&1715.030711599595|73226&4&644.3845323909896|73232&4&2072.9366972966645|73235&4&1637.0832427850921|73238&4&390.8681881170493|73241&4&145.84220602909966|73252&4&2654.927010725975|73271&4&1466.4912333456284,2|73201&4&954.8060991833554|73207&4&1214.2656997879262|73226&4&39.060917114141574|73230&4&25.83525494904393|73238&4&267.0111410283596|73250&4&428.6674053524873|73254&4&2372.5210892986424|73259&4&26.96561962827818|73260&4&88.89541333615219|73261&4&844.019842240184|73262&4&1772.0009292904306|73287&4&119.46880431640186|73306&4&609.0660035816941
293|4,130,1,1,1,1,1,1,1,1,1,1,1,1,1,1,1,1,1,1,1,1,1,1,1,1,1,1,1,1,1,1,1,1,1,1,1,1,1,1,1,1,1,1,1,1,1,1,1,1,1,1,1,1,1,1,1,1,1,1,1,1,1,1,1,1,1,1,1,1,1,1,1,1,1,1,1,1,1,1,1,1,1,1,1,1,1,1,1,1,1,1,1,1,1,1,1,1,1,1,1,1,0,0,0,0,0,0,0,0,0,0,0,0,0,0,0,0,0,0,0,0,2|73199&4&1562.571836616839|73207&4&2212.456926280755|73224&4&534.1640518528864|73227&4&0.0|73229&4&341.1600862579784|73233&4&1690.967484151308|73238&4&25.36059109041919|73242&4&2492.7335537742633|73244&4&1989.5761250214543|73263&4&6238.327301765055|73269&4&123.48837576729966|73273&4&1211.1810441559821|73275&4&2098.603708332967|73276&4&2250.868356525373|73278&4&1449.7678439243446|73288&4&3736.844166233912|73300&4&217.60247707652002,2|73191&4&1578.1498313818274|73196&4&1365.7069828982403|73197&4&21.18937927960154|73199&4&396.0800374423536|73202&4&146.4740905546575|73204&4&102.14315284170942|73205&4&772.371883224487|73221&4&1778.8308031640395|73225&4&48.09503066619132|73231&4&230.57977507572753|73233&4&1349.428074629027|73236&4&196.69593357925964|73237&4&631.0149693617918|73239&4&1835.5982192997255|73248&4&1215.637074433313|73258&4&458.3169667329228|73266&4&24.441749603000947|73267&4&529.8025322463475|73268&4&4506.077334881916|73270&4&4311.206348113279|73274&4&175.64429971877092|73279&4&310.6826088346224,2|73190&4&947.8032253724703|73206&4&575.9604203428155|73210&4&814.0184011212136|73211&4&3957.178724704632|73212&4&1335.2545562956414|73217&4&2405.171750646765|73222&4&1999.6516914944857|73242&4&103.25461623421809|73250&4&355.50443055346|73264&4&556.3074397436774|73269&4&400.6466921029207,2|73192&4&1143.9018839759021|73196&4&1565.0547742638846|73208&4&2496.262423553618|73214&4&150.87720394994727|73221&4&3284.2183633025725|73222&4&2115.7753160296134|73229&4&41.865089223700444|73231&4&2617.096325528617|73245&4&4259.175232399184|73247&4&349.98629059256405|73249&4&654.0637813885959|73256&4&1099.5058157747035|73278&4&505.69782264606397|73282&4&2284.9562926769904,2|73193&4&245.63521916275312|73194&4&67.26648462108898|73200&4&1067.9256305392187|73201&4&244.88621211092948|73213&4&2956.4030786876046|73215&4&2492.2288619998917|73218&4&2250.8616979045537|73219&4&162.96259880848228|73220&4&876.5210269060026|73240&4&3011.9160660227008|73243&4&1505.0351838602664|73256&4&800.3855097895594|73278&4&989.2424109703476|73280&4&1548.2233932445415|73282&4&1997.430375632828|73287&4&283.01650537099647,2|73189&4&362.4929575882792|73200&4&403.2371372306809|73214&4&111.79534776855876|73244&4&458.5520629209373|73249&4&166.4993162819743|73257&4&3070.3285584395226|73260&4&1412.2879171631803|73266&4&2526.0852683967014|73270&4&875.1753358915471|73273&4&71.10895715234577|73283&4&2218.712024363759|73285&4&1298.5243309079922|73307&4&77.08865556247326,2|73208&4&1295.730650811424|73210&4&347.3003643768385|73215&4&38.10831448277253|73224&4&339.758696786184|73238&4&2973.173405764749|73245&4&969.2697007148518|73253&4&1319.3020001527175|73258&4&2152.8528752838283|73277&4&561.0613346692342|73279&4&184.18051302776632|73285&4&262.91030000485136,2|73189&4&2419.567256771089|73193&4&199.770909390688|73194&4&394.80384406182407|73195&4&681.0103015445833|73204&4&2603.502609648116|73218&4&60.10064174365101|73221&4&49.58387081029254|73222&4&267.77317321655073|73228&4&3699.4137232176736|73230&4&1444.7079624765263|73234&4&21.677192489835285|73236&4&2148.3001040680942|73237&4&2917.208040953382|73240&4&1621.495412578287|73246&4&1276.3414768471207|73253&4&1692.0990519244529|73255&4&2771.2906722814937|73262&4&3836.575696378734|73264&4&32.61969632092806|73269&4&1039.8781159305272,2|73193&4&1133.6989822993417|73195&4&1844.1645548263589|73201&4&975.8159645101746|73203&4&281.687165861407|73206&4&1137.0136939999413|73209&4&5936.939929122069|73214&4&1761.9291589396732|73223&4&1532.776908989309|73226&4&655.189708635558|73232&4&1875.498307108805|73235&4&1470.6226625023028|73238&4&335.49236700693547|73241&4&578.014173947986|73252&4&2563.69625883521|73271&4&1354.4517807569925,2|73201&4&1132.859560178131|73207&4&1034.3257779744386|73226&4&32.23858639804676|73230&4&91.93968224418751|73238&4&206.67558809607306|73250&4&407.23403508486297|73254&4&2156.631695187876|73259&4&25.039503940544023|73260&4&55.70177341921752|73261&4&967.0699998243564|73262&4&1542.6959188300832|73287&4&112.53617628400232|73306&4&572.1201995934016
294|4,130,1,1,1,1,1,1,1,1,1,1,1,1,1,1,1,1,1,1,1,1,1,1,1,1,1,1,1,1,1,1,1,1,1,1,1,1,1,1,1,1,1,1,1,1,1,1,1,1,1,1,1,1,1,1,1,1,1,1,1,1,1,1,1,1,1,1,1,1,1,1,1,1,1,1,1,1,1,1,1,1,1,1,1,1,1,1,1,1,1,1,1,1,1,1,1,1,1,1,1,1,0,0,0,0,0,0,0,0,0,0,0,0,0,0,0,0,0,0,0,0,2|73199&4&1676.2702147468217|73207&4&2768.128888244106|73224&4&493.2430748752925|73229&4&320.23491487433245|73233&4&1508.2198982654434|73238&4&-1.0658141036401503E-13|73242&4&2322.424659548844|73244&4&1878.786639373816|73263&4&6103.050595417883|73269&4&107.02193373739104|73273&4&1084.5069021991258|73275&4&2763.13721202773|73276&4&2665.0358464235787|73278&4&1349.0016296808458|73288&4&3451.7373560616224|73300&4&186.2601649447413,2|73191&4&1756.4948568469324|73196&4&1146.4962836074214|73197&4&43.671974754837024|73199&4&328.36182868442035|73202&4&139.15038602692462|73204&4&42.9428402392669|73205&4&749.7447716686831|73221&4&1527.5989474325597|73225&4&45.690279132881756|73231&4&178.17903511627995|73233&4&1544.6649374144672|73236&4&133.77455736476352|73237&4&466.4168913399271|73239&4&1683.8730756360999|73248&4&0.0|73258&4&357.79457972857966|73266&4&-1.4921397450962104E-13|73267&4&433.9043670074072|73268&4&4756.320523821933|73270&4&3892.4196076169446|73274&4&163.5101884506231|73279&4&246.19014956070333,2|73190&4&851.5099968730729|73206&4&504.4716816383483|73210&4&757.418991157164|73211&4&4371.452646012152|73212&4&1208.9422112097243|73217&4&2278.0733021498663|73222&4&1822.5365893416638|73242&4&59.14751006167728|73250&4&292.86607784477707|73264&4&482.1544840611655|73269&4&353.5361058172358,2|73192&4&1064.8972927777297|73196&4&1793.1449894849509|73208&4&3010.460021003133|73214&4&130.0696981154552|73221&4&3601.6751361656525|73222&4&2078.067901449209|73229&4&39.074083275453745|73231&4&2914.2573304561915|73245&4&3886.58981145044|73247&4&332.48697606293587|73249&4&586.4491541769851|73256&4&1304.7300474348463|73278&4&464.99420512457414|73282&4&2607.3201061483987,2|73193&4&215.06054677218276|73194&4&60.65349636938791|73200&4&979.8906417149788|73201&4&222.18304229855607|73213&4&2697.297605541074|73215&4&2724.444590060157|73218&4&2325.441796240494|73219&4&144.29133503716918|73220&4&783.472467334527|73240&4&2680.387160831162|73243&4&1520.7581948486254|73256&4&671.9420384053005|73278&4&1431.6051025388542|73280&4&1428.8043043656226|73282&4&1746.878667584158|73287&4&261.1268101271944,2|73189&4&1159.7791524700613|73200&4&340.6942234255948|73214&4&91.38346354868855|73244&4&371.766189366855|73249&4&129.4039410807284|73257&4&2829.621124091047|73260&4&1814.124804513616|73266&4&2766.7320852705097|73270&4&1648.762952720444|73273&4&67.158459532771|73283&4&2105.7910479235406|73285&4&1181.5453287051985|73307&4&61.733670038433644,2|73208&4&1090.7224907087068|73210&4&275.5136293591896|73215&4&3.694822225952521E-13|73216&4&300.47125420893985|73224&4&282.2771014480802|73238&4&2983.137478445349|73245&4&1501.1158380804027|73253&4&1437.0729841741393|73258&4&2046.2754481945701|73277&4&0.0|73279&4&174.971487376378|73285&4&276.7682263674077,2|73189&4&2192.9525414481586|73193&4&170.60857070506816|73194&4&312.2489585832575|73195&4&578.8004527458506|73204&4&2980.138025071319|73218&4&38.246674797445536|73221&4&23.656976164111512|73222&4&170.11369410090393|73228&4&3372.3527236472064|73230&4&1309.8405040733614|73234&4&0.0|73236&4&2706.1298503182|73237&4&2718.2626036539773|73240&4&2264.1658921475546|73246&4&1288.5730170737634|73253&4&1430.277422610375|73255&4&3108.6441504574186|73262&4&3595.7131652559774|73264&4&16.309848160464025|73269&4&984.8696693313129,2|73193&4&1061.7665127942275|73195&4&1732.61102390375|73201&4&904.5505618772795|73203&4&266.86152555291187|73206&4&1063.2503758001085|73209&4&5968.158344756555|73214&4&1657.2370513091116|73223&4&1440.090437591939|73226&4&600.3087111223088|73232&4&2112.683098486063|73235&4&1304.4864430771697|73238&4&280.11654589682155|73241&4&889.0588383256592|73252&4&2865.78724430093|73271&4&1242.412328168357,2|73201&4&1368.4559174315336|73207&4&888.5826072303414|73226&4&25.41625568195196|73230&4&424.15630314779366|73238&4&146.3400351637865|73250&4&385.8006648172386|73254&4&2518.801025276407|73259&4&23.113388252809866|73260&4&22.50813350228283|73261&4&854.9842602638236|73262&4&1313.3909083697363|73287&4&105.60354825160279|73306&4&535.1743956051091
295|4,130,1,1,1,1,1,1,1,1,1,1,1,1,1,1,1,1,1,1,1,1,1,1,1,1,1,1,1,1,1,1,1,1,1,1,1,1,1,1,1,1,1,1,1,1,1,1,1,1,1,1,1,1,1,1,1,1,1,1,1,1,1,1,1,1,1,1,1,1,1,1,1,1,1,1,1,1,1,1,1,1,1,1,1,1,1,1,1,1,1,1,1,1,1,1,1,1,1,1,1,1,0,0,0,0,0,0,0,0,0,0,0,0,0,0,0,0,0,0,0,0,2|73199&4&2035.522119850321|73207&4&2999.770873796071|73224&4&452.32209789769854|73227&4&99.6162337465479|73229&4&320.14565876512313|73233&4&1339.5053424580606|73242&4&2792.4195961844703|73244&4&1762.6135875254295|73263&4&6247.697318684667|73269&4&90.5554917074824|73273&4&957.8327602422692|73275&4&3067.4671590560315|73276&4&2510.2800303012514|73278&4&1248.2354154373475|73288&4&3169.336909450462|73300&4&154.91785281296254,2|73191&4&1933.7498505010512|73196&4&957.9488226586714|73197&4&41.30017596780919|73199&4&260.6436199264871|73202&4&131.82668149919175|73204&4&13.749014720342686|73205&4&703.7101321339268|73221&4&1276.3670917010804|73225&4&198.02213074016993|73231&4&142.87712229080086|73233&4&1640.355424754186|73236&4&100.80019216320466|73237&4&319.34057179426503|73239&4&1812.725740183178|73248&4&269.82804034945775|73258&4&257.27219272423645|73267&4&338.00620176846695|73268&4&5105.789433038355|73269&4&10.593726938398731|73270&4&3509.5422389629944|73274&4&151.37607718247529|73279&4&181.69769028678434,2|73190&4&1147.3282680005514|73206&4&432.9829429338812|73210&4&0.0|73211&4&3992.0930328895074|73212&4&1082.6298661238072|73217&4&2418.3776190329027|73222&4&1645.421487188842|73242&4&15.040403889136464|73250&4&244.58106457566458|73264&4&862.0179815177405|73269&4&306.4255195315508,2|73192&4&985.8927015795575|73196&4&2210.977729930462|73208&4&3322.467422169292|73214&4&109.2621922809631|73221&4&4174.095280073789|73222&4&2493.498455095452|73229&4&36.283077327207046|73231&4&2955.5206769278643|73245&4&3532.907967110288|73247&4&314.9876615333077|73249&4&518.8345269653743|73256&4&1218.0180366559025|73265&4&283.40639209810627|73278&4&424.2905876030843|73282&4&2450.163124198759,2|73193&4&184.4858743816124|73194&4&54.04050811768684|73200&4&891.855652890739|73201&4&199.47987248618267|73213&4&2438.192132394544|73215&4&2822.866255082944|73218&4&2526.1567475160223|73219&4&125.62007126585611|73220&4&690.4239077630516|73240&4&2390.9380993172863|73243&4&1409.4348919143454|73256&4&543.4985670210416|73278&4&1535.8105128486345|73280&4&1705.0048220700257|73282&4&1522.933032359387|73287&4&239.23711488339234|73300&4&144.6829816276986,2|73189&4&1312.0240888100154|73200&4&278.15130962050875|73210&4&0.0|73214&4&73.10677083895087|73244&4&284.9803158127726|73249&4&92.30856587948252|73257&4&2542.3368399656065|73260&4&1928.3493311778598|73266&4&3113.407391431171|73270&4&1564.1368667446927|73273&4&63.20796191319624|73283&4&2148.1239099199884|73285&4&1069.1471229025067|73307&4&46.37868451439402,2|73208&4&918.3706404572453|73210&4&0.0|73216&4&648.2065977161005|73224&4&224.79550610997646|73238&4&2785.401441178704|73245&4&1423.6368719245957|73251&4&267.01605437761776|73253&4&2216.8511036260784|73256&4&503.05566097222163|73258&4&2825.664361352574|73277&4&8.625710794599115|73279&4&561.7956558892135|73282&4&152.58472091733756|73285&4&262.27253929902514,2|73189&4&1990.4711772658702|73193&4&141.44623201944833|73194&4&229.69407310469097|73195&4&479.9047019471356|73204&4&2800.954320227781|73218&4&16.902559241948094|73221&4&1.6342482922482304E-13|73222&4&97.55271401186809|73228&4&3506.3845999313253|73230&4&1189.243413559764|73236&4&2520.96740701654|73237&4&2519.317166354573|73240&4&2382.171450718868|73246&4&1181.602783135277|73253&4&1168.455793296297|73255&4&3531.4731256832756|73262&4&3354.850634133221|73264&4&-7.105427357601002E-15|73269&4&929.8612227320987,2|73193&4&989.8340432891133|73195&4&1621.0574929811414|73201&4&833.2851592443843|73203&4&252.03588524441676|73206&4&989.4870576002752|73209&4&5587.980073831647|73214&4&1552.5449436785498|73223&4&1445.103888500821|73226&4&689.7015700792078|73232&4&2365.1096773042973|73235&4&1138.3502236520367|73238&4&224.7407247867077|73241&4&844.5158172215614|73252&4&2903.3413906914234|73271&4&1130.372875579721|73284&4&378.25676392455307,2|73201&4&1391.8089761102874|73207&4&772.5015637319227|73226&4&18.593924965857152|73230&4&402.65082124055226|73238&4&86.00448223149995|73250&4&490.71829403864393|73254&4&2631.505159536521|73257&4&44.97006903779925|73259&4&29.08220950300062|73260&4&10.453793874728047|73261&4&996.2642306614531|73262&4&1084.0858979093891|73286&4&239.1178934636498|73287&4&98.67092021920325|73306&4&498.22859161681663
296|4,130,1,1,1,1,1,1,1,1,1,1,1,1,1,1,1,1,1,1,1,1,1,1,1,1,1,1,1,1,1,1,1,1,1,1,1,1,1,1,1,1,1,1,1,1,1,1,1,1,1,1,1,1,1,1,1,1,1,1,1,1,1,1,1,1,1,1,1,1,1,1,1,1,1,1,1,1,1,1,1,1,1,1,1,1,1,1,1,1,1,1,1,1,1,1,1,1,1,1,1,1,0,0,0,0,0,0,0,0,0,0,0,0,0,0,0,0,0,0,0,0,2|73199&4&2301.509443164881|73207&4&2869.991438319231|73224&4&411.4011209201047|73227&4&0.0|73229&4&298.17869161775536|73233&4&1193.7177024420262|73242&4&2590.0955104159984|73244&4&2267.4628519516987|73263&4&6494.434704887299|73269&4&74.08904967757377|73273&4&831.1586182854127|73275&4&2908.5951717938287|73276&4&2355.524214178924|73278&4&1147.4692011938487|73288&4&2893.064119990065|73300&4&127.17265995749696,2|73191&4&1796.6328608155538|73196&4&792.0093188996791|73197&4&38.928377180781354|73199&4&200.06602924058285|73202&4&237.5018319125223|73204&4&1.5687549495837139|73205&4&657.6754925991704|73221&4&1025.1352359696007|73225&4&187.88054904983048|73231&4&116.95282196015029|73233&4&1789.1620853755917|73236&4&213.60015182637898|73237&4&202.78018668699758|73239&4&1991.763646405975|73248&4&462.4207842909459|73258&4&177.7302666096317|73267&4&411.4550284450853|73268&4&5449.11862974498|73269&4&10.064040591478795|73270&4&3130.213097155047|73274&4&316.5889410875111|73279&4&132.9224311988063,2|73190&4&1060.6562489725084|73206&4&361.49420422941404|73208&4&657.7556386547476|73211&4&3625.8417056707713|73212&4&956.3175210378901|73217&4&2676.322134980066|73222&4&1468.30638503602|73242&4&0.0|73250&4&213.76349521422122|73264&4&929.0884378406095|73269&4&259.31493324586586,2|73192&4&906.8881103813851|73196&4&2705.295537918492|73208&4&3123.859753411074|73214&4&88.45468644647103|73221&4&5074.541583524291|73222&4&2669.457284946616|73229&4&33.49207137896035|73231&4&2734.8087209259966|73245&4&3179.2261227701374|73247&4&297.4883470036795|73249&4&451.21989975376346|73256&4&1131.3060258769588|73265&4&365.659570720901|73278&4&383.58697008159453|73282&4&2293.006142249118,2|73193&4&153.91120199104205|73194&4&437.837339344636|73200&4&803.8206640664991|73201&4&176.77670267380927|73213&4&2422.3157890452403|73215&4&2654.0880136227643|73218&4&2314.0527320446986|73219&4&343.3292469251346|73220&4&597.375348191576|73235&4&160.57910270142196|73240&4&2118.11065924489|73243&4&1358.4951277361074|73256&4&431.02876830383184|73278&4&1818.1010063963324|73280&4&2074.503622835029|73282&4&1298.987397134616|73287&4&217.34741963959027|73300&4&193.59565515438334,2|73189&4&1499.034907524635|73200&4&215.6083958154227|73210&4&153.4997465243614|73214&4&54.83007812921317|73244&4&198.19444225869017|73249&4&55.21319067823663|73257&4&2255.052555840167|73260&4&2050.069688372641|73266&4&3042.7871601154957|73270&4&1479.510780768942|73273&4&59.25746429362148|73283&4&2498.908798926742|73285&4&960.1081835995876|73307&4&31.02369899035439,2|73208&4&772.1362141570255|73216&4&629.8821446909177|73224&4&720.9402497564338|73238&4&3265.7468916424723|73245&4&1566.2142588466013|73251&4&253.66525165873688|73253&4&2092.0530524257856|73256&4&902.117857943663|73258&4&3506.553469593199|73277&4&76.11244826915912|73279&4&609.2012078220805|73282&4&259.9010515286846|73285&4&247.77685223064265,2|73189&4&1788.3525829111502|73193&4&113.15698561555864|73194&4&147.1391876261244|73195&4&381.00895114842046|73204&4&2749.5590545788564|73218&4&8.451279620974102|73222&4&50.237541999010986|73228&4&3550.6679683701386|73230&4&1072.7339101016596|73234&4&92.71434587029101|73236&4&2335.8049637148797|73237&4&2921.519340657356|73240&4&2553.080040254794|73246&4&1074.63254919679|73253&4&933.1612536377346|73255&4&3401.7333744851085|73262&4&3232.137221276916|73269&4&874.8527761328844,2|73193&4&917.9015737839991|73195&4&1509.5039620585324|73201&4&762.0197566114892|73203&4&0.0|73206&4&915.7237394004424|73209&4&5915.432069223689|73214&4&1447.8528360479881|73223&4&1454.6606809988511|73226&4&636.4105927057792|73232&4&2155.9440245046394|73235&4&972.2140042269032|73238&4&169.36490367659383|73241&4&0.0|73252&4&2674.7578272607143|73271&4&1018.3334229910854|73284&4&0.0,2|73201&4&1386.70578463644|73207&4&658.8623835489254|73226&4&11.771594249762348|73230&4&381.14533933331086|73238&4&28.38984291596711|73250&4&462.9673737965681|73254&4&2730.781218625709|73257&4&827.1178594504311|73259&4&26.76134696837022|73260&4&0.0|73261&4&1324.3965949026042|73262&4&854.7808874490419|73286&4&703.7849977621522|73287&4&91.73829218680373|73306&4&461.2827876285242
297|4,130,1,1,1,1,1,1,1,1,1,1,1,1,1,1,1,1,1,1,1,1,1,1,1,1,1,1,1,1,1,1,1,1,1,1,1,1,1,1,1,1,1,1,1,1,1,1,1,1,1,1,1,1,1,1,1,1,1,1,1,1,1,1,1,1,1,1,1,1,1,1,1,1,1,1,1,1,1,1,1,1,1,1,1,1,1,1,1,1,1,1,1,1,1,1,1,1,1,1,1,1,0,0,0,0,0,0,0,0,0,0,0,0,0,0,0,0,0,0,0,0,2|73199&4&2374.5580047184294|73207&4&2678.789084080918|73224&4&370.4801439425107|73229&4&412.9347807984491|73233&4&1066.544363154604|73242&4&2387.771424647527|73244&4&2256.455300735569|73253&4&779.7140789631715|73263&4&6597.6245527757765|73269&4&57.62260764766515|73273&4&704.4844763285561|73275&4&2785.297712151204|73276&4&2377.8628139241964|73278&4&1046.7029869503504|73288&4&2988.377291929195|73300&4&103.92680697493411,2|73191&4&1661.216209470573|73196&4&650.9414873482077|73197&4&36.55657839375351|73199&4&155.58267118450394|73202&4&224.52818463773627|73204&4&-9.325873406851315E-15|73205&4&0.0|73221&4&824.7254962619198|73225&4&255.07009760116364|73231&4&96.90827291769105|73233&4&1842.166964988478|73236&4&181.33044346143686|73237&4&109.91776477067766|73239&4&2046.9375146084735|73248&4&798.460821140404|73258&4&125.22505106103007|73267&4&1236.0090631218964|73268&4&4975.9605883722015|73269&4&328.2978292379418|73270&4&2750.883955347099|73274&4&0.0|73279&4&84.14717211082821,2|73190&4&962.4465848921267|73206&4&290.0054655249468|73208&4&1190.8358595820255|73211&4&3259.590378452034|73212&4&1014.7945918184984|73217&4&2929.640967742679|73222&4&1291.1912828831983|73250&4&182.94592585277775|73264&4&1076.6891714066835|73269&4&212.20434696018086,2|73192&4&827.8835191832128|73196&4&3243.9833882124713|73208&4&2925.252084652856|73214&4&67.64718061197895|73221&4&5790.669333353768|73222&4&2642.1748519190096|73229&4&30.70106543071365|73231&4&2529.9253632462883|73245&4&2834.8633246236996|73247&4&279.9890324740513|73249&4&1044.0684993609495|73256&4&1044.594015098015|73265&4&487.4322021487484|73278&4&342.88335256010475|73282&4&2135.8491602994773,2|73193&4&123.33652960047169|73194&4&1220.0439835493448|73200&4&715.7856752422593|73201&4&154.07353286143587|73213&4&2558.879019094205|73215&4&2810.1218380103855|73218&4&2362.442099865426|73219&4&312.83896118229194|73220&4&504.32678862010044|73235&4&1206.450038946813|73240&4&1863.103305551424|73243&4&1244.1526478640253|73256&4&335.1639682477549|73278&4&2556.355447785264|73280&4&1896.721732342725|73282&4&1078.7386533937806|73287&4&195.4577243957882|73300&4&341.7122501348694,2|73189&4&1824.2008913109064|73200&4&153.06548201033664|73210&4&145.82475919814334|73214&4&36.553385419475475|73244&4&136.00007907735986|73249&4&18.117815476990735|73257&4&1987.2235390953153|73260&4&1866.0015897397993|73266&4&2833.1133525821183|73270&4&1679.6875780400114|73273&4&78.99449476022161|73283&4&2271.347687542172|73285&4&851.0692442966688|73307&4&15.668713466314767,2|73198&4&0.0|73208&4&655.061707654735|73216&4&595.9787839197832|73224&4&1154.9775066149793|73238&4&3943.955361298321|73241&4&485.03425261269183|73245&4&1704.2732063240237|73251&4&240.314448939856|73253&4&1947.7538286980057|73256&4&1528.0633001151896|73258&4&3730.139476048293|73277&4&72.28526157871467|73279&4&1159.5579063885891|73282&4&246.524537149957|73285&4&233.28116516226012,2|73189&4&1600.5283617300063|73193&4&84.86773921166895|73194&4&71.66320558342915|73195&4&294.9251248368219|73204&4&2597.1111747229147|73218&4&1.4210854715202004E-14|73222&4&21.237912522856128|73226&4&88.37798600226319|73228&4&4311.111400817812|73230&4&959.5264283723386|73234&4&88.07862857677647|73236&4&2150.6425204132192|73237&4&3243.9854794226785|73240&4&2840.7423747696903|73246&4&967.6623152583035|73253&4&712.9124193138261|73255&4&3104.8350659327784|73262&4&4112.0524154973045|73269&4&819.8443295336701,2|73193&4&845.9691042788847|73195&4&1397.9504311359237|73201&4&690.754353978594|73206&4&1199.4919525788464|73209&4&5658.538830994576|73214&4&1343.1607284174263|73223&4&1532.525516062351|73226&4&583.1196153323506|73232&4&1946.7783717049815|73235&4&824.9592230979199|73238&4&113.98908256647994|73252&4&2452.436971976891|73260&4&133.40905736800562|73271&4&906.2939704024496|73283&4&195.39429685063146,2|73201&4&1286.4182861517859|73207&4&545.2232033659282|73226&4&4.949263533667541|73230&4&359.6398574260694|73238&4&1.0658141036401503E-13|73250&4&435.21645355449226|73254&4&2831.362531343195|73257&4&1211.3782092240483|73259&4&24.440484433739815|73261&4&1381.4162033859197|73262&4&648.624033954477|73286&4&799.0201786884237|73287&4&100.43466230717512|73306&4&424.3369836402317
298|4,130,1,1,1,1,1,1,1,1,1,1,1,1,1,1,1,1,1,1,1,1,1,1,1,1,1,1,1,1,1,1,1,1,1,1,1,1,1,1,1,1,1,1,1,1,1,1,1,1,1,1,1,1,1,1,1,1,1,1,1,1,1,1,1,1,1,1,1,1,1,1,1,1,1,1,1,1,1,1,1,1,1,1,1,1,1,1,1,1,1,1,1,1,1,1,1,1,1,1,1,1,0,0,0,0,0,0,0,0,0,0,0,0,0,0,0,0,0,0,0,0,2|73199&4&2452.8654156664725|73207&4&2620.526154272388|73224&4&329.55916696491687|73229&4&0.0|73233&4&953.1396972047246|73242&4&2185.4473388790557|73244&4&2304.5096638922273|73253&4&1174.5572215101588|73263&4&6895.223424416048|73269&4&52.384188770604574|73273&4&588.0594653657893|73275&4&2554.086345489592|73276&4&2214.6748040976404|73278&4&945.9367727068517|73288&4&3224.8862078381853|73300&4&86.09648066214109,2|73191&4&1525.7995581255923|73196&4&526.179287006367|73197&4&34.184779606725684|73199&4&116.21181068682947|73202&4&212.71728987986967|73221&4&679.6209937441894|73225&4&241.06195939874056|73231&4&77.52661833415283|73233&4&1730.8258169993965|73236&4&363.4305143084256|73237&4&37.53547001130325|73239&4&1929.941221717472|73248&4&756.6734295167391|73258&4&91.22412660754148|73267&4&1441.8269949571916|73268&4&5795.527072852925|73269&4&380.6236840724414|73270&4&2401.9728221008863|73279&4&50.51224437412098,2|73190&4&864.2369208117448|73206&4&227.7497033833667|73208&4&1129.6496775062874|73211&4&3232.438731990845|73212&4&888.2241835697662|73217&4&2984.0699957661714|73222&4&1114.0761807303763|73250&4&152.12835649133427|73264&4&1320.615173605444|73269&4&165.0937606744959,2|73192&4&748.8789279850404|73195&4&398.8055369371849|73196&4&3649.567859947727|73208&4&2726.6444158946383|73214&4&46.83967477748687|73221&4&6423.054214810499|73222&4&2977.3474400279183|73229&4&0.0|73231&4&2430.9394132551397|73245&4&2499.0479555935776|73247&4&262.48971794442315|73249&4&1688.300981015247|73256&4&957.8820043190713|73265&4&673.1493819697528|73278&4&302.1797350386149|73282&4&1978.692178349837,2|73193&4&92.76185720990134|73194&4&0.0|73200&4&627.7506864180194|73201&4&131.37036304906243|73213&4&2288.707354040526|73215&4&3047.981886550544|73218&4&2210.2970463823767|73219&4&501.8382036907846|73220&4&818.3059793112095|73235&4&1734.5314817651197|73240&4&1615.983838510278|73243&4&1129.8101679919432|73256&4&268.73873202361364|73278&4&2816.2285844295084|73280&4&1718.939841850421|73282&4&867.0305217444248|73287&4&173.56802915198614|73300&4&445.4478095565464,2|73189&4&1765.8442354593537|73200&4&90.52256820525056|73210&4&138.14977187192528|73214&4&18.27669270973778|73244&4&73.80571589602938|73249&4&1.4210854715202004E-13|73257&4&1737.5770042685433|73260&4&1689.6039150549664|73266&4&2724.7372988655384|73270&4&1850.8508982750218|73273&4&270.5529967931983|73283&4&2056.80480516439|73285&4&742.0303049937497|73307&4&5.26213118731921,2|73198&4&214.63893805241202|73208&4&557.9606374831166|73216&4&562.0754231486486|73224&4&1159.3294908472833|73238&4&3666.8228205797036|73241&4&460.78253998205724|73245&4&2232.8702216055817|73251&4&226.9636462209751|73253&4&1803.4546049702267|73256&4&1874.8926745224849|73258&4&3607.3167854838575|73277&4&119.7467819653589|73279&4&1322.9780572581644|73282&4&284.3396899598946|73285&4&218.7854780938776,2|73189&4&1433.3034991255686|73193&4&56.578492807779256|73194&4&0.0|73195&4&225.56472725797644|73204&4&2765.5195313650747|73222&4&5.6843418860808015E-14|73226&4&93.61039680312138|73228&4&4500.698808230871|73230&4&846.3189466430174|73234&4&0.0|73236&4&1965.4800771115588|73237&4&4130.6156930100515|73240&4&3470.6372801624852|73246&4&860.6920813198167|73253&4&529.9855999804798|73255&4&2854.0901556255744|73262&4&4035.859924876799|73269&4&764.8358829344559,2|73193&4&774.0366347737704|73195&4&1286.396900213315|73201&4&619.488951345699|73205&4&51.52814814371294|73206&4&1327.9697052214347|73209&4&5157.448726693099|73214&4&1238.4686207868644|73223&4&1758.7967613230426|73226&4&529.828637958922|73232&4&1980.7848782995077|73235&4&715.5366598194942|73238&4&501.74044096080644|73248&4&200.85807494292163|73252&4&2230.1161166930674|73260&4&155.88689730920703|73271&4&794.2545178138139|73283&4&339.51060098585083,2|73201&4&1236.1063547775111|73207&4&442.92163103678917|73226&4&-3.375077994860476E-14|73230&4&425.31315573805364|73250&4&407.4655333124164|73254&4&2729.9032220555473|73257&4&1487.847078479935|73259&4&22.119621899109415|73261&4&1266.7160524872425|73262&4&477.2473978254609|73274&4&446.5148152644307|73286&4&1323.5496424489302|73287&4&131.15203134500527|73306&4&387.3911796519393
299|4,130,1,1,1,1,1,1,1,1,1,1,1,1,1,1,1,1,1,1,1,1,1,1,1,1,1,1,1,1,1,1,1,1,1,1,1,1,1,1,1,1,1,1,1,1,1,1,1,1,1,1,1,1,1,1,1,1,1,1,1,1,1,1,1,1,1,1,1,1,1,1,1,1,1,1,1,1,1,1,1,1,1,1,1,1,1,1,1,1,1,1,1,1,1,1,1,1,1,1,1,1,0,0,0,0,0,0,0,0,0,0,0,0,0,0,0,0,0,0,0,0,2|73199&4&2388.9166837822104|73207&4&3072.2050760158277|73224&4&288.6381899873229|73233&4&839.7350312548451|73242&4&1983.1232531105838|73244&4&2375.7779117732466|73253&4&1391.4181642472968|73263&4&6352.3866318177|73269&4&47.14576989354411|73273&4&485.8313552328806|73275&4&2448.979054815133|73276&4&2305.622121699313|73278&4&845.1705584633531|73288&4&3059.5691803948794|73300&4&73.90456711371723,2|73191&4&1390.3829067806116|73196&4&419.7973428550441|73197&4&31.81298081969784|73199&4&86.69077845220642|73202&4&199.68550497923763|73221&4&564.678117804496|73225&4&227.05382119631747|73231&4&58.1449637506146|73233&4&1638.9367514024361|73236&4&1003.6122846817766|73237&4&-1.7053025658242404E-13|73239&4&2044.4631271499884|73248&4&714.8860378930743|73258&4&60.816084405027645|73267&4&1660.0160668697067|73268&4&5333.349284798606|73269&4&483.8473887777648|73270&4&2071.966447477991|73279&4&31.244788773727866,2|73190&4&992.0763374658732|73206&4&180.8119335282659|73208&4&1068.463495430549|73211&4&3715.8025928578027|73212&4&1080.7619279809035|73217&4&2875.2821184266986|73222&4&936.9610785775543|73250&4&121.31078712989081|73262&4&594.738064725238|73264&4&1487.1366159045788|73269&4&130.06606512301263,2|73192&4&669.8743367868682|73195&4&697.4900295513348|73196&4&3637.7896162906336|73208&4&2528.0367471364207|73214&4&26.032168942994794|73221&4&6304.110702432257|73222&4&2772.890942011463|73231&4&2203.310155540823|73245&4&2191.201862268776|73247&4&244.99040341479494|73249&4&1815.7259124298648|73256&4&871.1699935401275|73265&4&636.5323371245306|73278&4&261.4761175171251|73282&4&1821.5351964001961,2|73193&4&62.18718481933099|73194&4&425.60677231493605|73200&4&1289.5595916102038|73201&4&108.66719323668902|73213&4&2142.799025694408|73215&4&3238.155316364556|73218&4&2489.910254292238|73219&4&633.1505834637624|73220&4&1049.2499358247837|73235&4&1866.8648179033937|73240&4&1390.8336430789955|73243&4&1015.4676881198615|73256&4&221.80684357654744|73278&4&2610.8345383886945|73280&4&1541.157951358117|73282&4&663.0799938310558|73287&4&151.67833390818407|73300&4&421.4141673904903,2|73189&4&2209.6951954605497|73200&4&27.979654400164506|73210&4&130.47478454570722|73214&4&8.526512829121202E-14|73244&4&20.951651820026377|73257&4&1500.7898988192467|73260&4&1519.6947753138572|73266&4&2549.320526698823|73270&4&2220.1588225971827|73273&4&1044.4034766211387|73283&4&1861.0104132206707|73285&4&632.9913656908309|73307&4&364.62610224202143,2|73198&4&0.0|73208&4&460.85956731149815|73216&4&528.1720623775141|73224&4&1094.3294643702172|73238&4&3389.6902798610868|73241&4&510.54308619451444|73245&4&2101.641109448747|73251&4&213.61284350209422|73253&4&1659.1553812424474|73256&4&1773.5732760034157|73258&4&3332.8582408986535|73277&4&113.35515992106002|73279&4&1522.5770465068692|73282&4&564.7632859424923|73285&4&236.9055943608058,2|73189&4&1279.2093306755428|73193&4&28.289246403889567|73195&4&172.9018358269888|73204&4&2731.7622978701875|73226&4&137.89725909113048|73228&4&5094.458458098079|73230&4&733.1114649136964|73236&4&1780.3176338098983|73237&4&4826.860668365168|73240&4&3617.511855178531|73246&4&753.7218473813301|73253&4&374.1125931512512|73255&4&2549.2120888081195|73262&4&3721.410091003976|73269&4&709.8274363352416,2|73193&4&702.1041652686563|73195&4&1174.843369290706|73201&4&548.2235487128039|73205&4&48.95174073652729|73206&4&1315.8708504340452|73209&4&5134.95531101156|73214&4&1305.7716088324098|73223&4&2115.09052683773|73226&4&476.5376605854934|73232&4&2301.8738278904143|73235&4&629.1404188124225|73238&4&581.4032337791173|73248&4&198.57655005751204|73252&4&2007.7952614092437|73260&4&787.8903871001013|73271&4&1100.002052795765|73283&4&575.540557633641,2|73201&4&1248.066053130758|73207&4&353.02227750232737|73222&4&427.3296280556815|73230&4&520.6107928739776|73250&4&379.7146130703406|73252&4&36.90552555063459|73254&4&3007.564800520524|73256&4&222.38989538287274|73257&4&2113.272086213413|73259&4&19.798759364479015|73261&4&1165.4765988980034|73262&4&326.26107928077056|73274&4&430.2867745852552|73286&4&1610.4533224838644|73287&4&121.51638105607375|73306&4&350.44537566364687
300|4,130,1,1,1,1,1,1,1,1,1,1,1,1,1,1,1,1,1,1,1,1,1,1,1,1,1,1,1,1,1,1,1,1,1,1,1,1,1,1,1,1,1,1,1,1,1,1,1,1,1,1,1,1,1,1,1,1,1,1,1,1,1,1,1,1,1,1,1,1,1,1,1,1,1,1,1,1,1,1,1,1,1,1,1,1,1,1,1,1,1,1,1,1,1,1,1,1,1,1,1,1,0,0,0,0,0,0,0,0,0,0,0,0,0,0,0,0,0,0,0,0,2|73199&4&2522.9272108806204|73207&4&3155.148069802402|73224&4&247.71721300972894|73233&4&726.3303653049655|73242&4&1780.7991673421125|73244&4&2444.0141484520755|73253&4&2087.0605894160763|73263&4&5817.596081886272|73269&4&41.90735101648365|73273&4&401.8047073724332|73275&4&2211.4624843541624|73276&4&2133.1287933255467|73278&4&744.4043442198546|73288&4&3433.8485366814666|73300&4&67.6438442504006,2|73191&4&1254.9662554356307|73196&4&323.18435265374654|73197&4&29.441182032670007|73199&4&58.548976405099445|73202&4&186.65372007860563|73221&4&449.9653658579093|73225&4&213.0456829938944|73226&4&198.35198564802707|73228&4&212.66354684812154|73231&4&38.76330916707637|73233&4&2023.6779209670785|73236&4&1599.3473977714025|73239&4&1846.6609146274316|73248&4&673.0986462694094|73252&4&37.09485565304817|73258&4&30.408042202513784|73267&4&1791.3573524235553|73268&4&4894.300405341659|73269&4&497.54576994337543|73270&4&1746.8249954848877|73279&4&22.047933449243544,2|73190&4&1396.5638427910778|73206&4&133.87416367316513|73208&4&1007.2773133548109|73211&4&4638.569150284111|73212&4&1320.9299990274474|73217&4&2712.974987614009|73222&4&759.8459764247324|73250&4&90.49321776844735|73262&4&1323.559581838715|73264&4&1860.1832689510227|73269&4&104.39466872565998,2|73192&4&590.8697455886959|73195&4&661.6185142314251|73196&4&3520.741963125297|73208&4&2329.4290783782026|73214&4&5.224663108502719|73221&4&5926.088238423625|73222&4&2568.4344439950064|73231&4&1975.6808978265058|73245&4&1911.452407378847|73247&4&227.49108888516673|73249&4&1894.7769706725817|73256&4&784.4579827611836|73265&4&0.0|73278&4&220.77249999563531|73282&4&1664.3782144505556,2|73193&4&31.61251242876064|73194&4&673.7885467673009|73200&4&1988.002197675602|73201&4&85.9640234243156|73213&4&2042.146380827378|73214&4&550.3289644922318|73215&4&3234.630418750936|73216&4&82.17313417074706|73218&4&2319.782774721657|73219&4&600.2408990782943|73220&4&1114.4340350456666|73235&4&1951.8351970848976|73240&4&1165.6834476477127|73243&4&901.1252082477795|73256&4&174.87495512948132|73257&4&224.1353240552039|73278&4&2573.7050895352168|73280&4&0.0|73282&4&471.97590285557175|73287&4&129.788638664382|73300&4&397.3805252244343,2|73189&4&2077.3975983639134|73200&4&-2.8421709430404007E-13|73210&4&278.9665342509254|73244&4&1.9895196601282805E-13|73257&4&1293.2489843309281|73260&4&1361.7350679385092|73266&4&2674.9762086030973|73270&4&2498.560895924431|73273&4&1083.5881353380125|73283&4&1672.187219881083|73285&4&0.0|73307&4&346.3947971299204,2|73208&4&363.75849713987975|73216&4&494.26870160637947|73224&4&1029.3294378931512|73238&4&3112.55773914247|73241&4&482.5907606217252|73245&4&2179.5590072221685|73251&4&200.26204078321334|73253&4&1514.8561575146678|73256&4&1672.2538774843467|73258&4&3058.39969631345|73277&4&106.96353787676114|73279&4&1500.5122311411794|73282&4&1287.1640009393686|73285&4&0.0,2|73189&4&1127.4166905313016|73193&4&-1.2079226507921703E-13|73195&4&120.23894439600114|73204&4&3204.789486701906|73226&4&130.5363779313102|73228&4&4689.947043504004|73230&4&624.9280235728065|73236&4&1595.1551905082379|73237&4&4572.10210409444|73240&4&3522.2955568965003|73246&4&1022.3228339361535|73253&4&237.6866881515916|73255&4&2380.015745909669|73262&4&3406.9602571311534|73269&4&654.8189897360273,2|73193&4&1152.910870535579|73195&4&1063.2898383680974|73201&4&476.95814607990883|73205&4&46.37533332934164|73206&4&1260.0121396625473|73209&4&5268.407501608179|73214&4&1192.4797464180426|73223&4&2526.778167639746|73226&4&423.24668321206474|73232&4&2474.730630480861|73235&4&555.6905412876873|73238&4&871.6354274610001|73248&4&188.14557736727912|73252&4&1788.380251690927|73260&4&1025.1231522853827|73271&4&1554.6550215957493|73280&4&0.0|73283&4&686.100336051293,2|73201&4&1579.1945236914103|73207&4&275.30826683818674|73222&4&518.1188451394091|73230&4&621.7844314727747|73250&4&351.96369282826475|73252&4&35.06024927310286|73254&4&3058.3656335387736|73256&4&360.40166343171825|73257&4&1998.2991066167942|73259&4&17.477896829848614|73261&4&1151.9840685679612|73262&4&188.14095920776316|73274&4&0.0|73286&4&1601.8152356842272|73287&4&111.88073076714227|73306&4&313.49957167535433
301|4,130,1,1,1,1,1,1,1,1,1,1,1,1,1,1,1,1,1,1,1,1,1,1,1,1,1,1,1,1,1,1,1,1,1,1,1,1,1,1,1,1,1,1,1,1,1,1,1,1,1,1,1,1,1,1,1,1,1,1,1,1,1,1,1,1,1,1,1,1,1,1,1,1,1,1,1,1,1,1,1,1,1,1,1,1,1,1,1,1,1,1,1,1,1,1,1,1,1,1,1,1,0,0,0,0,0,0,0,0,0,0,0,0,0,0,0,0,0,0,0,0,2|73199&4&2334.869598665365|73207&4&2909.1588954021113|73224&4&206.79623603213503|73233&4&626.9016089608517|73242&4&1578.4750815736406|73244&4&2398.6146585035085|73253&4&2431.4862735372635|73263&4&5745.317477826529|73269&4&36.66893213942319|73273&4&322.9566779144303|73275&4&2322.320562386297|73276&4&1960.6354649517807|73278&4&643.638129976356|73288&4&3682.8261895194637|73300&4&61.383121387084,2|73191&4&1184.1266102919615|73196&4&243.1410430356868|73197&4&27.06938324564217|73199&4&46.85335036900359|73202&4&173.62193517797363|73221&4&336.92649326577833|73225&4&0.0|73226&4&188.43438636562573|73228&4&202.03036950571547|73231&4&19.381654583538143|73233&4&1886.5114227747245|73236&4&1745.2913750792086|73239&4&1956.0985339312508|73248&4&631.3112546457445|73252&4&182.2685260521758|73258&4&-7.815970093361102E-14|73267&4&1948.7475067911578|73268&4&4464.538150240133|73269&4&469.49353709599967|73270&4&1448.9642553620915|73279&4&19.664301386637582,2|73190&4&1285.3081209373693|73206&4&86.93639381806435|73208&4&1616.7169314154867|73211&4&5286.232397270414|73212&4&1371.0305400090901|73217&4&2487.7448308113676|73222&4&582.7308742719105|73250&4&59.67564840700389|73262&4&1875.1917465986428|73264&4&1898.8957809926933|73269&4&78.72327232830727,2|73192&4&511.86515439052346|73195&4&625.7469989115154|73196&4&3261.865237536882|73208&4&2130.8214096199845|73214&4&3.483108739001721|73221&4&5495.614059814005|73222&4&2363.977945978551|73231&4&1748.0516401121895|73245&4&1661.5693408763834|73247&4&242.62115335190583|73249&4&1930.1249058053475|73256&4&697.7459719822398|73278&4&180.0688824741455|73282&4&1507.221232500915,2|73193&4&0.0|73194&4&676.9473958459521|73200&4&0.0|73201&4&63.26085361194218|73213&4&1941.9691258500234|73214&4&545.1688305920167|73215&4&3090.526753717297|73216&4&496.868087860334|73218&4&2711.2402784481883|73219&4&702.701173906494|73220&4&1355.4079678202215|73235&4&1841.233126167002|73240&4&945.83040912344|73243&4&786.7827283756977|73256&4&127.9430666824152|73257&4&352.15809826611786|73278&4&2708.676185199377|73282&4&312.3717937959404|73287&4&107.89894342057994|73300&4&373.3468830583781,2|73189&4&1945.100001267277|73210&4&400.58660779826073|73257&4&1118.5423209854357|73260&4&1205.9646192023586|73266&4&2531.0801311037935|73270&4&2760.8716756383983|73273&4&1174.7087437790117|73283&4&1491.2928044861424|73307&4&328.1634920178193,2|73208&4&273.2162855473398|73216&4&460.36534083524487|73224&4&964.3294114160851|73238&4&2835.4251984238535|73241&4&454.63843504893606|73245&4&2037.8725445688212|73251&4&318.49391250132965|73253&4&1370.5569337868885|73256&4&1570.9344789652778|73258&4&2938.648895280084|73277&4&232.45141573712635|73279&4&1410.3657654254184|73282&4&1907.3839401099153|73285&4&2.125135067105248,2|73189&4&996.6420286163489|73195&4&67.57605296501352|73204&4&3205.4239034141783|73226&4&123.17549677148993|73228&4&4301.283921399128|73230&4&540.4388192188298|73236&4&1438.636822081643|73237&4&4390.7961860499|73240&4&3285.697816113608|73246&4&1306.793276909189|73253&4&138.84327754996394|73255&4&2945.088544648697|73262&4&3092.5104232583303|73265&4&97.68637322674513|73269&4&599.8105431368131,2|73193&4&0.0|73195&4&951.7363074454886|73201&4&405.6927434470137|73205&4&43.798925922155995|73206&4&1150.2732957813691|73209&4&4779.361923298938|73214&4&1079.1878840036754|73223&4&2738.0985936829807|73226&4&376.7969410497459|73232&4&2264.495461753744|73235&4&483.75818409806266|73238&4&1365.2245224157664|73248&4&177.71460467704622|73252&4&1568.9652419726103|73260&4&1279.2928850967173|73271&4&1410.3785155509736|73280&4&0.0|73283&4&1190.172627137779,2|73195&4&458.90625021111816|73201&4&1526.5748608410886|73207&4&211.98924265880683|73209&4&83.41628863107098|73222&4&628.6674748150626|73230&4&647.7467573944463|73250&4&324.2127725861889|73252&4&33.21497299557113|73254&4&3050.7022838017865|73256&4&627.0433600627257|73257&4&1883.3261270201756|73259&4&15.157034295218214|73261&4&1479.7758048741975|73262&4&100.6769781741576|73286&4&1509.2583024098021|73287&4&102.24508047821078|73306&4&276.5537676870619
302|4,130,1,1,1,1,1,1,1,1,1,1,1,1,1,1,1,1,1,1,1,1,1,1,1,1,1,1,1,1,1,1,1,1,1,1,1,1,1,1,1,1,1,1,1,1,1,1,1,1,1,1,1,1,1,1,1,1,1,1,1,1,1,1,1,1,1,1,1,1,1,1,1,1,1,1,1,1,1,1,1,1,1,1,1,1,1,1,1,1,1,1,1,1,1,1,1,1,1,1,1,1,0,0,0,0,0,0,0,0,0,0,0,0,0,0,0,0,0,0,0,0,2|73199&4&2146.8119864501095|73207&4&2663.169721001821|73224&4&165.87525905454112|73233&4&530.6345563711759|73242&4&2052.282900043877|73244&4&2202.022676646965|73253&4&2662.723887578126|73263&4&5553.620416096225|73269&4&31.43051326236273|73273&4&0.0|73275&4&2075.033953997252|73276&4&1788.142136578015|73278&4&542.8719157328575|73288&4&3373.6458242253057|73300&4&55.12239852376741,2|73191&4&1145.2645836517966|73196&4&178.58155309410665|73197&4&134.06527609812224|73199&4&35.15772433290771|73202&4&160.5901502773416|73221&4&223.8876206736473|73225&4&2.30279618200251|73226&4&178.5167870832244|73228&4&191.3971921633094|73231&4&-8.526512829121202E-14|73233&4&1749.34492458237|73236&4&1649.6148844612655|73239&4&2175.773499517219|73248&4&589.5238630220797|73252&4&269.7247181059095|73262&4&756.2579278213425|73267&4&2020.9743340211853|73268&4&4034.7758951386086|73269&4&608.3335230398816|73270&4&1183.1104413249936|73272&4&142.33488167735064|73275&4&362.08238109824754|73279&4&17.28066932403161,2|73190&4&1174.0523990836602|73206&4&39.99862396296358|73208&4&2014.9881267535784|73211&4&5878.025094814913|73212&4&1364.3798645265833|73217&4&2262.5146740087253|73222&4&412.24257520195164|73250&4&28.85807904556043|73262&4&1776.56207289421|73264&4&1770.6612941097605|73269&4&53.051875930954566,2|73192&4&432.86056319235115|73195&4&589.8754835916056|73196&4&3002.988511948468|73208&4&1932.2137408617673|73214&4&1.741554369500857|73221&4&5124.436883752424|73222&4&2159.5214479620954|73231&4&1692.6009635400787|73245&4&1437.192215216119|73247&4&370.22579255270716|73249&4&1800.0364743355815|73256&4&611.0339612032959|73278&4&139.3652649526557|73282&4&1350.0642505512742,2|73194&4&640.2983369094095|73200&4&253.9169837486824|73201&4&40.557683799568764|73206&4&429.403614078999|73213&4&1705.7943552584877|73214&4&516.5345666511853|73215&4&2916.5341127278107|73216&4&792.9287668904221|73218&4&2612.0751208823167|73219&4&750.682959267097|73220&4&1408.3233788659422|73235&4&1730.6310552491059|73240&4&725.9773705991673|73243&4&877.772236308954|73256&4&87.03045484836665|73257&4&1175.8225374556596|73278&4&2491.928959026517|73282&4&211.06800447785452|73287&4&86.00924817677787|73300&4&349.313240892322,2|73189&4&1812.802404170641|73210&4&583.0527075648764|73257&4&947.9836929725651|73260&4&1064.8558935975793|73266&4&2303.152825915576|73270&4&4200.669020363379|73273&4&0.0|73283&4&1323.1985172257437|73307&4&309.9321869057182,2|73208&4&206.6254916686286|73216&4&426.46198006411026|73224&4&899.3293849390192|73238&4&2558.2926577052367|73241&4&426.6861094761469|73245&4&1896.186081915474|73251&4&298.5639760605989|73253&4&1226.2577100591093|73256&4&1469.6150804462086|73258&4&3143.4158270603707|73277&4&219.46581869759427|73279&4&1409.231506297415|73282&4&2291.907975141706|73285&4&2.0188783137499855,2|73189&4&865.8673667013963|73195&4&33.17652055022133|73204&4&3082.427813908227|73226&4&115.81461561166967|73228&4&3912.620799294252|73230&4&464.0257691338608|73236&4&1289.2916152607213|73237&4&4419.42144098049|73240&4&3641.822669887376|73246&4&1357.006887199845|73253&4&71.80352104266483|73255&4&3434.2366204802893|73262&4&2778.0605893855072|73265&4&92.80205456540787|73269&4&544.8020965375988,2|73193&4&1.2525703458122166|73195&4&840.1827765228797|73201&4&334.42734081411857|73205&4&41.222518514970346|73206&4&1040.5344519001912|73209&4&4293.615161582948|73214&4&965.8960215893085|73223&4&2689.4197409141457|73226&4&332.1236451629873|73229&4&211.55641481692598|73232&4&2056.0095899996854|73235&4&411.8258269084381|73238&4&1941.666232011303|73248&4&167.2836319868133|73252&4&1353.4430206268814|73260&4&1564.2019857625182|73271&4&1298.1640443187164|73283&4&1700.5449748666097,2|73189&4&396.5245723445855|73195&4&435.9609377005622|73201&4&1523.9866938841349|73207&4&148.67021847942692|73209&4&79.24547419951743|73222&4&1088.5945745417732|73230&4&761.8435484081517|73232&4&291.5758677727214|73250&4&351.9772015812323|73252&4&31.3696967180394|73254&4&3276.0455461134297|73256&4&594.2064144256301|73257&4&1768.353147423557|73259&4&12.836171760587813|73261&4&1737.3561301709826|73262&4&40.76528515790181|73286&4&1416.7013691353766|73287&4&92.60943018927927|73306&4&239.60796369876942
303|4,130,1,1,1,1,1,1,1,1,1,1,1,1,1,1,1,1,1,1,1,1,1,1,1,1,1,1,1,1,1,1,1,1,1,1,1,1,1,1,1,1,1,1,1,1,1,1,1,1,1,1,1,1,1,1,1,1,1,1,1,1,1,1,1,1,1,1,1,1,1,1,1,1,1,1,1,1,1,1,1,1,1,1,1,1,1,1,1,1,1,1,1,1,1,1,1,1,1,1,1,1,0,0,0,0,0,0,0,0,0,0,0,0,0,0,0,0,0,0,0,0,2|73199&4&1958.7543742348546|73207&4&2586.019505088776|73224&4&124.95428207694717|73233&4&456.8557675518094|73242&4&1826.2547431583039|73244&4&2145.5288644552297|73253&4&2929.1028371713546|73263&4&4977.393314596479|73269&4&26.19209438530227|73275&4&1866.9913976121675|73276&4&1615.6488082042488|73278&4&442.105701489359|73281&4&158.07492170443848|73288&4&3063.046216102912|73300&4&50.11127138524311,2|73191&4&0.0|73196&4&123.65892474729766|73197&4&126.225092729119|73199&4&23.46209829681183|73202&4&147.55836537670956|73221&4&120.45097404038907|73225&4&0.0|73226&4&340.5728122958885|73228&4&694.794966286688|73233&4&1612.1784263900154|73236&4&1751.5424892304222|73239&4&2630.311910059315|73248&4&547.7364713984148|73252&4&865.4376300988531|73262&4&1255.5399339190963|73267&4&1898.3941736961983|73268&4&3605.013640037084|73269&4&655.0034600317147|73270&4&978.0732602200976|73272&4&0.0|73275&4&554.1220793847826|73279&4&14.897037261425636,2|73190&4&1360.525587058994|73206&4&10.679879223002338|73208&4&2408.8476451658375|73211&4&5427.280916433059|73212&4&1488.3567999581498|73217&4&2119.93618486764|73222&4&265.3288463906298|73250&4&2.2026824808563106E-13|73262&4&1677.9323991897775|73264&4&1701.528170055875|73269&4&36.751703306065394,2|73192&4&379.22158173825824|73195&4&554.003968271696|73196&4&2744.1117863600543|73208&4&1733.6060721035494|73214&4&-6.661338147750939E-15|73221&4&4736.424562050166|73222&4&1955.0649499456395|73231&4&2101.5546602320796|73245&4&1212.8150895558545|73247&4&343.75823793924815|73249&4&1669.9480428658153|73256&4&524.3219504243522|73278&4&98.66164743116593|73282&4&1192.9072686016334,2|73194&4&603.6492779728669|73195&4&195.56359707949485|73200&4&241.22113456124828|73201&4&17.85451398719535|73206&4&671.3574261900915|73213&4&1973.9200492769573|73214&4&699.7425067078602|73215&4&2684.3687189183574|73216&4&751.8244538490519|73218&4&2657.57277662447|73219&4&833.1724880701196|73220&4&1611.7627240099173|73235&4&1652.1965505332605|73240&4&549.395539919065|73243&4&1631.0759516925948|73255&4&570.4268941955054|73256&4&54.98032504387611|73257&4&1648.9898936542456|73273&4&146.92136621131817|73278&4&3012.8623077678203|73282&4&137.87895964277516|73287&4&64.1195529329758|73300&4&325.27959872626593,2|73189&4&1680.504807074005|73210&4&550.4739838092971|73257&4&795.2089660456601|73260&4&937.3743959172791|73266&4&2118.471619163186|73270&4&4479.7308184382055|73283&4&1175.446939483379|73307&4&291.7008817936171,2|73208&4&150.48495948088637|73216&4&392.55861929297566|73224&4&834.3293584619531|73238&4&2301.2138478575935|73241&4&398.73378390335773|73245&4&1793.4169283304464|73251&4&278.6340396198682|73253&4&1081.9584863313298|73256&4&1368.2956819271394|73258&4&3580.8218897285296|73277&4&206.48022165806216|73279&4&1314.6344302522662|73282&4&2653.979266022499|73285&4&1.9126215603947232,2|73189&4&739.9964199203113|73195&4&4.246481892719342|73204&4&3276.7186218943925|73226&4&108.4537344518494|73228&4&3538.9800166205628|73230&4&399.3274585460995|73236&4&1139.9464084397994|73237&4&4056.4077250733158|73240&4&3873.3225534776866|73246&4&1245.1882760784588|73253&4&24.553898948909513|73255&4&3119.6964324349|73262&4&2463.6107555126846|73265&4&149.30993004520028|73269&4&489.79364993838453,2|73193&4&1.1899418285216057|73195&4&728.629245600271|73201&4&263.1619381812235|73205&4&55.6385144405096|73206&4&930.7956080190131|73209&4&3811.5762575231633|73214&4&852.6041591749412|73223&4&3081.7842815542754|73226&4&289.3092519853328|73229&4&200.97859407607967|73232&4&1853.3256364054134|73235&4&339.89346971881344|73238&4&2035.6844700841352|73248&4&194.21311429562482|73252&4&1150.503107217587|73260&4&1477.0745378261195|73271&4&1185.9495730864587|73283&4&1607.578625140066,2|73189&4&376.69834372735625|73195&4&413.0156251900063|73201&4&1863.4347777161854|73207&4&85.35119430004704|73209&4&1086.7478156337795|73222&4&2117.4821297092303|73230&4&1065.0525309795962|73232&4&777.9872071634724|73233&4&46.12536629069325|73250&4&780.1423232717231|73252&4&29.52442044050767|73254&4&3013.2477286871863|73256&4&561.3694687885344|73257&4&1653.3801678269383|73259&4&10.515309225957413|73261&4&1616.6628160328262|73262&4&1.2789769243681803E-13|73286&4&1324.1444358609515|73287&4&170.48248054831026|73306&4&202.662159710477
304|4,130,1,1,1,1,1,1,1,1,1,1,1,1,1,1,1,1,1,1,1,1,1,1,1,1,1,1,1,1,1,1,1,1,1,1,1,1,1,1,1,1,1,1,1,1,1,1,1,1,1,1,1,1,1,1,1,1,1,1,1,1,1,1,1,1,1,1,1,1,1,1,1,1,1,1,1,1,1,1,1,1,1,1,1,1,1,1,1,1,1,1,1,1,1,1,1,1,1,1,1,1,0,0,0,0,0,0,0,0,0,0,0,0,0,0,0,0,0,0,0,0,2|73199&4&1770.6967620195994|73207&4&3166.3235898172807|73224&4&84.03330509935321|73233&4&391.5630509202639|73242&4&1610.8789159741702|73244&4&1943.7346752948567|73253&4&3564.3748624068166|73263&4&4904.425800712601|73269&4&20.95367550824181|73275&4&1666.982047240013|73276&4&1443.1554798304826|73278&4&341.3394872458605|73281&4&0.0|73288&4&3148.3030390779836|73300&4&45.1001442467188,2|73196&4&76.62246777566651|73197&4&118.38490936011576|73199&4&11.766472260715949|73202&4&134.52658047607756|73221&4&51.161841476659255|73226&4&322.05653178873393|73228&4&1156.1223862769891|73233&4&1475.0119281976613|73236&4&1974.4724712794743|73239&4&2431.292660526462|73246&4&87.20019545337188|73248&4&505.94907977474986|73252&4&1414.1657725251193|73262&4&1741.2379493521328|73267&4&1775.8140133712106|73268&4&3175.251384935559|73269&4&889.0757848536872|73270&4&810.8728717844692|73275&4&802.9533814020434|73279&4&12.513405198819662|73283&4&150.37156512646516,2|73190&4&1249.7365847980989|73206&4&-6.750155989720952E-14|73208&4&2263.8194185189536|73211&4&5219.529741437137|73212&4&1393.9071906088293|73217&4&2309.8503573569765|73222&4&150.84076589357306|73262&4&1579.302725485345|73264&4&1573.1426143669978|73269&4&20.451530681176266,2|73192&4&443.8867295050004|73195&4&518.1324529517863|73196&4&2485.2350607716403|73208&4&1534.9984033453316|73221&4&5175.123238805705|73222&4&1750.6084519291835|73231&4&2051.3273133572766|73245&4&991.7257580056261|73247&4&0.0|73249&4&1539.8596113960496|73256&4&437.6099396454083|73278&4&57.95802990967613|73282&4&1035.7502866519928,2|73191&4&116.76893459422962|73194&4&567.0002190363243|73195&4&185.78541722552012|73200&4&228.52528537381414|73201&4&1.2079226507921703E-13|73206&4&636.7160458453894|73213&4&2099.527884335763|73214&4&660.5161325671535|73215&4&2452.2033251089033|73216&4&0.0|73218&4&3011.9371726912996|73219&4&781.7613085627985|73220&4&1566.9724166810954|73235&4&1539.9861013052619|73240&4&417.199597175727|73243&4&1708.2241598978922|73255&4&846.3915487325854|73256&4&27.49016252193797|73257&4&1562.0586546330185|73273&4&139.57529790075228|73278&4&3187.0176354273244|73282&4&94.47690189132229|73287&4&42.229857689173734|73300&4&301.24595656020983,2|73189&4&1548.2072099773686|73210&4&830.7935000738745|73257&4&667.4465526350166|73260&4&816.2639134729925|73266&4&2240.3266679510525|73270&4&4782.753915711974|73283&4&1029.5478973199747|73307&4&273.469576681516,2|73208&4&106.49748704001144|73216&4&0.0|73224&4&769.329331984887|73238&4&2057.599311026116|73241&4&370.78145833056857|73245&4&2285.6173211988685|73251&4&258.7041031791374|73253&4&937.6592626035506|73256&4&1266.9762834080707|73258&4&3820.9014703700886|73277&4&193.49462461853005|73279&4&1220.037354207117|73282&4&2502.303329707972|73285&4&1.806364807039461,2|73189&4&622.0088671442941|73195&4&3.019806626980426E-14|73204&4&3000.5040583482864|73226&4&101.09285329202913|73228&4&3186.838359767842|73230&4&340.60308425791436|73236&4&990.6012016188776|73237&4&3693.3940091661407|73240&4&3582.201995261909|73246&4&1111.4000348538998|73253&4&1.6342482922482304E-13|73255&4&2833.9608564836844|73262&4&2149.160921639862|73265&4&141.35600167680653|73269&4&434.78520333917027,2|73193&4&1.1273133112309948|73195&4&617.0757146776623|73201&4&191.89653554832836|73205&4&52.21248686668771|73206&4&821.056764137835|73209&4&3355.4374849781757|73214&4&739.3122967605741|73223&4&2999.134508209523|73226&4&248.37987770601902|73229&4&190.40077333523337|73232&4&1671.685582363941|73235&4&284.0040823757006|73238&4&1973.256220499611|73248&4&331.78380665122097|73252&4&974.8924576877107|73260&4&1389.9470898897205|73271&4&1073.7351018542013|73283&4&1514.6122754135222,2|73189&4&537.8784520055381|73195&4&390.07031267945035|73201&4&2380.684960886928|73207&4&22.032170120667143|73209&4&2140.574658877439|73222&4&2809.5567197241994|73230&4&997.812743217137|73232&4&738.358907135867|73233&4&43.81909797615859|73250&4&918.392327745971|73252&4&27.679144162975938|73254&4&2750.449911260942|73256&4&528.5325231514387|73257&4&1538.4071882303197|73259&4&8.194446691327013|73261&4&1501.9528611860867|73286&4&1231.5875025865262|73287&4&201.86659540039187|73306&4&165.71635572218452
305|4,130,1,1,1,1,1,1,1,1,1,1,1,1,1,1,1,1,1,1,1,1,1,1,1,1,1,1,1,1,1,1,1,1,1,1,1,1,1,1,1,1,1,1,1,1,1,1,1,1,1,1,1,1,1,1,1,1,1,1,1,1,1,1,1,1,1,1,1,1,1,1,1,1,1,1,1,1,1,1,1,1,1,1,1,1,1,1,1,1,1,1,1,1,1,1,1,1,1,1,1,1,0,0,0,0,0,0,0,0,0,0,0,0,0,0,0,0,0,0,0,0,2|73199&4&1639.6385524780121|73207&4&3406.0906588093076|73224&4&43.112328121759305|73233&4&326.27033428871835|73242&4&1412.4087615268559|73244&4&1741.9404861344833|73253&4&4026.1696013257833|73263&4&6185.8201435262345|73269&4&15.715256631181347|73275&4&1475.2050748474119|73276&4&1270.6621514567166|73278&4&240.57327300236193|73288&4&3460.167469544023|73300&4&40.08901710819449,2|73196&4&29.58601080403531|73197&4&110.54472599111253|73199&4&0.27704781916795085|73202&4&121.49479557544554|73221&4&-2.984279490192421E-13|73226&4&303.54025128157934|73228&4&1094.904554115994|73233&4&1337.8454300053068|73236&4&2210.150399942583|73239&4&2233.6372377357957|73246&4&310.70979942157874|73248&4&464.16168815108495|73252&4&1951.2703745066551|73262&4&2449.0267827783673|73267&4&1653.233853046223|73268&4&3368.5988276588278|73269&4&841.860790704777|73270&4&659.9844697880021|73274&4&75.12746159011782|73275&4&1512.513224807496|73279&4&10.129773136213688|73283&4&173.7154116104514,2|73190&4&1138.9475825372042|73208&4&2342.622382480872|73211&4&5159.934503094735|73212&4&1400.9911839040635|73217&4&2408.35433122107|73222&4&72.77871454661111|73262&4&1480.6730517809121|73264&4&1449.4486441898446|73269&4&10.565637125519117,2|73192&4&444.8852366802814|73195&4&482.26093763187646|73196&4&2608.8829687890047|73208&4&1336.3907345871137|73221&4&4695.692422674729|73222&4&1546.151953912728|73231&4&2213.4839864928335|73245&4&804.574545018816|73249&4&2052.7557598636186|73256&4&350.89792886646455|73278&4&23.89138456537853|73282&4&878.593304702352,2|73191&4&110.93048786451814|73194&4&530.3511600997817|73195&4&371.29826983465665|73200&4&215.82943618638|73206&4&602.0746655006874|73213&4&2638.1845652781776|73214&4&1079.301196056082|73215&4&2220.037931299449|73218&4&3166.6216037697627|73219&4&730.3501290554775|73220&4&1480.4237452373723|73221&4&1231.5026745817395|73235&4&1427.7756520772639|73240&4&288.29508042384856|73243&4&1578.7652414153786|73255&4&1055.9214895979965|73256&4&-1.6342482922482304E-13|73257&4&1475.1274156117913|73273&4&132.22922959018638|73278&4&3383.5474454633586|73282&4&52.34068815872441|73287&4&25.519176697284216|73300&4&277.21231439415374,2|73189&4&1415.9096128807323|73206&4&272.2297913618879|73210&4&859.4292803476395|73257&4&539.6841392243731|73260&4&703.8301029594866|73266&4&2361.792246679606|73270&4&5421.689383939878|73283&4&889.2983634254766|73307&4&255.23827156941493,2|73208&4&62.51001459913657|73224&4&1016.393760182919|73238&4&1813.9847741946385|73241&4&366.2998261214699|73245&4&2668.650589729328|73247&4&34.26779644653516|73251&4&238.77416673840668|73253&4&793.3600388757711|73256&4&1165.6568848890015|73258&4&3583.298386154601|73277&4&180.50902757899797|73279&4&1125.4402781619679|73282&4&2690.5900167512846|73285&4&1.7001080536841986,2|73189&4&504.021314368277|73204&4&2738.205366614789|73226&4&93.73197213220885|73228&4&2864.7726503685317|73230&4&281.87870996972924|73236&4&848.4219114299326|73237&4&3506.181026751742|73240&4&3295.9080867800008|73246&4&989.9721841291835|73255&4&2558.6979058436273|73262&4&1837.1502235593175|73265&4&133.40207330841278|73269&4&379.776756739956,2|73193&4&1.0646847939403838|73195&4&505.52218375505345|73201&4&120.63113291543323|73205&4&104.53519758744217|73206&4&711.3179202566567|73209&4&2913.6624493947234|73214&4&626.0204343462069|73223&4&3003.718122804874|73226&4&209.53872760634766|73229&4&179.82295259438706|73232&4&1499.0834370836708|73235&4&228.11469503258783|73238&4&2249.835442141024|73248&4&311.9913268212468|73252&4&814.150510818002|73260&4&1302.8196419533215|73271&4&961.5206306219438|73283&4&1421.6459256869787,2|73189&4&930.8684200077215|73195&4&367.1250001688944|73201&4&2716.4759955664013|73207&4&-1.4921397450962104E-13|73209&4&2731.248000142305|73222&4&3428.208533674395|73230&4&930.5729554546776|73232&4&709.8989895176803|73233&4&41.512829661623925|73250&4&855.345485439923|73252&4&25.833867885444207|73254&4&2487.6520938346985|73256&4&708.3324015357454|73257&4&1423.4342086337012|73259&4&5.8735841566966105|73261&4&1387.2429063393477|73286&4&1139.030569312101|73287&4&261.098071793735|73306&4&128.77055173389206
306|4,130,1,1,1,1,1,1,1,1,1,1,1,1,1,1,1,1,1,1,1,1,1,1,1,1,1,1,1,1,1,1,1,1,1,1,1,1,1,1,1,1,1,1,1,1,1,1,1,1,1,1,1,1,1,1,1,1,1,1,1,1,1,1,1,1,1,1,1,1,1,1,1,1,1,1,1,1,1,1,1,1,1,1,1,1,1,1,1,1,1,1,1,1,1,1,1,1,1,1,1,1,0,0,0,0,0,0,0,0,0,0,0,0,0,0,0,0,0,0,0,0,2|73199&4&1448.7309701290737|73207&4&3565.9912246613044|73224&4&9.081707598768917|73233&4&260.97761765717286|73242&4&1322.7492696785882|73244&4&1588.5516195566402|73253&4&4139.018710264298|73263&4&7459.102548544046|73269&4&10.476837754120886|73275&4&1311.409412638757|73276&4&1660.1077623396138|73278&4&139.80705875886343|73288&4&3179.5248016604264|73300&4&35.07788996967018,2|73196&4&-3.126388037344441E-13|73197&4&477.2049428761399|73199&4&0.0|73202&4&267.9493124281605|73225&4&377.2872191184469|73226&4&285.0239707744247|73228&4&1033.686721954999|73233&4&1200.6789318129527|73236&4&2370.600655606815|73239&4&2035.981814945129|73246&4&0.0|73248&4&422.37429652742003|73252&4&1886.5376692932514|73262&4&2872.454266478179|73267&4&1530.6536927212358|73268&4&4201.921897310107|73269&4&787.2261667935392|73270&4&533.3853783586976|73272&4&144.7592548383417|73274&4&231.96858094901665|73275&4&1602.1411679475946|73279&4&8.682662688183164|73283&4&222.39128754232726,2|73190&4&1028.158580276309|73208&4&2556.8790434032785|73211&4&5183.14732474495|73212&4&1563.2189639103194|73217&4&2166.320925426755|73222&4&23.856586684079538|73262&4&1382.0433780764793|73264&4&1359.5811894591375|73269&4&5.282818562759559,2|73192&4&372.93650143780343|73195&4&446.38942231196677|73196&4&3705.9831473547215|73208&4&1137.7830658288958|73221&4&4216.261606543754|73222&4&1341.6954558962723|73231&4&2584.8397400124313|73245&4&641.8703319688454|73249&4&2182.7179163759674|73256&4&264.1859180875208|73278&4&0.0|73282&4&721.4363227527114,2|73191&4&105.09204113480666|73194&4&493.70210116323915|73195&4&351.75553835752635|73200&4&203.13358699894587|73206&4&567.4332851559853|73213&4&3104.5022072357633|73214&4&1089.4780417486973|73215&4&1987.8725374899948|73218&4&2915.050802170206|73219&4&678.9389495481565|73220&4&1582.938858060041|73221&4&1342.3861352019896|73235&4&1315.5652028492652|73240&4&168.74537147179268|73243&4&1449.3063229328648|73255&4&1499.3612214221184|73257&4&1563.6194788533041|73273&4&124.88316127962047|73278&4&3299.6204119620943|73282&4&21.96792860197069|73287&4&9.415290844117676|73300&4&253.17867222809767,2|73189&4&1283.6120157840962|73206&4&258.61830179379353|73210&4&807.3626737895349|73257&4&419.06403540522246|73260&4&596.3243566468196|73266&4&2280.8415154910567|73270&4&5424.652743889577|73283&4&749.0488295309785|73307&4&237.00696645731387,2|73208&4&20.430834849966434|73224&4&1014.2506113948717|73238&4&1580.2697929952155|73241&4&358.8902226628311|73245&4&2574.335307511147|73247&4&32.5544066242084|73251&4&218.84423029767595|73253&4&666.742694749322|73256&4&1064.3374863699328|73258&4&3358.415698047813|73277&4&167.52343053946583|73279&4&1030.8432021168192|73282&4&2986.628062026689|73285&4&508.2153507770802,2|73189&4&386.03376159225996|73204&4&2475.9066748812916|73226&4&86.37109097238859|73228&4&2563.8764127760896|73230&4&223.15433568154413|73236&4&715.4393841075075|73237&4&3972.8785564709165|73240&4&3864.935605942071|73246&4&0.0|73255&4&2285.047302056294|73262&4&1542.39791185091|73265&4&125.44814494001903|73269&4&324.7683101407418,2|73193&4&1.002056276649773|73195&4&410.44851944921027|73201&4&80.27747100835502|73205&4&98.32173309889146|73206&4&619.0908643641235|73209&4&2501.8386163261152|73214&4&522.1963220842952|73223&4&2784.162100178423|73226&4&170.69757750667628|73228&4&340.22377501856386|73229&4&169.24513185354076|73232&4&1331.3093820772006|73235&4&172.22530768947502|73238&4&2259.5973634038382|73248&4&292.1988469912726|73252&4&684.7041437905882|73260&4&1215.6921940169227|73271&4&1167.137908911191|73277&4&140.86726128639413|73283&4&1328.6795759604352,2|73189&4&1156.9251231884355|73195&4&344.1796876583385|73201&4&2522.2371796882935|73209&4&3498.934926611708|73222&4&3868.7154188951986|73230&4&863.3331676922184|73232&4&669.712270369604|73233&4&138.90759689277078|73250&4&792.2986431338751|73252&4&23.988591607912475|73254&4&2232.4640872092286|73256&4&929.2797228421707|73257&4&1308.4612290370826|73259&4&3.5527216220662097|73261&4&1272.5329514926084|73286&4&1046.4736360376755|73287&4&385.35332095540883|73306&4&91.82474774559961
307|4,130,1,1,1,1,1,1,1,1,1,1,1,1,1,1,1,1,1,1,1,1,1,1,1,1,1,1,1,1,1,1,1,1,1,1,1,1,1,1,1,1,1,1,1,1,1,1,1,1,1,1,1,1,1,1,1,1,1,1,1,1,1,1,1,1,1,1,1,1,1,1,1,1,1,1,1,1,1,1,1,1,1,1,1,1,1,1,1,1,1,1,1,1,1,1,1,1,1,1,1,1,0,0,0,0,0,0,0,0,0,0,0,0,0,0,0,0,0,0,0,0,2|73199&4&1354.643019289574|73207&4&3242.569237669693|73224&4&0.07905784166017868|73233&4&195.68490102562737|73242&4&1789.1509718021966|73244&4&1782.526337979808|73253&4&4029.0093063738805|73263&4&7514.164267286153|73269&4&5.2384188770604245|73275&4&1155.2210599630146|73276&4&2111.144180890172|73278&4&39.040844515364924|73288&4&3370.39863560505|73300&4&30.066762831145873,2|73197&4&521.0026808917868|73202&4&246.94321243986116|73225&4&555.0344392929956|73226&4&266.50769026727005|73228&4&972.4688897940038|73233&4&1063.5124336205984|73236&4&2215.7209668106157|73239&4&2112.275791844144|73246&4&122.76126164684496|73248&4&380.5869049037551|73252&4&1973.1466016334311|73262&4&2712.488996928175|73267&4&1408.0735323962483|73268&4&4556.364258717182|73269&4&1065.491842631872|73270&4&424.65383858679905|73272&4&137.52129209642462|73274&4&220.18233324759052|73275&4&1513.5698858396645|73279&4&7.235552240152638|73283&4&852.7629320702255,2|73190&4&917.3695780154142|73208&4&2970.6775805768248|73211&4&4951.030433176103|73212&4&1772.9613568196378|73217&4&2255.094085844275|73222&4&1.6342482922482304E-13|73262&4&1283.4137043720466|73264&4&1325.6942302982602|73269&4&0.0,2|73192&4&300.98776619532555|73195&4&410.5179069920571|73196&4&4019.044466468125|73208&4&939.1753970706782|73221&4&3754.606763190325|73222&4&1137.2389578798163|73231&4&3477.485877448474|73245&4&479.16611891887476|73249&4&2297.8627851962065|73256&4&206.6185403426042|73282&4&564.2793408030707,2|73191&4&99.25359440509519|73194&4&457.05304222669656|73195&4&626.254863607212|73200&4&251.49506056419727|73206&4&532.7919048112833|73213&4&3395.839318462761|73214&4&1466.621852173807|73215&4&1755.9885216483008|73218&4&2837.7997948344328|73219&4&627.5277700408354|73220&4&1462.673976454479|73221&4&1459.3729029346523|73235&4&1340.2566071078218|73240&4&81.3920174021205|73243&4&1319.8474044503514|73255&4&2019.9445469261047|73257&4&2282.2221604166525|73273&4&117.53709296905456|73278&4&4568.775310263298|73282&4&1.4921397450962104E-13|73287&4&4.263256414560601E-14|73300&4&229.14503006204157,2|73189&4&1151.3144186874601|73206&4&440.2141899343042|73210&4&755.2960672314302|73257&4&314.35034916026046|73260&4&490.78959268543406|73266&4&2179.250269431779|73270&4&5183.771924767281|73283&4&610.3483443877748|73307&4&218.7756613452128,2|73208&4&1.3500311979441904E-13|73224&4&1421.6323421433785|73238&4&1361.9174797168198|73241&4&328.6785495827407|73245&4&2825.547754420749|73247&4&30.84101680188164|73251&4&198.9142938569452|73253&4&559.7224350888889|73256&4&963.0180878508637|73258&4&3411.6651945081258|73277&4&154.53783349993375|73279&4&936.24612607167|73282&4&2794.718388906379|73285&4&482.77801904988735,2|73189&4&268.0462088162428|73204&4&2221.36051451768|73226&4&79.01020981256832|73228&4&2262.980175183647|73230&4&164.42996139335904|73236&4&606.2647969181094|73237&4&3779.4124122710427|73240&4&4176.195730495596|73255&4&2027.0229680721727|73262&4&1288.7527738934396|73265&4&117.49421657162529|73269&4&269.7598635415276|73282&4&285.34328237781233,2|73193&4&57.83152212966293|73195&4&315.374855143367|73201&4&39.92380910127697|73205&4&92.10826861034076|73206&4&526.8638084715905|73209&4&2148.042409925345|73214&4&418.3722098223834|73223&4&2564.6060775519727|73226&4&131.85642740700493|73228&4&960.1013152436101|73229&4&158.66731111269445|73232&4&1163.5353270707305|73235&4&116.33592034636223|73238&4&2114.275539925252|73248&4&456.3013026749771|73252&4&560.819175871832|73260&4&1128.5647460805235|73271&4&1085.780700384767|73277&4&133.82389822207443|73280&4&18.584496622632173|73283&4&1235.7132262338914|73285&4&585.457387722088,2|73189&4&1637.5811364627136|73195&4&321.23437514778254|73201&4&2327.9983638101858|73209&4&3790.680197393337|73222&4&3796.8434301153384|73230&4&842.3727745821755|73232&4&629.5255512215276|73233&4&192.82420733232118|73250&4&729.2518008278271|73252&4&22.143315330380744|73254&4&1982.5122335559925|73256&4&1027.2584882007739|73257&4&1193.4882494404642|73259&4&3.157974775169967|73261&4&1157.8229966458694|73286&4&953.9167027632504|73287&4&546.8166278398518|73306&4&54.87894375730714
308|4,130,1,1,1,1,1,1,1,1,1,1,1,1,1,1,1,1,1,1,1,1,1,1,1,1,1,1,1,1,1,1,1,1,1,1,1,1,1,1,1,1,1,1,1,1,1,1,1,1,1,1,1,1,1,1,1,1,1,1,1,1,1,1,1,1,1,1,1,1,1,1,1,1,1,1,1,1,1,1,1,1,1,1,1,1,1,1,1,1,1,1,1,1,1,1,1,1,1,1,1,1,0,0,0,0,0,0,0,0,0,0,0,0,0,0,0,0,0,0,0,0,2|73199&4&1360.4826321628714|73207&4&2924.4841132826537|73224&4&4.440892098500626E-16|73233&4&130.39218439408185|73242&4&1565.7072468663487|73244&4&1596.9751531598502|73253&4&3962.8538363333246|73263&4&6877.585110139328|73269&4&-3.730349362740526E-14|73275&4&999.0327072872722|73276&4&2433.4020248481247|73278&4&-3.694822225952521E-13|73288&4&3352.7311148002136|73300&4&25.055635692621564,2|73197&4&532.0055569457967|73202&4&225.93711245156177|73216&4&146.79172522722487|73225&4&561.8018772408295|73226&4&247.99140976011546|73228&4&911.2510576330087|73233&4&926.3459354282439|73236&4&2060.841278014416|73239&4&2780.2062729113304|73242&4&724.1729739199227|73246&4&116.62319856450272|73248&4&338.79951328009025|73252&4&2096.1197863587045|73262&4&2552.5237273781704|73267&4&1285.4933720712606|73268&4&4145.671019554004|73269&4&994.2122037331558|73270&4&319.809648038236|73272&4&0.0|73274&4&208.3960855461644|73275&4&1424.9986037317342|73279&4&5.7884417921221125|73283&4&1268.3948437540666,2|73190&4&1264.9870345123632|73208&4&2766.5068647592216|73211&4&4477.564810971631|73212&4&1637.2578947551256|73217&4&2614.1187351393633|73220&4&215.80487590480345|73262&4&1184.784030667614|73264&4&1209.930402597955,2|73192&4&919.4203169506519|73195&4&374.6463916721474|73196&4&4073.936696887008|73208&4&740.5677283124603|73221&4&3304.376101804529|73222&4&932.7824598633606|73231&4&3576.0527505667037|73245&4&317.72641307167703|73249&4&2127.0112813925125|73256&4&153.7900780216069|73282&4&407.12235885343,2|73191&4&93.41514767538371|73194&4&420.403983290154|73195&4&1237.401808025815|73200&4&235.74634523912886|73206&4&498.15052446658115|73213&4&3327.406027094311|73214&4&1378.735419264226|73215&4&1524.1045058066068|73218&4&2592.464985687011|73219&4&576.1165905335143|73220&4&1348.1053583059927|73221&4&1482.8095714970889|73235&4&1508.6954038010067|73240&4&25.245067387486145|73243&4&1190.388485967838|73255&4&2252.2594233098057|73257&4&2396.101212922579|73273&4&110.19102465848864|73278&4&5320.128117256588|73300&4&205.11138789598547,2|73189&4&1019.016821590824|73206&4&721.1473496312501|73210&4&703.2294606733255|73245&4&899.3654948361134|73257&4&236.52279060924926|73260&4&391.4023840559008|73266&4&1962.8768396838943|73270&4&5251.092973960001|73283&4&502.39225928682447|73307&4&200.54435623311173,2|73198&4&37.65289739936958|73224&4&1349.1365486489503|73238&4&1150.8472384459226|73241&4&350.84300813423124|73245&4&2593.748808958445|73247&4&29.127626979554883|73251&4&178.98435741621444|73253&4&458.9778734395802|73256&4&861.6986893317946|73258&4&3575.6141112248924|73277&4&141.55223646040167|73279&4&841.649050026521|73282&4&2602.8087157860687|73285&4&457.34068732269446,2|73189&4&155.31566120430432|73204&4&2722.8571016344913|73226&4&71.64932865274805|73228&4&1962.083937591205|73230&4&115.70410248922066|73236&4&497.09020972871093|73237&4&3987.531059505289|73240&4&4510.917698569315|73255&4&1799.1959992420316|73262&4&1043.035496094877|73265&4&109.54028820323154|73269&4&214.7514169423133|73282&4&1095.439030610374,2|73193&4&403.64964069805876|73195&4&220.3011908375237|73201&4&2.8421709430404007E-13|73205&4&85.89480412179005|73206&4&447.16121087319516|73207&4&583.9994643518774|73209&4&1840.443186861286|73214&4&328.01904846265353|73223&4&2345.0500549255216|73226&4&93.01527730733356|73228&4&1215.3210970848181|73229&4&148.08949037184814|73232&4&998.4400616383866|73235&4&60.446533003249414|73238&4&1968.9537164466653|73248&4&427.31407606931896|73252&4&452.9012687258115|73260&4&1804.9595241421157|73271&4&1174.772313656039|73277&4&126.78053515775473|73280&4&34.89986213231121|73283&4&1142.7468765073477|73285&4&556.1845183359836,2|73189&4&2096.794001798331|73195&4&298.2890626372266|73201&4&2133.759547932078|73209&4&4761.766104645769|73222&4&4106.468759869678|73230&4&772.8190170870953|73232&4&819.5877259319291|73233&4&268.2193081226104|73250&4&666.2049585217791|73252&4&20.298039052849013|73254&4&2011.67696574715|73256&4&1214.7338811302543|73257&4&1078.5152698438455|73259&4&2.7632279282737215|73261&4&1043.11304179913|73286&4&955.7609521670785|73287&4&510.10781320331716|73306&4&18.829557158362647
309|4,130,1,1,1,1,1,1,1,1,1,1,1,1,1,1,1,1,1,1,1,1,1,1,1,1,1,1,1,1,1,1,1,1,1,1,1,1,1,1,1,1,1,1,1,1,1,1,1,1,1,1,1,1,1,1,1,1,1,1,1,1,1,1,1,1,1,1,1,1,1,1,1,1,1,1,1,1,1,1,1,1,1,1,1,1,1,1,1,1,1,1,1,1,1,1,1,1,1,1,1,1,0,0,0,0,0,0,0,0,0,0,0,0,0,0,0,0,0,0,0,0,2|73199&4&1401.3449600311606|73207&4&2633.497388159283|73233&4&65.09946776253634|73242&4&1374.6375730927857|73244&4&1944.5608869657412|73253&4&3676.606517607111|73263&4&6241.844170487036|73275&4&845.340844227553|73276&4&2208.2540748972942|73288&4&3010.1298125127933|73300&4&20.044508554097256,2|73197&4&499.93430596107453|73202&4&204.9310124632624|73216&4&158.9762063825773|73225&4&607.4312362099743|73226&4&0.0|73228&4&850.0332254720136|73233&4&789.1794372358896|73236&4&2618.11181949648|73239&4&2784.980498931209|73242&4&936.5003158930372|73246&4&110.48513548216047|73248&4&297.01212165642534|73252&4&2214.2194273986215|73257&4&391.6657474428873|73262&4&2999.6537974373828|73267&4&1162.9132117462732|73268&4&4017.4987542785248|73269&4&922.9325648344396|73270&4&222.46347056651936|73274&4&196.60983784473825|73275&4&1336.4273216238041|73279&4&4.341331344091587|73283&4&1201.345429295439,2|73190&4&1604.6696985176277|73208&4&2990.2648374728933|73211&4&4890.399005009745|73212&4&1501.5544326906133|73217&4&2422.3270674954197|73220&4&248.83353429308724|73262&4&1086.1543569631813|73264&4&1094.16657489765,2|73192&4&1545.249754250016|73195&4&338.7748763522377|73196&4&3782.580106310731|73208&4&569.0410869779739|73221&4&2855.7891568379346|73222&4&774.150865992748|73231&4&3317.1250672673327|73245&4&199.13048199278455|73249&4&1992.4492068529498|73256&4&106.52754845763234|73282&4&295.2605031450512,2|73191&4&87.57670094567223|73194&4&383.75492435361144|73195&4&1478.3445654830452|73200&4&219.99762991406044|73206&4&463.5091441218791|73213&4&3265.7413785239232|73214&4&1290.8489863546456|73215&4&1292.2204899649123|73218&4&2430.9933954495345|73219&4&524.7054110261934|73220&4&1240.0155406234132|73221&4&1633.1492249607968|73235&4&1862.1103602378353|73240&4&1.6342482922482304E-13|73243&4&1060.9295674853245|73255&4&2123.567480285902|73257&4&2247.1687189570707|73273&4&274.00119077628125|73278&4&4942.156184643726|73300&4&181.07774572992935,2|73189&4&886.7192244941876|73206&4&1090.2318104367168|73210&4&651.1628541152209|73245&4&1633.1379957291801|73257&4&158.69523205823793|73260&4&315.8128525100796|73266&4&1864.3164179572254|73270&4&4979.224296051158|73283&4&415.4346762490102|73307&4&182.31305112101066,2|73198&4&35.7702525294011|73224&4&1238.1836021686395|73238&4&939.7769971750254|73241&4&318.01252847256177|73245&4&2361.949863496141|73247&4&27.414237157228126|73251&4&204.20380096649035|73253&4&376.77683742688936|73256&4&760.3792908127256|73258&4&3257.180273970737|73277&4&128.56663942086956|73279&4&747.051973981372|73282&4&2410.8990426657588|73285&4&431.90335559550164,2|73189&4&67.57671827031882|73204&4&3049.910208494373|73226&4&0.0|73228&4&1667.821935769997|73230&4&66.97824358508228|73236&4&387.9156225393125|73237&4&4368.004375124146|73240&4&4535.067197964288|73255&4&1616.1363940157173|73262&4&802.4288101440309|73265&4&101.58635983483781|73269&4&159.74297034309905|73282&4&1493.645212229828|73288&4&488.38103524980875,2|73189&4&345.97577954022995|73193&4&450.2489096629193|73195&4&149.8001109519499|73205&4&79.68133963323933|73206&4&373.4439086422875|73207&4&1095.4143937883107|73209&4&1574.3541477842923|73214&4&245.82514140977275|73223&4&2726.3533630463735|73226&4&0.0|73228&4&1597.3938249478729|73229&4&314.9066397090145|73232&4&846.3932816677273|73235&4&24.25291036372411|73238&4&2692.1531530181164|73248&4&425.9006049770999|73252&4&347.0625657643338|73260&4&2045.4451632419366|73271&4&1438.5617288498586|73277&4&119.73717209343502|73280&4&33.10840778413907|73283&4&1049.780526780804|73285&4&526.9116489498792,2|73189&4&1978.2911699989172|73195&4&275.34375012667067|73201&4&1939.5207320539703|73209&4&4519.86693933087|73222&4&4147.538351112983|73230&4&1162.1363767187897|73232&4&1484.8521135259957|73233&4&532.6962549719369|73250&4&603.1581162157312|73252&4&18.452762775317282|73254&4&2018.9757009391822|73256&4&1562.0730609892908|73257&4&963.5422902472271|73259&4&2.368481081377476|73261&4&928.403086952391|73286&4&1424.539705560312|73287&4&614.2967008456419|73306&4&8.911013092605025
310|4,130,1,1,1,1,1,1,1,1,1,1,1,1,1,1,1,1,1,1,1,1,1,1,1,1,1,1,1,1,1,1,1,1,1,1,1,1,1,1,1,1,1,1,1,1,1,1,1,1,1,1,1,1,1,1,1,1,1,1,1,1,1,1,1,1,1,1,1,1,1,1,1,1,1,1,1,1,1,1,1,1,1,1,1,1,1,1,1,1,1,1,1,1,1,1,1,1,1,1,1,1,0,0,0,0,0,0,0,0,0,0,0,0,0,0,0,0,0,0,0,0,2|73196&4&115.4383147340709|73199&4&1263.4534431916534|73207&4&2368.425854298702|73233&4&19.336833588630583|73242&4&1230.6665381452267|73244&4&1934.5814034143727|73253&4&3390.359198880897|73263&4&6055.875480362372|73275&4&691.6489811678339|73276&4&1983.1061249464635|73288&4&2702.856719249323|73300&4&15.033381415572949,2|73197&4&467.8630549763525|73202&4&183.92491247496304|73216&4&150.66041675038036|73225&4&587.7713355994154|73226&4&150.76394712210399|73228&4&788.8153933110184|73233&4&652.0129390435353|73236&4&2765.425541783198|73239&4&2590.8809433017955|73242&4&1339.9429062081565|73246&4&104.34707239981823|73248&4&255.22473003276042|73252&4&2557.0721189669066|73257&4&571.4332741894069|73262&4&3765.990278020996|73267&4&1040.333051421286|73268&4&3618.3538848164867|73269&4&996.7526222461455|73270&4&125.11729309480285|73274&4&184.82359014331212|73275&4&1554.8979320622016|73279&4&2.8942208960610607|73283&4&1216.9873160564543,2|73190&4&1487.9757922602955|73208&4&4009.5803723070285|73211&4&5581.011598188525|73212&4&1455.7596220235055|73217&4&2608.8954922303665|73220&4&235.85234538867087|73262&4&987.5246832587485|73264&4&978.4027471973445,2|73192&4&1454.5630007685177|73195&4&302.903361032328|73196&4&3460.685730949403|73208&4&409.32715855906355|73221&4&2407.2022118713408|73222&4&633.3538849798022|73231&4&3181.7371104419885|73245&4&99.07359807988186|73249&4&1823.883858577841|73256&4&72.89247245987269|73282&4&209.78424390793413,2|73191&4&81.73825421596075|73194&4&347.10586541706886|73195&4&1453.912141798589|73200&4&482.7066354882933|73206&4&428.86776377717706|73213&4&3025.387289370608|73214&4&1627.4939802242725|73215&4&1527.8080411342676|73218&4&2465.025009798444|73219&4&473.29423151887227|73220&4&1137.3901070179081|73221&4&3308.50619285439|73235&4&1975.4437022944885|73243&4&1090.5397627028856|73255&4&2336.950930375989|73257&4&2098.2362249915623|73273&4&407.3147412061405|73278&4&4564.1842520308655|73300&4&157.04410356387328,2|73189&4&754.4216273975516|73206&4&1031.2611225673427|73210&4&599.096247557116|73245&4&2442.758265934005|73257&4&92.64712295181015|73260&4&261.1770265977106|73266&4&1821.0781464021393|73270&4&5490.249619422306|73283&4&331.4537284862055|73307&4&164.0817460089096,2|73198&4&33.88760765943262|73224&4&1127.230655688329|73238&4&751.4734723103302|73241&4&285.1820488108923|73245&4&2130.150918033837|73247&4&25.70084733490137|73251&4&503.05028821848805|73253&4&302.7642892344259|73256&4&659.0598922936566|73258&4&3248.3116509958127|73277&4&115.58104238133745|73279&4&652.454897936223|73282&4&2218.9893695454493|73285&4&406.46602386830875,2|73189&4&23.61274850219762|73204&4&3329.9714674795805|73228&4&1420.8640052047772|73230&4&30.87027377438242|73234&4&18.076250880331013|73236&4&282.7727038093402|73237&4&4449.25272548358|73240&4&4222.956387951234|73255&4&1433.076788789403|73262&4&594.1295619221771|73265&4&93.63243146644407|73269&4&104.73452374388481|73282&4&1669.228929798497|73288&4&804.8662699259726,2|73189&4&1232.5081906103126|73193&4&429.6506182570476|73195&4&103.87379253498742|73205&4&73.46787514468862|73206&4&316.3130232873359|73207&4&1097.4877489656985|73209&4&1308.2651087072986|73214&4&163.631234356892|73223&4&2770.3047490288172|73228&4&1511.0278232253581|73229&4&445.7157087099356|73232&4&720.7460114027194|73235&4&-1.0658141036401503E-13|73238&4&2979.9081322664724|73248&4&395.53469059576986|73252&4&241.2238628028561|73260&4&1996.750844864587|73271&4&1966.2374448028415|73277&4&112.69380902911531|73280&4&31.316953435966926|73283&4&956.8141770542604|73285&4&497.63877956377485,2|73189&4&1859.7883381995036|73195&4&252.39843761611476|73201&4&2104.2128659516775|73209&4&4243.939175562318|73222&4&4113.784414683873|73230&4&1204.0905103252087|73232&4&1661.491596066618|73233&4&836.6291162447131|73250&4&540.1112739096832|73252&4&16.60748649778555|73254&4&1968.33570831646|73256&4&1821.3849379498552|73257&4&848.5693106506085|73259&4&1.9737342344812303|73261&4&813.6931321056518|73286&4&1298.9599258618957|73287&4&576.9375865390274|73306&4&2.728093939052881
311|4,130,1,1,1,1,1,1,1,1,1,1,1,1,1,1,1,1,1,1,1,1,1,1,1,1,1,1,1,1,1,1,1,1,1,1,1,1,1,1,1,1,1,1,1,1,1,1,1,1,1,1,1,1,1,1,1,1,1,1,1,1,1,1,1,1,1,1,1,1,1,1,1,1,1,1,1,1,1,1,1,1,1,1,1,1,1,1,1,1,1,1,1,1,1,1,1,1,1,1,1,1,0,0,0,0,0,0,0,0,0,0,0,0,0,0,0,0,0,0,0,0,2|73196&4&109.66639899736735|73199&4&1524.084550214472|73207&4&2103.35432043812|73233&4&-8.526512829121202E-14|73242&4&1115.4348649973763|73244&4&2353.0014961890147|73245&4&755.7339763636228|73253&4&3379.2493208985707|73263&4&6377.373279670004|73275&4&557.0782206138673|73276&4&1951.3142184306757|73288&4&2408.0492159612672|73300&4&10.022254277048642,2|73197&4&625.8465433730778|73202&4&226.79709866615997|73216&4&142.34462711818344|73225&4&0.0|73226&4&143.22574976599878|73228&4&727.5975611500232|73233&4&514.8464408511809|73236&4&2669.1329716769646|73239&4&2371.6294086781713|73242&4&2097.110884565881|73246&4&356.96910914810667|73248&4&213.43733840909553|73252&4&2729.812653120798|73257&4&1058.9095154147003|73262&4&4490.36009596799|73267&4&917.7528910962985|73268&4&4048.2149316481796|73269&4&1277.3462352973806|73270&4&53.31051984489408|73274&4&173.03734244188598|73275&4&1933.8231309171686|73279&4&1.447110448030535|73283&4&1317.2878095062479,2|73190&4&1371.2818860029638|73208&4&4135.526158607804|73211&4&5427.409246877144|73212&4&1536.4656780834648|73217&4&3333.340085268987|73220&4&222.8711564842545|73262&4&888.8950095543157|73264&4&862.6389194970391,2|73192&4&1373.3504694462827|73195&4&267.0318457124183|73196&4&3144.394610555574|73208&4&280.67305182331336|73221&4&1997.103845882553|73222&4&498.54642663812|73231&4&2928.809051690902|73245&4&29.37275092057405|73249&4&1659.528414096839|73256&4&49.39848837061618|73282&4&137.15654510034784,2|73191&4&75.89980748624927|73194&4&310.45680648052627|73195&4&1604.5533641472562|73200&4&453.0350341182598|73206&4&394.22638343247496|73213&4&2785.0332002172927|73214&4&2052.11422576492|73215&4&2297.7805417273576|73218&4&2219.004493178462|73219&4&421.8830520115512|73220&4&1034.7646734124035|73221&4&4623.7738506078185|73235&4&2000.1028029680301|73243&4&1453.8563456280958|73255&4&2633.9938700938374|73257&4&1949.3037310260536|73273&4&383.9499896510645|73278&4&4186.212319418005|73300&4&133.01046139781718,2|73189&4&622.1240303009154|73206&4&972.2904346979689|73210&4&547.0296409990115|73245&4&2314.176673224037|73257&4&43.92957264129675|73260&4&206.54120068534152|73266&4&2282.1403013117997|73270&4&5525.222090861031|73283&4&249.9162873632978|73307&4&145.85044089680852,2|73198&4&32.00496278946414|73224&4&1016.2777092080182|73238&4&566.7704331065127|73241&4&252.35156914922277|73245&4&1898.351972571533|73247&4&23.98745751257461|73251&4&464.81118814359303|73253&4&228.75174104196242|73256&4&557.7404937745875|73258&4&2919.6510471151755|73261&4&451.507860362585|73277&4&102.59544534180536|73279&4&557.8578218910741|73282&4&2027.079696425139|73285&4&381.0286921411159,2|73189&4&-9.237055564881302E-14|73203&4&36.50867250443686|73204&4&3257.0068602173533|73228&4&1182.3366582837277|73230&4&4.973799150320701E-14|73234&4&17.172438336314464|73236&4&189.9859170890976|73237&4&5193.1212269389725|73240&4&4651.854218587423|73255&4&1250.017183563089|73262&4&452.16912058296344|73265&4&85.67850309805033|73269&4&59.23180114745588|73282&4&1968.7675436666937|73288&4&1381.0315216285355,2|73189&4&1789.8998193218931|73193&4&405.8053615460035|73195&4&57.947474118024765|73205&4&67.2544106561379|73206&4&261.97419408631595|73207&4&1202.7803279248583|73209&4&1042.176069630305|73214&4&105.34455511633993|73223&4&2532.5633620351955|73228&4&1820.696569873157|73229&4&418.75530755290526|73232&4&616.1134719488875|73238&4&3015.6441818880926|73248&4&365.16877621443973|73252&4&161.1014115828192|73260&4&1848.4128906726946|73271&4&1836.238086973022|73277&4&354.9831927477719|73280&4&29.525499087794785|73283&4&863.8478273277167|73285&4&468.36591017767046,2|73189&4&1741.28550640009|73195&4&229.45312510555885|73201&4&2951.9543460902833|73209&4&3968.0114117937646|73222&4&4278.297042212143|73230&4&1378.2695158828783|73232&4&1560.7349134561957|73233&4&1497.1092736477967|73250&4&477.0644316036352|73252&4&14.762210220253822|73254&4&1857.390401619935|73256&4&1705.2717690273478|73257&4&733.5963310539901|73259&4&2.6613570075437685|73261&4&698.9831772589127|73286&4&1173.3801461634791|73287&4&539.5784722324128|73306&4&1.364046969526462
312|4,130,1,1,1,1,1,1,1,1,1,1,1,1,1,1,1,1,1,1,1,1,1,1,1,1,1,1,1,1,1,1,1,1,1,1,1,1,1,1,1,1,1,1,1,1,1,1,1,1,1,1,1,1,1,1,1,1,1,1,1,1,1,1,1,1,1,1,1,1,1,1,1,1,1,1,1,1,1,1,1,1,1,1,1,1,1,1,1,1,1,1,1,1,1,1,1,1,1,1,1,1,0,0,0,0,0,0,0,0,0,0,0,0,0,0,0,0,0,0,0,0,2|73196&4&103.8944832606638|73199&4&2028.6494448955266|73207&4&1838.282786577538|73227&4&40.99042313562029|73242&4&1010.8041979533994|73244&4&2410.3873134433434|73245&4&1183.9897849500344|73253&4&3079.2451301351625|73263&4&7295.206958649183|73275&4&432.06671401957675|73276&4&2379.0494501428057|73288&4&2147.3512711478725|73300&4&5.011127138524335,2|73197&4&585.3944008302644|73202&4&1166.382774697744|73216&4&134.02883748598651|73225&4&170.17123643804302|73226&4&135.68755240989358|73228&4&666.3797289890281|73233&4&377.6799426588266|73236&4&2614.3509765016024|73239&4&2345.6777183377544|73242&4&2050.1588501635674|73246&4&337.8930410742329|73248&4&171.64994678543064|73252&4&2952.2296534405896|73257&4&1410.649921929474|73262&4&4204.081099565163|73267&4&795.1727307713111|73268&4&4676.6826637045215|73269&4&1631.2888861093204|73270&4&3.836930773104541E-13|73274&4&161.25109474045985|73275&4&1805.7573254024112|73279&4&9.325873406851315E-15|73283&4&1890.027350229251,2|73190&4&1254.5879797456319|73208&4&4005.9377518051047|73211&4&5332.827417052957|73212&4&1656.6900584569162|73217&4&3260.967966096481|73220&4&209.88996757983813|73262&4&790.2653358498831|73264&4&746.8750917967337,2|73192&4&1292.1379381240477|73195&4&231.16033039250863|73196&4&2828.1034901617445|73208&4&166.3564967962369|73221&4&1657.838348981974|73222&4&373.4134438806713|73231&4&2726.0249001042057|73245&4&1.1368683772161603E-13|73249&4&1495.1729696158372|73256&4&30.583754561273874|73282&4&79.99543434591331,2|73191&4&70.0613607565378|73194&4&273.8077475439837|73195&4&1701.1968000616657|73200&4&423.3634327482264|73206&4&359.58500308777286|73213&4&2544.679111063978|73214&4&2301.637226117027|73215&4&2102.656687562103|73218&4&2075.280990468016|73219&4&502.88288754399485|73220&4&932.1392398068986|73221&4&5022.490825699723|73235&4&1818.9756446222868|73243&4&1635.4960431032284|73255&4&2624.345547211793|73257&4&1800.371237060545|73273&4&360.58523809598853|73278&4&3808.2403868051433|73300&4&108.97681923176108,2|73189&4&489.8264332042793|73206&4&1050.8281852570008|73210&4&494.96303444090677|73245&4&2185.595080514069|73257&4&17.008088949990757|73260&4&151.90537477297244|73266&4&2834.6576237564905|73270&4&6077.91575356206|73283&4&171.6506666065673|73307&4&127.61913578470745,2|73198&4&30.122317919495657|73224&4&1105.0453562067069|73238&4&417.6719932637584|73241&4&219.52108948755327|73245&4&1666.5530271092289|73247&4&22.274067690247854|73251&4&682.4898503919517|73253&4&161.91498666237322|73256&4&456.42109525551854|73258&4&2925.065473427143|73261&4&566.8105537681356|73277&4&89.60984830227326|73279&4&683.4565677761732|73282&4&1835.170023304829|73285&4&355.5913604139231,2|73203&4&219.73873780111126|73204&4&2961.227745304517|73228&4&957.4708367479869|73234&4&16.268625792297915|73236&4&100.38169527828032|73237&4&4773.270855332251|73240&4&4583.974883415209|73255&4&1072.0760830332915|73262&4&373.3746456109262|73265&4&77.72457472965658|73269&4&18.07841857569625|73282&4&1994.7184795779685|73288&4&2028.335861364221,2|73189&4&1735.5557211314367|73193&4&468.06926673243595|73195&4&24.62210343828096|73205&4&117.42613199613265|73206&4&207.635364885296|73207&4&1747.8386893105946|73209&4&799.6161418486602|73214&4&71.66427192020339|73223&4&2294.8219750415738|73228&4&2401.498604059237|73229&4&391.79490639587493|73232&4&515.1020143428723|73238&4&3295.9121549076854|73248&4&352.40184974408544|73252&4&98.13800191310304|73260&4&1700.0749364808028|73271&4&1706.2387291432026|73277&4&387.14725316218954|73280&4&27.734044739622643|73283&4&770.8814776011732|73285&4&439.09304079156607,2|73189&4&1622.7826746006763|73195&4&206.50781259500295|73201&4&3114.4949143554322|73209&4&4254.232961681783|73222&4&4283.176870340572|73230&4&1545.6559909989917|73232&4&1459.9782308457734|73233&4&2432.8123991378925|73250&4&414.0175892975873|73252&4&12.916933942722093|73254&4&1722.5856650562127|73256&4&1589.1586001048404|73257&4&618.6233514573714|73259&4&2.2124916796495837|73261&4&599.9871787798352|73286&4&1047.8003664650628|73287&4&606.280690429372|73306&4&9.325873406851315E-15
313|4,130,1,1,1,1,1,1,1,1,1,1,1,1,1,1,1,1,1,1,1,1,1,1,1,1,1,1,1,1,1,1,1,1,1,1,1,1,1,1,1,1,1,1,1,1,1,1,1,1,1,1,1,1,1,1,1,1,1,1,1,1,1,1,1,1,1,1,1,1,1,1,1,1,1,1,1,1,1,1,1,1,1,1,1,1,1,1,1,1,1,1,1,1,1,1,1,1,1,1,1,1,0,0,0,0,0,0,0,0,0,0,0,0,0,0,0,0,0,0,0,0,2|73196&4&290.89641397408036|73199&4&2047.5319054661986|73207&4&1599.9255724822544|73227&4&38.94090197883928|73242&4&906.1735309094224|73244&4&2331.76217957396|73245&4&2086.1044055294697|73253&4&2779.2409393717544|73263&4&7693.3062818254975|73275&4&307.7791832586496|73276&4&3222.849522311675|73288&4&1924.8133667209956|73300&4&2.8421709430404007E-14,2|73197&4&544.9422582874512|73202&4&0.0|73216&4&125.71304785378958|73225&4&161.66267461614086|73226&4&128.14935505378838|73228&4&605.161896828033|73233&4&278.2121336383201|73236&4&2998.007530511256|73239&4&2412.334886617927|73242&4&1934.2137494721626|73246&4&318.8169730003591|73248&4&129.86255516176575|73252&4&2873.287613219183|73257&4&1611.473837052472|73262&4&3917.8021031623357|73267&4&672.5925704463236|73268&4&4614.773033098302|73269&4&1871.5501460455346|73274&4&158.54984418493973|73275&4&2141.40498552434|73283&4&1899.495533229505,2|73190&4&1137.8940734882997|73208&4&3814.940037329444|73211&4&4862.788940644561|73212&4&1519.9244392431267|73217&4&2994.539168885049|73220&4&196.90877867542176|73262&4&691.6356621454505|73264&4&631.1112640964284,2|73192&4&1210.9254068018124|73195&4&195.28881507259894|73196&4&2511.8123697679157|73208&4&81.41525727270229|73221&4&1368.0064803524008|73222&4&265.59801984491287|73231&4&3149.475793208081|73249&4&1330.8175251348353|73256&4&13.901725830432637|73282&4&22.834323591478753,2|73191&4&529.1208701309614|73194&4&237.15868860744112|73195&4&1996.56843836165|73200&4&393.6918313781929|73206&4&324.9436227430708|73213&4&2439.573698568106|73214&4&2525.581540188936|73215&4&2413.44748982891|73218&4&2588.2712530565764|73219&4&444.85115728468566|73220&4&829.5138062013934|73221&4&4729.485632594324|73235&4&1637.8484862765436|73243&4&0.0|73255&4&2519.827574950128|73257&4&1651.4387430950362|73273&4&337.2204865409126|73278&4&3475.6351734970754|73300&4&84.94317706570499,2|73189&4&357.52883610764303|73206&4&1013.8951856501773|73210&4&442.8964278828021|73245&4&2057.0134878041013|73257&4&2.2179452274744227|73260&4&97.26954886060335|73266&4&2877.932505599898|73270&4&6612.37970290605|73283&4&116.7706788136029|73307&4&109.38783067260638,2|73198&4&28.239673049527177|73205&4&539.2497013664364|73224&4&994.458985270247|73238&4&293.5724208474244|73241&4&620.1996029955526|73245&4&1434.754081646925|73247&4&0.0|73251&4&631.4548622008939|73253&4&101.04681272565519|73256&4&355.1016967364495|73258&4&2976.0918020773242|73261&4&537.3412564288224|73277&4&0.0|73279&4&577.8497006345117|73282&4&1643.2603501845192|73285&4&330.1540286867302,2|73203&4&0.0|73204&4&3219.8136740172013|73228&4&763.2946361915868|73234&4&15.364813248281363|73236&4&35.38058045484596|73237&4&4358.303452166672|73240&4&4926.2618684939935|73255&4&897.3824111730163|73262&4&299.78734286086035|73265&4&69.77064636126285|73269&4&-1.2079226507921703E-13|73282&4&2656.329624487249|73288&4&2269.909642175212,2|73189&4&2427.2673275371235|73193&4&439.918551926518|73195&4&0.0|73205&4&108.39340821615467|73206&4&171.65983920395078|73207&4&2407.7822626193674|73209&4&582.6581783351257|73214&4&51.59852870283207|73223&4&2155.585458133409|73228&4&2260.982376251851|73229&4&364.8345052388446|73232&4&414.0905567368569|73238&4&3710.8481672339894|73248&4&398.0623854887727|73252&4&52.810489107116|73260&4&1551.7369822889104|73271&4&1576.2393713133833|73277&4&0.0|73280&4&25.9425903914505|73283&4&677.9151278746294|73285&4&409.8201714054617,2|73189&4&1504.2798428012625|73195&4&183.56250008444704|73201&4&3488.70143883068|73209&4&4839.389915708869|73222&4&4349.8553636894185|73230&4&1486.0274669774435|73232&4&1359.2215482353508|73233&4&2488.0178767640696|73250&4&372.4041172591635|73252&4&11.071657665190363|73254&4&1639.3441089698138|73256&4&1473.0454311823328|73257&4&503.65037186075284|73259&4&1.763626351755399|73261&4&500.9911803007576|73286&4&922.2205867666462|73287&4&564.2565520861153
314|4,130,1,1,1,1,1,1,1,1,1,1,1,1,1,1,1,1,1,1,1,1,1,1,1,1,1,1,1,1,1,1,1,1,1,1,1,1,1,1,1,1,1,1,1,1,1,1,1,1,1,1,1,1,1,1,1,1,1,1,1,1,1,1,1,1,1,1,1,1,1,1,1,1,1,1,1,1,1,1,1,1,1,1,1,1,1,1,1,1,1,1,1,1,1,1,1,1,1,1,1,1,0,0,0,0,0,0,0,0,0,0,0,0,0,0,0,0,0,0,0,0,2|73196&4&1066.652778262216|73199&4&1855.5080551314716|73207&4&1386.6250076441693|73227&4&36.89138082205827|73242&4&801.5428638654454|73244&4&2133.468943482135|73245&4&2298.971429717958|73253&4&3197.0385558929547|73263&4&7295.792113299896|73275&4&203.77150737966838|73276&4&3811.63890637473|73288&4&1717.2537585479713,2|73197&4&613.3959726065945|73216&4&492.69726215325204|73225&4&153.1541127942387|73226&4&120.61115769768318|73228&4&543.9440646670379|73233&4&210.40197363600964|73236&4&3245.1363213941986|73239&4&2396.5736031475494|73242&4&1818.2686487807582|73246&4&299.74090492648537|73248&4&88.07516353810087|73252&4&2849.2981292535924|73257&4&1521.8853648028676|73262&4&3631.523106759509|73267&4&550.0124101213362|73268&4&4520.723646707269|73269&4&1734.5737271844534|73274&4&146.30934662621831|73275&4&2978.0735838425303|73283&4&1851.6942231415676,2|73190&4&1021.2001672309676|73208&4&4200.9760731986335|73211&4&4570.4667260809965|73212&4&1383.158820029337|73217&4&2776.8661856643985|73220&4&183.9275897710054|73262&4&593.0059884410177|73264&4&629.2036719922409,2|73192&4&1129.7128754795772|73195&4&159.41729975268925|73196&4&2208.335922519978|73208&4&24.31500332973206|73221&4&1078.1746117228279|73222&4&184.6851901331292|73231&4&3310.410740887181|73249&4&1166.4620806538335|73256&4&179.43673336266858|73282&4&1.4921397450962104E-13,2|73191&4&1034.0629810648504|73194&4&200.50962967089856|73195&4&1880.3171125917158|73200&4&364.02023000815944|73206&4&290.3022423983688|73213&4&2385.525285743357|73214&4&2351.565234388209|73215&4&3389.177350624665|73218&4&2926.7786451334937|73219&4&411.90115565334384|73220&4&726.8883725958885|73221&4&4760.814538493641|73235&4&1456.7213279308005|73255&4&2722.2089649010186|73257&4&1502.5062491295275|73273&4&313.8557349858366|73278&4&3095.3949049189746|73300&4&60.90953489964889,2|73189&4&243.35588689042078|73206&4&946.6034203501845|73210&4&390.82982132469743|73245&4&1928.4318950941336|73257&4&7.105427357601002E-15|73260&4&42.63372294823425|73266&4&3103.7101987676633|73270&4&7027.124816593062|73283&4&70.3490492750064|73307&4&91.15652556050532,2|73198&4&26.357028179558696|73205&4&512.2872162981146|73224&4&883.8726143337869|73238&4&204.28543596939363|73241&4&845.8471082331869|73245&4&1251.4186212203633|73251&4&704.2865200540364|73253&4&45.81671718911767|73256&4&253.78229821738051|73258&4&2772.6089102956357|73261&4&734.3095844503334|73279&4&481.4518591442387|73282&4&1451.3506770642095|73285&4&304.7166969595374,2|73204&4&3135.1825785573474|73228&4&587.7237374503579|73234&4&14.461000704264812|73236&4&-2.8421709430404007E-13|73237&4&3949.567427747772|73240&4&5377.104196421037|73255&4&727.7795126827929|73262&4&226.20004011079453|73265&4&61.816717992869116|73282&4&2818.4237386191544|73288&4&2390.9520152630603,2|73189&4&3141.5834989015893|73193&4&411.7678371206|73205&4&99.36068443617668|73206&4&135.6843135226057|73207&4&2894.981557305815|73209&4&437.85805039200693|73214&4&42.99877391902672|73223&4&1912.9188276355144|73228&4&2120.466148444464|73229&4&337.87410408181427|73232&4&668.1532373171342|73238&4&3812.689796325337|73248&4&605.3993412075363|73252&4&13.542501034933125|73260&4&1403.3990280970183|73271&4&1446.2400134835643|73277&4&94.53487397509534|73280&4&24.15113604327836|73283&4&584.9487781480858|73285&4&380.5473020193573,2|73189&4&1385.777011001849|73195&4&160.61718757389113|73201&4&3545.341430159843|73209&4&5285.844063857405|73222&4&4531.101403583285|73230&4&1529.0791280494195|73232&4&1258.4648656249285|73233&4&2746.8470730703866|73250&4&944.8365138758171|73252&4&9.226381387658634|73254&4&1424.0426836642785|73256&4&1356.9322622598254|73257&4&388.6773922641343|73259&4&1.3147610238612144|73261&4&413.1921293047612|73286&4&796.6408070682298|73287&4&522.2324137428587
315|4,130,1,1,1,1,1,1,1,1,1,1,1,1,1,1,1,1,1,1,1,1,1,1,1,1,1,1,1,1,1,1,1,1,1,1,1,1,1,1,1,1,1,1,1,1,1,1,1,1,1,1,1,1,1,1,1,1,1,1,1,1,1,1,1,1,1,1,1,1,1,1,1,1,1,1,1,1,1,1,1,1,1,1,1,1,1,1,1,1,1,1,1,1,1,1,1,1,1,1,1,1,0,0,0,0,0,0,0,0,0,0,0,0,0,0,0,0,0,0,0,0,2|73196&4&1687.6499966228052|73199&4&1838.2747342278503|73207&4&1207.798407165668|73227&4&0.0|73242&4&696.9121968214683|73244&4&1957.0188372427851|73245&4&2200.4100025850425|73253&4&3710.14670078645|73254&4&508.4721276248929|73263&4&6650.612495237681|73275&4&143.8588307178615|73276&4&3706.8167039760706|73288&4&1509.6941503749472,2|73197&4&568.6820798046006|73216&4&465.61647232447217|73225&4&207.85972440832023|73226&4&243.88007376322685|73228&4&482.7262325060427|73233&4&155.82147368247317|73236&4&3195.1220114747002|73239&4&2397.4593924655137|73242&4&2015.9336923587884|73246&4&280.6648368526116|73248&4&46.287771914435965|73252&4&2631.9499195703934|73257&4&1493.6893475309519|73262&4&3345.2441103566816|73263&4&591.7835851653786|73267&4&427.43224979634874|73268&4&4786.195422833234|73269&4&1597.5973083233728|73274&4&134.0688490674969|73275&4&3234.2930815581617|73283&4&2214.669961383695,2|73190&4&1172.6581634413399|73208&4&4147.966682465516|73211&4&4665.4625016613645|73212&4&1246.393200815547|73217&4&3016.096762985798|73220&4&170.94640086658902|73262&4&494.3763147365851|73264&4&1086.6313594009514,2|73192&4&1048.5003441573422|73195&4&123.54578443277953|73196&4&1921.232381610873|73208&4&-1.4921397450962104E-13|73221&4&813.6955291114793|73222&4&967.5271205003062|73231&4&3559.379733832501|73249&4&1002.1066361728316|73256&4&474.7887061354995,2|73191&4&1019.2388842548127|73194&4&163.86057073435603|73195&4&1753.5495558140283|73200&4&334.348628638126|73206&4&255.66086205366668|73213&4&2436.4211989786418|73214&4&2177.5489285874824|73215&4&3147.6647703774106|73218&4&2963.7523901250424|73219&4&352.61533896263614|73220&4&624.2629389903835|73221&4&5015.502108307363|73235&4&1275.5941695850574|73255&4&3311.495986352002|73257&4&1353.5737551640188|73273&4&290.4909834307606|73278&4&2746.218191451399|73300&4&36.87589273359279,2|73189&4&169.95347981125826|73206&4&879.3116550501918|73210&4&567.8496265971676|73245&4&1799.8503023841654|73260&4&14.561355039410568|73266&4&3319.6231352136515|73270&4&6557.37719512717|73283&4&28.757425598820745|73307&4&72.92522044840425,2|73198&4&50.523794367837574|73205&4&485.32473122979275|73224&4&950.0092220946184|73238&4&124.88893251742219|73241&4&844.2849499525713|73245&4&1097.0986419138667|73251&4&714.720726418851|73253&4&0.928627263213329|73256&4&152.46289969831147|73258&4&3188.6394439538253|73261&4&870.1043267397362|73279&4&888.455425623895|73282&4&1259.4410039439|73285&4&279.2793652323445,2|73204&4&2861.4337115588|73228&4&412.15283870912884|73234&4&13.557188160248261|73237&4&3540.8314033288702|73240&4&5212.239574912508|73255&4&589.4525341080341|73262&4&152.6127373607287|73265&4&364.8710206071783|73282&4&2792.198964711866|73288&4&2412.488326215513,2|73189&4&3015.3280893639853|73193&4&383.61712231468215|73205&4&90.32796065619871|73206&4&99.70878784126057|73207&4&2727.941508830072|73209&4&320.94404624108887|73214&4&34.399019135221366|73223&4&1827.9288507128829|73228&4&2502.9034031312212|73229&4&310.9137029247839|73232&4&934.4958277692745|73238&4&3595.099444223029|73248&4&685.5243103616851|73252&4&4.618527782440651E-14|73260&4&1350.7432649645002|73271&4&1316.2406556537449|73277&4&89.80813027634056|73280&4&450.84194404879213|73283&4&491.9824284215421|73284&4&354.20526972497163|73285&4&351.2744326332529,2|73189&4&1267.2741792024353|73195&4&137.67187506333522|73201&4&3275.418735697014|73209&4&5824.837406812565|73222&4&4162.478662235035|73230&4&1471.324884923102|73232&4&1157.708183014506|73233&4&3241.7318383662873|73250&4&0.0|73252&4&7.381105110126905|73254&4&1237.6441945687084|73256&4&1240.8190933373178|73257&4&273.7044126675157|73259&4&0.8658956959670298|73261&4&325.39307830876487|73286&4&882.4594590328725|73287&4&480.20827539960203
316|4,130,1,1,1,1,1,1,1,1,1,1,1,1,1,1,1,1,1,1,1,1,1,1,1,1,1,1,1,1,1,1,1,1,1,1,1,1,1,1,1,1,1,1,1,1,1,1,1,1,1,1,1,1,1,1,1,1,1,1,1,1,1,1,1,1,1,1,1,1,1,1,1,1,1,1,1,1,1,1,1,1,1,1,1,1,1,1,1,1,1,1,1,1,1,1,1,1,1,1,1,1,0,0,0,0,0,0,0,0,0,0,0,0,0,0,0,0,0,0,0,0,2|73196&4&1993.4520595029499|73199&4&0.0|73207&4&1048.967970444161|73242&4&624.2967213205438|73244&4&2183.4186318071866|73245&4&2520.663561229888|73253&4&3663.274316861366|73254&4&910.1187160570169|73263&4&6039.1357186462055|73275&4&111.21672137698357|73276&4&3454.0601307594325|73288&4&1302.1345422019226,2|73197&4&555.4174115540844|73216&4&0.0|73225&4&373.00878274160254|73226&4&229.8015207360392|73228&4&421.50840034504756|73233&4&110.15479800786372|73236&4&3251.529164895522|73239&4&2347.5246370362142|73242&4&2139.585226764584|73246&4&261.5887687787378|73248&4&17.991782308244012|73252&4&2555.4299710526243|73257&4&2110.549494044894|73262&4&3058.9651139538546|73263&4&1176.3920168688492|73267&4&304.8520894713614|73268&4&4983.077052039578|73269&4&1461.1505758092121|73274&4&278.1263401522504|73275&4&3131.5256465636576|73283&4&2717.196973665282,2|73190&4&1061.9885001759983|73208&4&4793.5713619895905|73211&4&4199.488868873719|73212&4&1109.6275816017574|73217&4&3484.889328754681|73220&4&185.9911198919845|73262&4&395.74664103215247|73264&4&1035.1469805682586,2|73192&4&967.2878128351072|73195&4&87.67426911286981|73196&4&1660.807518618765|73221&4&588.5850403715185|73222&4&1421.956213989196|73228&4&616.6764820057756|73231&4&3285.0877291889647|73249&4&1272.0568750788277|73256&4&700.7125846481604|73267&4&351.1489584259076,2|73191&4&961.4062409215381|73194&4&127.21151179781344|73195&4&1626.7819990363403|73200&4&304.67702726809256|73206&4&221.0194817089646|73213&4&2470.2472469101103|73214&4&2003.5326227867563|73215&4&2898.7683960202144|73218&4&2702.778374552563|73219&4&745.8611483551688|73220&4&521.6375053848786|73221&4&4678.084736858261|73235&4&1094.467011239314|73255&4&3073.597365044976|73257&4&1204.6412611985102|73273&4&267.1262318756846|73278&4&2410.9054152270596|73300&4&20.076399648921612,2|73189&4&107.10807904996713|73202&4&84.25517327025129|73206&4&812.0198897501991|73210&4&616.1257574747435|73245&4&1671.2687096741975|73260&4&5.3290705182007514E-14|73266&4&3078.3123891504747|73270&4&5993.580815032619|73283&4&-2.2026824808563106E-13|73307&4&54.69391533630317,2|73198&4&47.338678944956726|73205&4&458.3622461614709|73221&4&923.7368039511412|73224&4&1425.3329632918699|73238&4&45.4924290654508|73241&4&0.0|73245&4&942.7786626073699|73251&4&752.3761646410782|73253&4&0.0|73256&4&76.29628422785339|73258&4&3480.3450287861815|73261&4&1470.671017983222|73279&4&1085.2162671964659|73282&4&1075.160566869457|73285&4&253.8420335051517,2|73203&4&91.66232687662698|73204&4&2891.2019559383953|73228&4&259.63658376062915|73234&4&12.65337561623171|73237&4&3132.0953789099694|73240&4&4854.582291913614|73255&4&487.20860095417214|73262&4&476.50023139091513|73265&4&446.55966524249607|73282&4&2612.8624883246075|73288&4&2266.3365455692388,2|73189&4&3299.887047539174|73193&4&355.4664075087642|73205&4&81.29523687622073|73206&4&63.73326215991549|73207&4&2560.901460354329|73209&4&211.0155463843739|73214&4&25.799264351416014|73223&4&2117.8591972736135|73228&4&2336.239501199128|73229&4&283.95330176775354|73232&4&953.4211263420784|73238&4&4099.421628814416|73248&4&1128.7420968647011|73260&4&1618.4576684957913|73271&4&1186.2412978239256|73277&4&102.08118095047831|73280&4&915.8688304480861|73283&4&399.01607869499844|73284&4&0.0|73285&4&322.0015632471485,2|73189&4&1148.7713474030215|73195&4&114.72656255277931|73201&4&3358.5120942408275|73209&4&6265.950513665172|73222&4&3793.8559208867828|73230&4&1440.4571965301018|73232&4&1056.9515004040836|73233&4&3479.6704970740607|73252&4&5.535828832595175|73254&4&1068.715305571409|73256&4&1124.7059244148104|73257&4&160.9799365227871|73259&4&0.8117772149690881|73261&4&249.726625165928|73286&4&1227.5675122605126|73287&4&438.18413705634543
317|4,130,1,1,1,1,1,1,1,1,1,1,1,1,1,1,1,1,1,1,1,1,1,1,1,1,1,1,1,1,1,1,1,1,1,1,1,1,1,1,1,1,1,1,1,1,1,1,1,1,1,1,1,1,1,1,1,1,1,1,1,1,1,1,1,1,1,1,1,1,1,1,1,1,1,1,1,1,1,1,1,1,1,1,1,1,1,1,1,1,1,1,1,1,1,1,1,1,1,1,1,1,0,0,0,0,0,0,0,0,0,0,0,0,0,0,0,0,0,0,0,0,2|73196&4&2574.840034611333|73199&4&24.93718016542408|73206&4&236.29698690743794|73207&4&893.0624346160571|73237&4&1053.1712114694826|73242&4&551.6812458196191|73244&4&2060.782829742029|73245&4&2565.096193960695|73253&4&4270.0372529382785|73254&4&1284.2503559713168|73263&4&5467.1432836354925|73275&4&82.2853372973361|73276&4&3201.3035575427944|73288&4&1094.5749340288983,2|73197&4&509.1310575245168|73225&4&428.933020414191|73226&4&215.72296770885157|73228&4&360.29056818405246|73233&4&76.50344649021177|73236&4&2954.258903557417|73239&4&2119.7354833363097|73242&4&1995.195761744174|73246&4&242.51270070486405|73248&4&0.0|73252&4&2467.286022099268|73257&4&2592.770703619348|73262&4&2772.6861175510276|73263&4&1477.3416343333315|73267&4&190.73927874215195|73268&4&4587.21330481429|73269&4&1324.7038432950512|73274&4&261.9866052200765|73275&4&3033.0558925591195|73283&4&2708.767312382514,2|73190&4&962.2875705420631|73208&4&5046.1952384971355|73211&4&3733.5152360860748|73212&4&1004.2911681022267|73217&4&3647.435195488538|73220&4&171.60863559107756|73262&4&297.1169673277198|73264&4&1280.8489059815952,2|73192&4&886.075281512872|73195&4&51.802753792960104|73196&4&1432.219520816629|73221&4&421.2128831736336|73222&4&1586.896241945194|73228&4&1753.8029420202888|73231&4&3010.7957245454268|73249&4&1654.023552255474|73256&4&1417.4949642742308|73267&4&1652.1649386201145,2|73191&4&903.5735975882634|73194&4&285.8292248314269|73195&4&1599.233194728707|73200&4&275.0054258980591|73206&4&186.37810136426253|73213&4&2224.330996678139|73214&4&1829.5163169860298|73215&4&2895.5109505929163|73218&4&2810.864025335203|73219&4&686.0862763616524|73220&4&419.0120717793737|73221&4&4340.667365409158|73235&4&2004.171981009968|73255&4&2936.3212637487845|73257&4&1055.7087672330017|73273&4&243.76148032060863|73278&4&2098.509835561085|73300&4&6.0842476946539445,2|73189&4&57.08582904117433|73202&4&80.04241460673873|73206&4&744.7281244502065|73210&4&554.6899647499679|73245&4&1542.6871169642295|73266&4&2844.467219279085|73270&4&6007.503094543975|73307&4&36.462610224202095,2|73198&4&413.8188985911576|73205&4&456.37305275230386|73221&4&2271.365505051855|73224&4&1627.6748211911881|73229&4&53.290104105594594|73238&4&1.5631940186722204E-13|73245&4&799.4615009547638|73251&4&700.8697164068114|73256&4&21.340417758398075|73258&4&3821.194263302627|73261&4&1388.541185036246|73279&4&1366.6381903929973|73282&4&896.6274081278747|73285&4&228.40470177795888,2|73203&4&87.07921053279563|73204&4&2692.9905235377714|73228&4&126.34536913446756|73234&4&0.0|73237&4&2753.4167350711778|73240&4&4933.772274991354|73241&4&0.0|73255&4&393.74831694201407|73262&4&1606.5578271576885|73265&4&516.162566769067|73282&4&2529.4562977794385|73288&4&2772.5832712455604,2|73189&4&3405.028539201522|73193&4&327.31569270284615|73205&4&72.26251309624274|73206&4&27.757736478570394|73207&4&2393.861411878586|73209&4&142.6725613988296|73214&4&17.19950956761066|73223&4&2127.060003856911|73228&4&2169.5755992670347|73229&4&256.9929006107232|73232&4&1010.4715446381736|73238&4&4812.8387709150975|73248&4&1050.3227653829435|73260&4&1814.887548828824|73269&4&549.351876682377|73271&4&1056.2419399941064|73277&4&96.50444753307892|73280&4&868.2411402889722|73283&4&306.0497289684548|73285&4&292.7286938610441,2|73189&4&1030.268515603608|73195&4&91.7812500422234|73201&4&3180.1926204817414|73209&4&6168.363350587095|73222&4&3425.233179538532|73230&4&1315.9001869280264|73232&4&956.1948177936613|73233&4&3264.7124187537393|73252&4&3.6905525550634457|73254&4&916.5070691543091|73256&4&1008.592755492303|73257&4&87.4752750712849|73259&4&0.7576587339711489|73261&4&196.0652586635427|73286&4&1537.2342710281875|73287&4&472.4314543108835
318|4,130,1,1,1,1,1,1,1,1,1,1,1,1,1,1,1,1,1,1,1,1,1,1,1,1,1,1,1,1,1,1,1,1,1,1,1,1,1,1,1,1,1,1,1,1,1,1,1,1,1,1,1,1,1,1,1,1,1,1,1,1,1,1,1,1,1,1,1,1,1,1,1,1,1,1,1,1,1,1,1,1,1,1,1,1,1,1,1,1,1,1,1,1,1,1,1,1,1,1,1,1,0,0,0,0,0,0,0,0,0,0,0,0,0,0,0,0,0,0,0,0,2|73196&4&3222.288361504866|73199&4&70.92753163987771|73201&4&190.40310962715944|73206&4&280.95961132405677|73207&4&737.1568987879532|73237&4&1546.9720071653755|73242&4&479.0657703186943|73244&4&2241.549371612799|73245&4&2406.3806017591855|73253&4&4505.872681981107|73254&4&1326.8454011618683|73263&4&4927.662275116854|73275&4&58.56140107332324|73276&4&2957.3815847819583|73288&4&905.5946239258503,2|73197&4&462.844703494949|73225&4&404.6011122487585|73226&4&201.64441468166393|73228&4&299.07273602305736|73233&4&50.678096286939194|73236&4&3089.023634948243|73239&4&2332.444673060115|73242&4&1850.8062967237636|73246&4&223.43663263099026|73252&4&2472.573170746815|73257&4&3131.0362292786695|73262&4&2486.4071211482005|73263&4&2220.548865441615|73267&4&122.563576370613|73268&4&4555.2233872229|73269&4&1204.1952845305593|73274&4&0.0|73275&4&2796.97602867958|73283&4&2995.285348930095,2|73190&4&1016.0160334292194|73208&4&4649.537425010648|73211&4&4038.854269712041|73212&4&1143.2091595999264|73217&4&3698.7569585437986|73220&4&713.1573319702859|73262&4&198.48729362328714|73264&4&1714.3239366602504,2|73192&4&804.8627501906369|73195&4&15.931238473050394|73196&4&1239.2787335792611|73221&4&305.25004641387744|73222&4&2044.2463398406956|73228&4&2405.4542298575543|73231&4&2737.2951498179973|73249&4&2329.243889431387|73256&4&1953.7530029738507|73267&4&1889.0172930974263,2|73191&4&845.7409542549889|73194&4&708.412021010249|73195&4&1850.837110178757|73200&4&245.33382452802564|73206&4&151.73672101956046|73213&4&1997.9074710216712|73214&4&1655.5000111853033|73215&4&2997.60414147308|73218&4&2544.4616956095706|73219&4&812.2293092702453|73220&4&316.38663817386873|73221&4&4003.2499939600557|73235&4&2558.6489028809647|73255&4&2693.391516441216|73257&4&906.776273267493|73273&4&220.39672876553266|73278&4&2292.9837024864605|73300&4&4.085620730620576E-14,2|73189&4&27.43564557608713|73202&4&75.82965594322617|73206&4&677.4363591502137|73210&4&493.2541720251921|73218&4&310.18555602906326|73245&4&1414.1055242542616|73266&4&2610.622049407695|73270&4&5617.328394748779|73307&4&18.23130511210102,2|73198&4&0.0|73205&4&428.1619031010243|73221&4&2166.7528554042456|73224&4&1676.408459360966|73229&4&220.10814659999556|73245&4&667.4713758665138|73251&4&649.3632681725446|73256&4&0.0|73258&4&3613.6955533592936|73261&4&1306.4113520892697|73279&4&1440.648770154749|73282&4&718.0942493862924|73285&4&202.96737005076605,2|73203&4&0.0|73204&4&2902.991962645301|73228&4&48.97638271447894|73237&4&2402.311539064628|73240&4&5136.177982170181|73241&4&37.393055581641505|73255&4&301.1529366609369|73262&4&2116.351616281877|73265&4&0.0|73282&4&2809.4376331869034|73288&4&2852.3584582820495,2|73189&4&3186.597264310888|73193&4&299.16497789692824|73205&4&63.22978931626476|73206&4&9.658787366137007|73207&4&2320.600176683381|73209&4&87.13842945555413|73214&4&8.599754783805308|73223&4&2403.7244667854657|73228&4&2002.911697334941|73229&4&230.03249945369288|73232&4&1425.8173342757725|73238&4&5029.945103199279|73248&4&971.903433901186|73260&4&1675.9103233313363|73269&4&596.6770900197998|73271&4&926.2425821642871|73277&4&95.87314354512783|73280&4&820.6134501298583|73283&4&222.85309408444277|73285&4&263.45582447493973,2|73189&4&911.7656838041944|73195&4&68.8359375316675|73201&4&2899.4312468862727|73209&4&5670.933283996511|73222&4&3056.6104381902815|73230&4&1340.0699010113156|73232&4&855.4381351832387|73233&4&3049.7543404334174|73252&4&1.845276277531716|73254&4&781.5935672825501|73256&4&892.4795865697956|73257&4&35.25704701571912|73259&4&0.7035402529732098|73261&4&150.76308310506582|73286&4&2083.2468596822564|73287&4&427.3751930953756
319|4,130,1,1,1,1,1,1,1,1,1,1,1,1,1,1,1,1,1,1,1,1,1,1,1,1,1,1,1,1,1,1,1,1,1,1,1,1,1,1,1,1,1,1,1,1,1,1,1,1,1,1,1,1,1,1,1,1,1,1,1,1,1,1,1,1,1,1,1,1,1,1,1,1,1,1,1,1,1,1,1,1,1,1,1,1,1,1,1,1,1,1,1,1,1,1,1,1,1,1,1,1,0,0,0,0,0,0,0,0,0,0,0,0,0,0,0,0,0,0,0,0,2|73196&4&3272.389262195033|73199&4&121.5007845994348|73201&4&292.84760191586133|73206&4&289.9254383746131|73207&4&587.8983341813383|73237&4&2607.5515881893266|73242&4&406.45029481776953|73244&4&2569.7575185659543|73245&4&2247.6650095576756|73253&4&4643.770954308311|73254&4&1505.6748954020793|73263&4&4430.261034927825|73275&4&34.83746484931038|73276&4&2713.4596120211218|73288&4&742.4130668791463,2|73197&4&416.55834946538135|73225&4&380.26920408332603|73226&4&187.5658616544763|73228&4&237.8549038620622|73233&4&24.852746083666613|73236&4&3083.3556945267583|73239&4&2506.7448496411416|73242&4&1706.4168317033539|73246&4&204.36056455711648|73252&4&2489.4954804204303|73257&4&3786.199297262633|73262&4&2200.1281247453735|73263&4&2804.494622545593|73267&4&69.9009496484594|73268&4&4803.890850817332|73269&4&1087.126411512622|73274&4&13.978176431399909|73275&4&2822.049318076989|73283&4&2968.529910053995,2|73190&4&897.1563317058519|73208&4&4252.879611524159|73211&4&4566.107355314241|73212&4&1160.0152646143097|73217&4&3685.9713465710083|73220&4&1021.2573478014317|73262&4&99.85761991885445|73264&4&1819.6265784344014,2|73192&4&723.6502188684019|73195&4&-3.552713678800501E-15|73196&4&1077.112348506964|73207&4&530.6001039311293|73221&4&239.07985269551878|73222&4&2036.715843175171|73228&4&3058.5092868380943|73231&4&2469.920446886909|73249&4&2269.8111867699536|73256&4&1980.9282236849215|73267&4&2011.329470166388,2|73191&4&787.9083109217142|73194&4&638.5498637895049|73195&4&1699.9419952850046|73200&4&387.5982527887013|73206&4&117.09534067485839|73213&4&2339.9321587877366|73214&4&2027.5831606218285|73215&4&3324.344627952529|73218&4&2281.7085474415812|73219&4&893.8817686192679|73220&4&234.11259208149295|73221&4&3665.8326225109527|73235&4&2438.867888557631|73255&4&2450.461769133648|73257&4&757.8437793019843|73273&4&541.4238673974769|73278&4&2308.703293866084,2|73189&4&-1.2079226507921703E-13|73190&4&150.28805873046883|73202&4&71.61689727971361|73206&4&610.1445938502209|73210&4&431.8183793004162|73218&4&897.1673572549946|73245&4&1285.5239315442936|73266&4&2381.8417672271453|73270&4&5414.463357611723|73307&4&-5.6843418860808015E-14,2|73198&4&159.94817497424785|73205&4&399.95075344974475|73221&4&2404.7264152026405|73224&4&1557.5433318989205|73229&4&266.95823107245127|73245&4&566.9015425610446|73251&4&597.8568199382778|73258&4&3305.3532929044572|73261&4&1224.2815191422933|73279&4&0.0|73282&4&542.1206740041434|73285&4&177.53003832357325,2|73204&4&3170.076548629255|73228&4&-2.984279490192421E-13|73237&4&2108.366667023035|73240&4&4809.08997854194|73241&4&60.512023454828764|73255&4&211.77337520975098|73262&4&2534.1678596672336|73265&4&20.527452320093587|73282&4&3194.8084798394816|73288&4&2769.8506457683625,2|73189&4&3410.379923228111|73193&4&271.0142630910103|73205&4&56.77347294347244|73206&4&2.5657206242704973|73207&4&2148.871187543611|73209&4&31.604297512278585|73214&4&-4.618527782440651E-14|73223&4&3150.4512297539363|73228&4&1836.2477954028477|73229&4&203.07209829666255|73232&4&1653.5263434648414|73238&4&5059.177785956541|73248&4&903.5270061665747|73260&4&1971.7237121707851|73269&4&565.4698558271039|73271&4&983.714134456121|73277&4&90.049138656256|73280&4&772.9857599707443|73283&4&147.35076014931823|73285&4&234.18295508883534,2|73189&4&793.2628520047807|73195&4&45.89062502111159|73201&4&2621.168651646323|73209&4&5381.080081435579|73222&4&2687.9876968420294|73230&4&1280.9917424845362|73232&4&754.6814525728163|73233&4&2834.796262113096|73252&4&-1.3766765505351941E-14|73254&4&653.9529016246496|73256&4&776.3664176472882|73257&4&2.4158453015843406E-13|73259&4&0.6494217719752706|73261&4&105.46090754658894|73286&4&2278.8912362267038|73287&4&384.2405042287612
320|4,130,1,1,1,1,1,1,1,1,1,1,1,1,1,1,1,1,1,1,1,1,1,1,1,1,1,1,1,1,1,1,1,1,1,1,1,1,1,1,1,1,1,1,1,1,1,1,1,1,1,1,1,1,1,1,1,1,1,1,1,1,1,1,1,1,1,1,1,1,1,1,1,1,1,1,1,1,1,1,1,1,1,1,1,1,1,1,1,1,1,1,1,1,1,1,1,1,1,1,1,1,0,0,0,0,0,0,0,0,0,0,0,0,0,0,0,0,0,0,0,0,2|73196&4&3293.2850118291317|73199&4&345.78845555430394|73201&4&777.14436568976|73206&4&274.1064878369403|73207&4&471.1161819348854|73237&4&3665.0957894394223|73242&4&333.83481931684474|73244&4&2570.6336208817893|73245&4&3088.06085549407|73253&4&5075.363905745824|73254&4&1982.357612641592|73263&4&3932.859794738796|73266&4&73.64773471908643|73275&4&17.41873242465514|73276&4&2701.308742644057|73287&4&46.90838312140258|73288&4&585.6552034699755,2|73197&4&370.27199543581366|73216&4&155.6082046508899|73225&4&355.9372959178936|73226&4&173.48730862728866|73228&4&176.63707170106704|73233&4&1.0658141036401503E-13|73236&4&3391.0107911958758|73239&4&2770.9820114867953|73242&4&1562.027366682944|73246&4&185.28449648324272|73252&4&2233.4716877927126|73257&4&3861.8267402565134|73262&4&1913.8491283425465|73263&4&3123.9093469400245|73267&4&33.63422333125681|73268&4&4761.696987797104|73269&4&976.2141010221081|73274&4&13.279267609829914|73275&4&2572.9117965336013|73283&4&2748.425003655644,2|73190&4&789.4731740575453|73208&4&3986.411415024413|73211&4&5895.638239653256|73212&4&1283.0597690566685|73214&4&624.3476282657043|73217&4&3614.9083904591957|73220&4&1072.1315721938113|73262&4&30.964849450683886|73264&4&1981.3240898429608,2|73192&4&642.4376875461669|73196&4&926.3909499383739|73207&4&861.9525321187698|73221&4&187.62551447887853|73222&4&1980.7799243658444|73228&4&3204.5339501326575|73231&4&2202.5457439558204|73249&4&2579.5400772344233|73256&4&1869.4258322835294|73267&4&2159.6291149037697,2|73191&4&730.0756675884396|73194&4&937.0653253277445|73195&4&1549.0468803912518|73200&4&1140.1507406345813|73206&4&82.45396033015632|73213&4&2257.8184708864655|73214&4&1826.2618820592393|73215&4&3353.806364160152|73218&4&2044.137904529311|73219&4&829.1563586504983|73220&4&168.3698583483104|73221&4&3328.4152510618496|73235&4&2265.3499993184073|73255&4&2254.1919955739436|73257&4&608.9112853364758|73273&4&500.83952133305|73278&4&2770.6040332421912,2|73190&4&470.9488002610859|73202&4&67.40413861620105|73206&4&542.8528285502282|73210&4&487.65012793271893|73218&4&851.5335255021723|73245&4&1156.9423388343255|73266&4&2154.83010928577|73270&4&5479.636989974217,2|73198&4&151.95076622553546|73205&4&371.73960379846517|73221&4&2334.058079977995|73224&4&1438.678204436875|73229&4&252.92016262905156|73245&4&466.331709255575|73251&4&546.350371704011|73258&4&3285.2609542981063|73261&4&1369.4033887634866|73282&4&380.9650833080324|73283&4&248.28251985103861|73285&4&152.09270659638042,2|73204&4&3544.4402535784247|73237&4&1864.920873233033|73240&4&4657.769307916032|73241&4&57.392939643133225|73255&4&122.39381375856505|73262&4&3396.7624008898433|73265&4&123.00948886448373|73282&4&3736.9759205056666|73288&4&3503.4594822611225,2|73189&4&3169.837951647084|73193&4&478.15751345708554|73205&4&50.317156570680105|73206&4&0.0|73207&4&1977.1421984038413|73209&4&-2.2026824808563106E-13|73223&4&3099.1666847840424|73228&4&1669.583893470754|73229&4&176.11169713963218|73232&4&1745.7185705455456|73238&4&5376.57527652008|73248&4&835.53864737505|73260&4&1820.626043316944|73269&4&534.2626216344079|73271&4&1231.7719702342551|73277&4&84.2251337673842|73280&4&1008.7541932928364|73283&4&84.52312483615407|73285&4&444.4482063888249,2|73189&4&674.760020205367|73195&4&22.94531251055568|73201&4&2348.6433551660434|73209&4&5275.793205190512|73222&4&2340.7314368965626|73230&4&1229.650772236544|73232&4&653.924769962394|73233&4&2619.8381837927745|73254&4&552.3152370997825|73256&4&671.3727434939245|73259&4&0.5953032909773315|73261&4&60.15873198811206|73286&4&2572.8949827816987|73287&4&341.1058153621468
321|4,130,1,1,1,1,1,1,1,1,1,1,1,1,1,1,1,1,1,1,1,1,1,1,1,1,1,1,1,1,1,1,1,1,1,1,1,1,1,1,1,1,1,1,1,1,1,1,1,1,1,1,1,1,1,1,1,1,1,1,1,1,1,1,1,1,1,1,1,1,1,1,1,1,1,1,1,1,1,1,1,1,1,1,1,1,1,1,1,1,1,1,1,1,1,1,1,1,1,1,1,1,0,0,0,0,0,0,0,0,0,0,0,0,0,0,0,0,0,0,0,0,2|73196&4&3088.3906351524042|73199&4&327.9403629417045|73201&4&1086.5251641003902|73206&4&258.28753729926746|73207&4&369.99746626875964|73237&4&3847.6651630563415|73242&4&261.21934381591996|73244&4&2371.483991833336|73245&4&3397.425982500169|73253&4&5031.844886386649|73254&4&2053.141872100583|73263&4&3435.458554549767|73266&4&159.90876781458496|73275&4&-5.6843418860808015E-14|73276&4&2459.140319404014|73287&4&44.56296396533245|73288&4&462.6220375667091,2|73197&4&0.0|73216&4&543.0181265260399|73225&4&589.0897365630615|73226&4&159.40875560010102|73228&4&126.05241688247793|73236&4&3414.2823541499174|73239&4&3149.7543416124113|73242&4&1599.1544079312275|73246&4&166.20842840936893|73252&4&2051.4094575311874|73257&4&3708.506000876776|73262&4&1627.5701319397194|73263&4&3184.697946668094|73267&4&9.963004574568018|73268&4&4356.125606321659|73269&4&867.2899150084031|73272&4&0.10056757103322056|73274&4&12.580358788259918|73275&4&2386.5478081031843|73283&4&2528.320097257294,2|73190&4&706.9028947067355|73208&4&4192.088241619029|73211&4&6724.027225189521|73212&4&1728.2736162088413|73214&4&593.1302468524191|73217&4&3313.1881755577774|73220&4&1368.5130103783054|73262&4&-4.973799150320701E-14|73264&4&1974.1107764656088|73273&4&107.41745401479534|73288&4&527.0474730245,2|73192&4&588.2200834045691|73196&4&782.4233167232634|73207&4&871.2435168309282|73221&4&138.66887695752345|73222&4&1860.4226095839954|73228&4&3023.7280424154055|73231&4&1935.1710410247324|73249&4&2385.6404026573355|73256&4&1818.0075573940758|73267&4&2206.276238435297,2|73191&4&672.2430242551651|73194&4&982.5095012144243|73195&4&1398.151765497499|73200&4&1203.2884990948337|73206&4&47.81257998545425|73213&4&2007.1740405877604|73214&4&1652.457051721262|73215&4&3328.5360385929166|73218&4&1809.3379697497128|73219&4&955.8977147524787|73220&4&110.97183709745903|73221&4&2990.9978796127466|73235&4&2101.1450838934406|73255&4&3135.2028109671983|73257&4&471.18555757372746|73273&4&460.255175268623|73278&4&2462.214412603354,2|73190&4&520.2532673228525|73202&4&63.191379952688486|73206&4&475.56106325023546|73210&4&723.1516189414159|73218&4&1189.565313499297|73245&4&1028.3607461243575|73266&4&1944.7291294990782|73270&4&6221.361157892917,2|73198&4&143.95335747682307|73205&4&0.0|73221&4&2196.721830478168|73224&4&1319.8130769748293|73229&4&238.8820941856518|73245&4&376.21922644661845|73247&4&57.125869846825445|73251&4&0.0|73258&4&3419.557663274452|73261&4&1430.398032099655|73282&4&257.46723248297525|73283&4&971.1628739163558|73285&4&126.6553748691876,2|73204&4&3365.0384794678503|73237&4&1626.9489346259097|73240&4&4224.919489210645|73241&4&54.273855831437686|73255&4&39.7983385033294|73262&4&4051.7420270164534|73265&4&143.89590465710214|73282&4&4641.1726659496835|73288&4&3259.7624972933386,2|73189&4&2929.2959800660583|73193&4&1066.655925321581|73205&4&0.0|73207&4&1805.4132092640716|73223&4&3247.1627833755474|73228&4&1502.9199915386603|73229&4&149.15129598260185|73232&4&1784.5852796827917|73238&4&5280.664777000511|73248&4&767.5502885835256|73260&4&1810.7080638560285|73269&4&503.05538744171196|73271&4&1359.7076017986647|73277&4&185.45546698550282|73280&4&963.2960879861074|73283&4&28.730414164541614|73285&4&403.1984309684158,2|73189&4&556.2571884059535|73195&4&415.8419141925518|73201&4&2098.100660993789|73209&4&4747.8581937210965|73222&4&1999.082961875421|73230&4&1259.8778734615569|73232&4&553.1680873519715|73233&4&2404.880105472452|73254&4&465.93002491632745|73256&4&573.8356324814602|73259&4&0.5411848099793923|73261&4&19.24390259259505|73286&4&2410.9888861907357|73287&4&297.9711264955324
322|4,130,1,1,1,1,1,1,1,1,1,1,1,1,1,1,1,1,1,1,1,1,1,1,1,1,1,1,1,1,1,1,1,1,1,1,1,1,1,1,1,1,1,1,1,1,1,1,1,1,1,1,1,1,1,1,1,1,1,1,1,1,1,1,1,1,1,1,1,1,1,1,1,1,1,1,1,1,1,1,1,1,1,1,1,1,1,1,1,1,1,1,1,1,1,1,1,1,1,1,1,1,0,0,0,0,0,0,0,0,0,0,0,0,0,0,0,0,0,0,0,0,2|73196&4&2883.4962584756768|73199&4&310.09227032910513|73201&4&1028.9625214552075|73206&4&557.0790257464344|73207&4&268.8787506026339|73237&4&4013.931402010158|73242&4&188.60386831499517|73244&4&2205.3446268193265|73245&4&3472.11829443509|73253&4&4857.308882082924|73254&4&2224.5791934930767|73263&4&2961.182911654323|73266&4&151.729210087058|73276&4&2216.971896163971|73287&4&42.21754480926232|73288&4&367.47237497197585,2|73197&4&151.64605786360667|73216&4&664.1467376481771|73225&4&0.0|73226&4&171.78675119654343|73228&4&75.46776206388887|73236&4&3123.418772427173|73239&4&3398.17541794888|73242&4&1994.0432523902036|73246&4&147.13236033549515|73252&4&1800.9864873660338|73257&4&3975.320694057171|73262&4&1341.291135536892|73263&4&2994.4325849299435|73267&4&-4.263256414560601E-14|73268&4&3950.554224846214|73269&4&758.365728994698|73272&4&118.34475700612873|73274&4&11.881449966689923|73275&4&2926.012101574601|73283&4&2308.215190858943,2|73190&4&624.3326153559258|73208&4&4033.056106005205|73211&4&7207.159201861225|73212&4&1640.8090233337075|73214&4&561.9128654391338|73217&4&3011.4679606563595|73220&4&1391.8656105346256|73264&4&1847.2390852213837|73273&4&321.5769902943659|73288&4&500.69509937327507,2|73192&4&505.6578057233021|73196&4&638.4556835081528|73204&4&329.28077384661606|73207&4&824.1336343862657|73221&4&89.71223943616835|73222&4&1976.249791506985|73228&4&3239.3549408373096|73231&4&1896.610625552562|73249&4&2199.8544682915776|73250&4&216.50084880297933|73256&4&1703.5009601670868|73267&4&2208.4780765226164,2|73191&4&614.4103809218905|73194&4&927.0461512807894|73195&4&1247.2566506037465|73200&4&1351.7322802980366|73206&4&13.171199640752171|73213&4&1763.3367876038992|73214&4&1479.7700370995042|73215&4&3079.671318596845|73218&4&1605.4773014115856|73219&4&965.1521131121376|73220&4&71.01060680531936|73221&4&2653.5805081636436|73235&4&1936.9401684684738|73255&4&4111.059996397213|73257&4&340.4213068316627|73273&4&419.670829204196|73278&4&2171.74965355605,2|73190&4&504.83192945309594|73202&4&58.97862128917592|73206&4&408.26929795024273|73210&4&757.099837388267|73218&4&1607.195445365033|73245&4&899.7791534143896|73266&4&1738.6296367451916|73270&4&7329.479714251424,2|73198&4&135.95594872811068|73221&4&2059.3855809783417|73224&4&1200.9479495127837|73229&4&0.0|73245&4&286.10674363766174|73247&4&124.11121366434257|73258&4&3423.9570974829467|73261&4&2027.751766324203|73282&4&168.4009697312079|73283&4&1427.578740393663|73285&4&101.32429989535004,2|73204&4&3076.958145634244|73237&4&1397.9998878332462|73240&4&4552.359449580396|73241&4&51.15477201974215|73255&4&2.984279490192421E-13|73262&4&4440.591001983352|73265&4&136.33970113974559|73282&4&4851.304091364864|73288&4&3016.0655123255538,2|73189&4&2804.652087351117|73193&4&995.3198210106127|73207&4&1633.6842201243016|73223&4&2994.685740373863|73228&4&1336.256089606567|73229&4&0.0|73232&4&1977.455762178361|73238&4&5730.0912228920615|73248&4&711.1264536089438|73260&4&2036.1913211178098|73269&4&649.087194613244|73271&4&1240.5077085693645|73277&4&174.27874519128153|73280&4&900.6816221016109|73283&4&-2.1316282072803006E-14|73285&4&361.9486555480067,2|73189&4&437.7543566065399|73195&4&613.3573184886159|73201&4&1850.449511225757|73209&4&4224.093996683234|73222&4&1664.3106316544179|73230&4&1445.1358675306433|73232&4&452.4114047415491|73233&4&2277.5185008937688|73254&4&391.89144873331907|73256&4&490.55940919604853|73259&4&0.48706632898145313|73261&4&-8.526512829121202E-14|73286&4&2249.0827895997727|73287&4&254.83643762891796
323|4,130,1,1,1,1,1,1,1,1,1,1,1,1,1,1,1,1,1,1,1,1,1,1,1,1,1,1,1,1,1,1,1,1,1,1,1,1,1,1,1,1,1,1,1,1,1,1,1,1,1,1,1,1,1,1,1,1,1,1,1,1,1,1,1,1,1,1,1,1,1,1,1,1,1,1,1,1,1,1,1,1,1,1,1,1,1,1,1,1,1,1,1,1,1,1,1,1,1,1,1,1,0,0,0,0,0,0,0,0,0,0,0,0,0,0,0,0,0,0,0,0,2|73196&4&2678.601881798949|73199&4&292.2441777165057|73201&4&1172.5127920499492|73206&4&807.3798532977896|73207&4&167.76003493650808|73237&4&3779.1303543406434|73242&4&149.7949880260055|73244&4&2226.261757169107|73245&4&3615.3998291652138|73253&4&5241.440462914017|73254&4&2086.513742073618|73263&4&2505.2182230336134|73266&4&444.59786183770063|73276&4&1974.8034729239278|73287&4&39.87212565319219|73288&4&272.3902953690633,2|73197&4&144.06375497042634|73216&4&629.1733839122446|73225&4&33.45268079031044|73226&4&228.93795392874688|73228&4&24.883107245299808|73236&4&2963.091977930755|73239&4&3602.585457231001|73242&4&1813.1602553167181|73246&4&128.05629226162137|73252&4&2483.1946018947338|73257&4&4540.527597368444|73262&4&1092.8250355251325|73263&4&2804.1672231917933|73268&4&3544.982843370768|73269&4&657.7861539205558|73272&4&112.42726773689472|73274&4&11.182541145119927|73275&4&3366.4009535011846|73283&4&2088.110284460593,2|73190&4&541.7623360051161|73208&4&4337.484525844175|73211&4&6758.685081029231|73212&4&1512.8196593831535|73214&4&530.6954840258486|73217&4&2808.1165548974077|73220&4&1584.132594802478|73243&4&350.3573443765674|73264&4&1720.3673939771586|73273&4&305.2295971446106|73281&4&161.01767138639775|73288&4&474.3427257220501,2|73192&4&967.3189409141409|73196&4&494.48805029304225|73204&4&539.4823766084137|73207&4&1086.8529094536161|73221&4&43.72045204221523|73222&4&2606.719519766829|73228&4&3687.749519721129|73231&4&2126.377088597521|73249&4&2014.0685339258198|73250&4&582.7885700740276|73256&4&1588.9943629400975|73267&4&2151.042761347164,2|73191&4&1023.7683307946911|73194&4&871.5828013471546|73195&4&1096.3615357099936|73200&4&1267.9062923625959|73206&4&4.618527782440651E-14|73213&4&2089.9405236483767|73214&4&1307.0830224777465|73215&4&2833.5967016043132|73218&4&1408.710865350737|73219&4&916.2974533640495|73220&4&39.43998989971582|73221&4&2316.163136714541|73235&4&1772.7352530435073|73255&4&4455.985621221199|73257&4&251.7486902102472|73273&4&379.08648313976903|73278&4&2336.8401438104174,2|73190&4&892.6929985067738|73202&4&54.76586262566335|73206&4&340.97753265025|73210&4&768.3650818936824|73218&4&1912.9331016911735|73245&4&771.1975607044216|73251&4&30.62474968984796|73266&4&1532.530143991305|73270&4&7516.453550715887,2|73198&4&127.9585399793983|73205&4&0.0|73221&4&1922.0493314785151|73224&4&1082.082822050738|73229&4&83.49937326480358|73245&4&195.99426082870502|73247&4&0.0|73258&4&3666.5530406410153|73261&4&1891.606469909715|73282&4&103.7030792494572|73283&4&1353.12015457458|73285&4&75.99322492151248,2|73204&4&2795.5645167739194|73237&4&1188.8048645330753|73240&4&4373.965607669566|73241&4&48.03568820804661|73262&4&5016.847769292193|73265&4&141.48724635425958|73282&4&5026.429237087997|73288&4&2772.36852735777,2|73189&4&2583.985671270353|73193&4&924.0463452169352|73207&4&1461.9552309845317|73223&4&3118.324593873722|73228&4&1169.5921876744737|73232&4&2458.047835404649|73238&4&6161.076711023719|73248&4&813.8947901495203|73260&4&1888.4246160028874|73269&4&609.0180083523367|73271&4&1121.3078153400638|73277&4&163.10202339706018|73280&4&838.0671562171145|73285&4&320.6988801275976,2|73189&4&339.0777534243555|73195&4&1023.3544764642594|73201&4&1608.0877389139446|73209&4&4896.430203357952|73222&4&1354.2271769761126|73230&4&1351.1366437833956|73232&4&366.2335155197627|73233&4&2058.180598886365|73254&4&341.76232103563666|73256&4&407.28318591063675|73259&4&0.43294784798351393|73286&4&2087.17669300881|73287&4&211.70174876230357
324|4,130,1,1,1,1,1,1,1,1,1,1,1,1,1,1,1,1,1,1,1,1,1,1,1,1,1,1,1,1,1,1,1,1,1,1,1,1,1,1,1,1,1,1,1,1,1,1,1,1,1,1,1,1,1,1,1,1,1,1,1,1,1,1,1,1,1,1,1,1,1,1,1,1,1,1,1,1,1,1,1,1,1,1,1,1,1,1,1,1,1,1,1,1,1,1,1,1,1,1,1,1,0,0,0,0,0,0,0,0,0,0,0,0,0,0,0,0,0,0,0,0,2|73196&4&2473.707505122221|73199&4&274.3960851039063|73201&4&1496.4090894805747|73206&4&839.5495360061349|73207&4&75.0832671947445|73237&4&3544.3293066711294|73242&4&110.9861077370161|73244&4&2020.5359149094295|73245&4&3746.838783076336|73253&4&5650.306545435597|73254&4&1948.4482906541589|73263&4&2049.253534412904|73266&4&577.964962471096|73276&4&1732.6350496838845|73287&4&37.52670649712206|73288&4&177.3082157661507,2|73197&4&136.48145207724602|73216&4&725.2344915613105|73225&4&31.780046750794916|73226&4&209.9089443108491|73228&4&1.4921397450962104E-13|73232&4&21.690819323413052|73236&4&3314.8134730524775|73239&4&3327.1887657291836|73242&4&2113.261834313832|73246&4&108.9802241877476|73252&4&2794.1689640284567|73257&4&4215.558674583824|73262&4&871.2136806378132|73263&4&2613.901861453643|73268&4&3482.051757713398|73269&4&561.3599178853522|73270&4&953.2276790870301|73272&4&0.0|73274&4&10.483632323549932|73275&4&3130.6750283266006|73283&4&1868.0053780622425,2|73190&4&474.0785021457587|73208&4&3941.0692912658096|73211&4&6682.049086071154|73212&4&1390.1894482367545|73214&4&499.47810261256336|73217&4&2882.951789944663|73219&4&62.1719485902706|73220&4&1481.4533335247165|73243&4&461.11353721427184|73262&4&162.45623571421902|73264&4&1596.4507708743859|73273&4&288.88220399485533|73281&4&0.0|73288&4&1236.4751256652514,2|73192&4&858.8137730764724|73196&4&350.5204170779317|73204&4&511.6850558433765|73207&4&1677.025717069711|73221&4&2.7000623958883807E-13|73222&4&2925.304292944413|73228&4&4101.876523655045|73231&4&2374.200291722289|73249&4&1828.2825995600615|73250&4&672.8801251431202|73256&4&1558.4868861912155|73267&4&2008.2162791101887,2|73191&4&999.3767019412453|73194&4&816.1194514135198|73195&4&955.2446006702157|73200&4&1184.080304427155|73213&4&2209.5568226610644|73214&4&1144.9881180558643|73215&4&2587.522084611782|73218&4&1226.2785968387784|73219&4&853.0348997206321|73220&4&23.44652353448532|73221&4&1978.7457652654386|73235&4&1610.1387159286433|73255&4&4594.883577251125|73257&4&189.74743526596592|73273&4&345.84820538590793|73278&4&2133.3985420458457,2|73190&4&843.6976082653907|73202&4&50.553103962150786|73206&4&273.68576735025727|73210&4&1131.4537391393324|73218&4&1804.2597701557129|73245&4&642.6159679944535|73251&4&29.093512205355562|73266&4&1328.5929561592097|73270&4&6871.821613778371,2|73198&4&119.96113123068591|73205&4&11.589829977501793|73218&4&356.79485649891944|73221&4&1980.7255736646061|73224&4&1043.6185924466677|73229&4&79.3244046015634|73245&4&107.82764347316433|73247&4&24.413745850984785|73258&4&3489.788707987733|73261&4&1755.4611734952273|73269&4&190.82679016077816|73282&4&63.46934244367436|73283&4&1278.6615687554972|73285&4&50.66214994767492,2|73204&4&2536.9344715880657|73237&4&979.6098412329042|73240&4&3944.4824006422846|73241&4&44.91660439635107|73262&4&4714.719131891357|73265&4&133.29585540030948|73282&4&4637.37230265029|73288&4&2528.671542389986,2|73189&4&2425.2745710624786|73193&4&852.7728694232576|73207&4&1290.226241844762|73223&4&2877.562633002673|73228&4&1002.92828574238|73232&4&2302.617839295073|73238&4&5680.481056165563|73248&4&738.6294818409534|73260&4&1727.2777605650758|73269&4&568.9488220914293|73271&4&1002.1079221107635|73277&4&151.92530160283886|73280&4&775.452690332618|73285&4&279.44910470718844,2|73189&4&240.40115024217116|73195&4&969.5617743200694|73197&4&108.53838948159157|73201&4&1388.381625470613|73209&4&5442.881287302439|73222&4&1098.5150643896768|73230&4&1232.5594328237887|73232&4&305.1051329369459|73233&4&1841.1489651934965|73254&4&291.6331933379545|73256&4&324.006962625225|73259&4&0.37882936698557473|73286&4&1925.2705964178474|73287&4&370.69930874173775
325|4,130,1,1,1,1,1,1,1,1,1,1,1,1,1,1,1,1,1,1,1,1,1,1,1,1,1,1,1,1,1,1,1,1,1,1,1,1,1,1,1,1,1,1,1,1,1,1,1,1,1,1,1,1,1,1,1,1,1,1,1,1,1,1,1,1,1,1,1,1,1,1,1,1,1,1,1,1,1,1,1,1,1,1,1,1,1,1,1,1,1,1,1,1,1,1,1,1,1,1,1,1,0,0,0,0,0,0,0,0,0,0,0,0,0,0,0,0,0,0,0,0,2|73196&4&2626.1866156153633|73199&4&256.5479924913069|73201&4&2227.763397417308|73206&4&1441.782541090628|73207&4&24.14325980563903|73237&4&3988.7774715040546|73242&4&72.17722744802668|73244&4&1814.8100726497516|73245&4&4029.8946071555692|73253&4&5518.867039399484|73254&4&1810.3828392346995|73263&4&1618.4518251729887|73266&4&1295.887644791594|73276&4&1490.4666264438415|73287&4&35.181287341051934|73288&4&102.01895771811135,2|73197&4&128.8991491840657|73216&4&687.6086890076299|73225&4&30.107412711279395|73226&4&190.87993469295134|73232&4&209.70870273677377|73236&4&3668.8074953743353|73239&4&3051.792074227366|73242&4&1908.3296084368162|73246&4&229.70289661595356|73252&4&3135.600924960716|73257&4&3890.5897517992044|73262&4&677.1206085979218|73263&4&3564.8672086197103|73268&4&4250.767711041709|73269&4&478.66480723254097|73270&4&1380.851433751799|73274&4&52.43367390982529|73275&4&3460.12044137446|73283&4&1655.4190499202152,2|73190&4&406.3946682864011|73208&4&3824.0863444532665|73211&4&6712.047341019998|73212&4&1415.3692790593618|73214&4&468.2607211992781|73217&4&2700.5336010564515|73219&4&59.06335116075707|73220&4&1378.774072246955|73243&4&437.1819669926168|73262&4&558.917629697415|73264&4&1472.5341477716129|73273&4&272.5348108451001|73288&4&1712.737087650122,2|73192&4&756.7303090702311|73196&4&206.55278386282123|73204&4&483.8877350783393|73207&4&2135.493789600114|73222&4&3583.705433843451|73228&4&4180.78219315288|73231&4&2735.4078874781567|73249&4&2316.550309736496|73250&4&637.2108327326712|73256&4&2092.5352469176423|73267&4&1865.3897968732133,2|73191&4&941.9045221994015|73194&4&760.6561014798847|73195&4&814.127665630438|73200&4&1100.254316491714|73213&4&2659.114306670189|73214&4&982.893213633982|73215&4&2341.4474676192513|73218&4&1073.8441473274738|73219&4&789.7723460772148|73220&4&10.937754678015759|73221&4&1641.3283938163356|73235&4&1447.5421788137794|73255&4&4299.581863165586|73257&4&127.74618032168448|73273&4&312.60992763204683|73278&4&1872.1483593789255,2|73190&4&794.7022180240076|73202&4&46.34034529863822|73206&4&206.39400205026453|73210&4&1191.814210775784|73218&4&1695.586438620252|73245&4&514.0343752844856|73251&4&27.562274720863165|73266&4&1142.2530012720085|73270&4&6256.639543217165,2|73193&4&27.818271191485508|73198&4&111.96372248197352|73205&4&89.75229917575753|73218&4&537.6863817048859|73221&4&2464.249858164315|73224&4&1367.2451807432094|73229&4&75.14943593832322|73245&4&51.45266216638291|73247&4&23.193058558435546|73258&4&3401.3517446644864|73261&4&1619.3158770807395|73269&4&181.28545065273926|73282&4&23.235605637891258|73283&4&1204.2029829364142|73285&4&25.331074973837357,2|73204&4&2278.304426402211|73237&4&770.4148179327333|73240&4&3514.999193615002|73241&4&41.79752058465553|73262&4&4412.5904944905205|73265&4&125.10446444635939|73282&4&4248.315368212583|73288&4&2284.9745574222015,2|73189&4&2408.1965558954366|73193&4&781.49939362958|73207&4&1118.4972527049922|73223&4&2703.9557852212583|73228&4&836.2643838102866|73232&4&2147.1878431854966|73238&4&5312.431904693023|73248&4&670.8576579221753|73260&4&1566.130905127264|73269&4&528.8796358305219|73271&4&882.908028881463|73277&4&140.7485798086175|73280&4&712.8382244481213|73285&4&349.7805723944816,2|73189&4&150.7748639047573|73195&4&932.24093038699|73197&4&103.11147000751198|73201&4&1201.3540588061214|73209&4&6187.878508534529|73214&4&168.6597024909122|73222&4&883.0522127420809|73230&4&1113.982221864182|73232&4&243.97675035412888|73233&4&1624.1173315006279|73254&4&241.50406564027224|73256&4&240.73073933981323|73259&4&0.32471088598763553|73286&4&1763.3644998268846|73287&4&555.1974462906197
326|4,130,1,1,1,1,1,1,1,1,1,1,1,1,1,1,1,1,1,1,1,1,1,1,1,1,1,1,1,1,1,1,1,1,1,1,1,1,1,1,1,1,1,1,1,1,1,1,1,1,1,1,1,1,1,1,1,1,1,1,1,1,1,1,1,1,1,1,1,1,1,1,1,1,1,1,1,1,1,1,1,1,1,1,1,1,1,1,1,1,1,1,1,1,1,1,1,1,1,1,1,1,0,0,0,0,0,0,0,0,0,0,0,0,0,0,0,0,0,0,0,0,2|73196&4&2403.423564580142|73199&4&238.69989987870747|73201&4&2267.9265394740437|73206&4&1359.6616912877819|73207&4&1.4921397450962104E-13|73237&4&4638.976169980231|73242&4&33.368347159037285|73244&4&2223.7389741804486|73245&4&3711.4946702417265|73253&4&5878.955930595366|73254&4&1672.3173878152409|73263&4&1279.9370679595186|73266&4&1253.3029944319042|73276&4&1248.298203203798|73287&4&32.835868184981805|73288&4&58.196893768018825,2|73197&4&121.31684629088537|73216&4&645.8886484898725|73225&4&377.9954298131696|73226&4&171.85092507505357|73232&4&199.16904055162658|73236&4&3433.5026710347042|73239&4&2776.3953827255477|73242&4&1799.5639296534487|73246&4&684.3573986843143|73252&4&2875.6186888405514|73257&4&4021.8745443467533|73262&4&523.0262744474888|73263&4&4374.586366749247|73268&4&5248.240155473198|73269&4&396.32301228269785|73270&4&2133.9666574403063|73272&4&120.14054737395236|73274&4&202.94707723104491|73275&4&3877.7325247623467|73283&4&1444.3758430152034,2|73190&4&338.71083442704355|73208&4&4033.6475606092727|73211&4&6967.153207376453|73212&4&1713.9413103554125|73214&4&437.0433397859929|73217&4&2597.911191021493|73219&4&55.95475373124354|73220&4&1666.4458271433302|73231&4&1123.936030088216|73243&4&413.25039677096186|73262&4&989.962966864982|73264&4&1440.998279647569|73273&4&256.1874176953448|73276&4&418.77710507651796|73288&4&1619.858546603385,2|73192&4&658.2063020574147|73196&4&81.71138232799971|73204&4&456.09041431330206|73207&4&2802.9211245398947|73222&4&3868.8217925139743|73228&4&4457.95323710556|73231&4&2445.5081030397773|73249&4&2485.317670546923|73250&4&601.5415403222223|73256&4&2611.0063835186097|73267&4&1722.563314636238,2|73191&4&864.0787878593076|73194&4&705.1927515462498|73195&4&682.7752822138157|73200&4&1016.4283285562734|73213&4&3191.5393505683683|73214&4&843.6988810935815|73215&4&2095.3728506267194|73218&4&941.7816298589019|73219&4&726.5097924337977|73220&4&3.907985046680551E-14|73221&4&1365.4861560963195|73235&4&1284.9456416989153|73255&4&4334.031584856586|73257&4&65.74492537740304|73273&4&279.37164987818574|73278&4&2091.487075952065,2|73190&4&745.7068277826245|73202&4&42.12758663512565|73206&4&152.7137263183661|73210&4&1117.3653169763109|73218&4&1586.9131070847914|73245&4&385.4527825745176|73251&4&26.031037236370768|73266&4&974.3706674739798|73270&4&5689.175450898789,2|73193&4&205.8269041170052|73196&4&1421.7700069082302|73198&4&103.96631373326113|73205&4&0.0|73218&4&509.9100754783942|73221&4&2644.4021605205858|73224&4&1765.180471053101|73229&4&70.97446727508304|73245&4&23.000542493900433|73247&4&21.972371265886306|73258&4&3295.135825833383|73261&4&1483.1705806662517|73269&4&171.74411114470035|73282&4&1.4921397450962104E-13|73283&4&1129.7443971173311|73285&4&-2.0605739337042905E-13,2|73204&4&2019.6743812163568|73237&4&570.0098313072012|73240&4&3671.933707109939|73241&4&38.67843677295999|73262&4&4110.461857089685|73265&4&116.91307349240931|73282&4&4390.634233878515|73287&4&27.675946200220494|73288&4&2041.2775724544174,2|73189&4&2971.0035200609072|73193&4&710.2259178359024|73207&4&946.7682635652222|73223&4&2477.388960469036|73228&4&669.600481878193|73232&4&1991.7578470759197|73238&4&4996.051285937032|73248&4&603.0858340033976|73260&4&1404.9840496894526|73269&4&488.8104495696146|73271&4&859.6583307000053|73277&4&258.03919377166517|73280&4&650.2237585636249|73285&4&1164.3981682582912,2|73189&4&82.24190324055265|73195&4&1146.1838527207544|73197&4&551.9939781014989|73201&4&1039.5660088348477|73209&4&7484.868754840003|73214&4&160.2267173663666|73222&4&706.1799462770276|73230&4&995.4050109045755|73232&4&183.40678689178284|73233&4&1476.1838012400076|73254&4&191.3749379425901|73256&4&168.0863572554715|73259&4&40.12010425384811|73286&4&1601.4584032359219|73287&4&501.051954257303
327|4,130,1,1,1,1,1,1,1,1,1,1,1,1,1,1,1,1,1,1,1,1,1,1,1,1,1,1,1,1,1,1,1,1,1,1,1,1,1,1,1,1,1,1,1,1,1,1,1,1,1,1,1,1,1,1,1,1,1,1,1,1,1,1,1,1,1,1,1,1,1,1,1,1,1,1,1,1,1,1,1,1,1,1,1,1,1,1,1,1,1,1,1,1,1,1,1,1,1,1,1,1,0,0,0,0,0,0,0,0,0,0,0,0,0,0,0,0,0,0,0,0,2|73196&4&2180.660513544921|73199&4&220.85180726610804|73201&4&2131.390876807067|73206&4&1277.5408414849358|73237&4&4602.3188254083725|73242&4&2.4158453015843406E-13|73244&4&2187.2976896720047|73245&4&3393.0947333278828|73253&4&5762.920041276139|73254&4&1534.2519363957813|73263&4&1035.3670777086415|73266&4&1455.1191303833048|73276&4&1034.2267269265883|73287&4&0.0|73288&4&16.314327169792193,2|73197&4&113.73454339770504|73216&4&0.0|73225&4&525.9963189541735|73226&4&152.82191545715577|73232&4&188.62937836647936|73236&4&3126.3661995254606|73239&4&3146.5652747827367|73242&4&2281.7223666776244|73246&4&634.2553682269696|73252&4&2748.896470697572|73257&4&4906.575717554023|73262&4&396.71254759466603|73263&4&4074.4071668002407|73268&4&5879.993299747974|73269&4&313.9812173328547|73270&4&2022.391801428809|73272&4&114.13352000525474|73274&4&192.44848290592356|73275&4&3569.7296298316996|73283&4&1236.2195148814524,2|73190&4&271.02700056768606|73208&4&3790.5293616916492|73211&4&6387.405586566515|73212&4&2006.941660501192|73214&4&405.82595837270765|73217&4&3097.6000615303874|73219&4&52.84615630173001|73220&4&1613.7759979931348|73230&4&48.71524462079424|73231&4&1873.4861546070974|73243&4&389.31882654930683|73262&4&1121.569034413962|73264&4&1314.139539059335|73273&4&239.8400245455895|73276&4&755.2445923851371|73288&4&1526.9800055566482,2|73192&4&559.6822950445984|73196&4&25.625137584899434|73204&4&428.29309354826484|73207&4&2640.478031376978|73222&4&4101.047227077453|73228&4&4501.495732217242|73231&4&2187.1522247493012|73249&4&2294.191459299359|73250&4&0.0|73256&4&2451.180796800488|73267&4&1579.7368323992628,2|73191&4&790.8521380547639|73194&4&649.729401612615|73195&4&551.4228987971933|73200&4&932.6023406208326|73213&4&3448.514469279099|73214&4&708.1197381389211|73215&4&1849.298233634188|73218&4&809.71911239033|73219&4&663.2472387903803|73221&4&1098.2668480937705|73235&4&1122.349104584051|73249&4&165.78484013700302|73255&4&4200.479710166246|73257&4&12.514835546258567|73273&4&246.13337212432464|73278&4&3733.386241595712,2|73190&4&764.8051418892938|73202&4&37.914827971613086|73206&4&99.0334505864678|73210&4&1042.9164231768375|73218&4&1478.2397755493307|73245&4&256.8711898645496|73251&4&24.49979975187837|73266&4&814.8079742040768|73270&4&5140.0166303214755,2|73193&4&569.2744671545802|73196&4&1853.5842323149188|73198&4&95.96890498454874|73218&4&1055.8244519643586|73221&4&2659.300733169741|73224&4&1869.2490653086722|73229&4&66.79949861184286|73245&4&1.3500311979441904E-13|73247&4&20.751683973337066|73258&4&3406.62833927416|73261&4&1347.0252842517639|73269&4&484.72668583904505|73283&4&1333.010735094111,2|73204&4&1761.0443360305023|73237&4&410.8822541896889|73240&4&4435.77255942517|73241&4&35.55935296126445|73262&4&3808.333219688849|73265&4&108.72168253845919|73274&4&5.283338548234312|73282&4&4468.160134392133|73287&4&0.0|73288&4&1797.5805874866332,2|73189&4&3615.066575129319|73193&4&638.9524420422247|73207&4&775.0392744254524|73223&4&2250.822135716813|73228&4&519.9477686970278|73232&4&1836.3278509663437|73238&4&4532.374846321864|73248&4&857.253757194806|73260&4&1243.8371942516408|73269&4&448.7412633087073|73271&4&1065.3511027322602|73277&4&240.43910518958035|73280&4&587.6092926791284|73285&4&1452.6371191367803,2|73189&4&27.510271292144246|73195&4&1109.3122267172903|73197&4&523.851587249016|73201&4&877.7779588635738|73209&4&7605.76029368335|73214&4&176.5892354601956|73222&4&560.9205478171741|73230&4&876.8277999449688|73232&4&122.83682342943678|73233&4&1393.1860521144956|73254&4&141.2458102449079|73256&4&108.6627805783595|73259&4&38.07351018040725|73286&4&1439.5523066449591|73287&4&0.0
328|4,130,1,1,1,1,1,1,1,1,1,1,1,1,1,1,1,1,1,1,1,1,1,1,1,1,1,1,1,1,1,1,1,1,1,1,1,1,1,1,1,1,1,1,1,1,1,1,1,1,1,1,1,1,1,1,1,1,1,1,1,1,1,1,1,1,1,1,1,1,1,1,1,1,1,1,1,1,1,1,1,1,1,1,1,1,1,1,1,1,1,1,1,1,1,1,1,1,1,1,1,1,0,0,0,0,0,0,0,0,0,0,0,0,0,0,0,0,0,0,0,0,2|73196&4&1957.8974625096998|73199&4&203.00371465350864|73201&4&1994.85521414009|73206&4&1459.1503904650062|73237&4&5298.529738604511|73244&4&2074.3612536680876|73245&4&3412.6527718512025|73253&4&5570.536480418776|73254&4&1743.0112445399168|73263&4&825.8374618181986|73266&4&1580.2410100976501|73276&4&852.7365853437358|73288&4&-2.8421709430404007E-14,2|73197&4&106.15224050452471|73225&4&498.48807457070825|73226&4&133.792905839258|73232&4&219.32522519146494|73236&4&2869.1196503534748|73239&4&3485.505458591825|73242&4&2859.878568404364|73246&4&590.2914008519671|73252&4&2494.0205887594957|73257&4&4514.4236795467605|73262&4&270.3988207418431|73263&4&3774.227966851234|73268&4&5398.242308013259|73269&4&248.2844373704902|73270&4&2299.305625377651|73272&4&0.0|73274&4&181.94988858080222|73275&4&3311.5472748741013|73283&4&1060.1791978873264,2|73190&4&203.34316670832857|73193&4&179.14358119103304|73208&4&3400.447621943941|73211&4&6151.146287939999|73212&4&1859.488334900529|73214&4&374.6085769594224|73217&4&3217.054841532702|73219&4&49.73755887221648|73220&4&1662.6050444912635|73230&4&46.27948238975453|73231&4&2003.1802474731717|73243&4&365.3872563276518|73262&4&1214.2172943491355|73264&4&1191.1921832075204|73273&4&223.49263139583422|73276&4&1446.980609556211|73282&4&565.4828862395641|73288&4&1710.1105688620971,2|73192&4&1066.107543029616|73196&4&2.529864500490153|73204&4&516.5483260064458|73207&4&3168.3980732254417|73222&4&4662.19682930403|73228&4&4797.722959180716|73231&4&1985.712712796102|73249&4&2117.043823124385|73256&4&2265.095251872732|73267&4&1436.9103501622874,2|73191&4&711.248431644395|73194&4&594.2660516789801|73195&4&434.77261821691184|73200&4&851.8292188230259|73213&4&3709.2425549445434|73214&4&594.6848924859129|73215&4&1603.2236166416567|73218&4&686.3518520706466|73219&4&599.984685146963|73221&4&840.4067816501824|73235&4&1215.2941583239567|73249&4&157.49559813015287|73255&4&4083.5355526037292|73257&4&0.0|73273&4&212.89509437046354|73278&4&4119.6216527278,2|73190&4&1532.3845744026964|73202&4&33.70206930810052|73206&4&55.11354373999963|73210&4&968.4675293773643|73218&4&1369.56644401387|73245&4&128.2895971545816|73251&4&22.968562267385973|73266&4&662.5443187295871|73270&4&4597.886136118679,2|73193&4&540.223153574681|73196&4&2319.434351697152|73198&4&87.97149623583636|73218&4&1043.6580935933512|73221&4&2452.1142086188997|73224&4&1728.976277112569|73229&4&62.624529948602685|73247&4&19.530996680787826|73258&4&3793.9615198473502|73261&4&1210.8799878372758|73269&4&566.7381335820546|73283&4&2137.908980500894,2|73204&4&1502.8019174131423|73237&4&261.0019173483666|73240&4&5123.16574104527|73241&4&32.440269149568906|73262&4&3506.2045822880127|73265&4&100.53029158450911|73274&4&5.019171620822596|73282&4&4042.1439928203094|73287&4&58.140983517771474|73288&4&1553.8836025188493,2|73189&4&3618.3626777166523|73193&4&570.5235709670624|73207&4&603.3102852856824|73223&4&2024.255310964591|73228&4&402.13949196466103|73232&4&1680.897854856767|73238&4&4068.6984067066983|73248&4&884.3401819668209|73260&4&1082.6903388138292|73269&4&408.6720770477999|73271&4&1246.1519193890056|73277&4&222.83901660749558|73280&4&625.4312003011429|73285&4&1373.1018237687972,2|73189&4&-1.9184653865522705E-13|73195&4&1487.8635157449705|73197&4&495.7091963965331|73198&4&65.67975157969161|73201&4&715.9899088923|73209&4&7832.458202635165|73214&4&166.91647517473126|73222&4&423.2357170627475|73230&4&760.564558717983|73232&4&62.26685996709074|73233&4&1186.2375668491836|73254&4&91.11668254722568|73256&4&56.972621781447316|73259&4&36.02691610696639|73260&4&410.3958931813623|73286&4&1277.6462100539964
329|4,130,1,1,1,1,1,1,1,1,1,1,1,1,1,1,1,1,1,1,1,1,1,1,1,1,1,1,1,1,1,1,1,1,1,1,1,1,1,1,1,1,1,1,1,1,1,1,1,1,1,1,1,1,1,1,1,1,1,1,1,1,1,1,1,1,1,1,1,1,1,1,1,1,1,1,1,1,1,1,1,1,1,1,1,1,1,1,1,1,1,1,1,1,1,1,1,1,1,1,1,1,0,0,0,0,0,0,0,0,0,0,0,0,0,0,0,0,0,0,0,0,2|73196&4&1735.1344114744786|73199&4&185.15562204090924|73201&4&2105.7761285645943|73206&4&1855.5430536923864|73237&4&5714.162658229237|73244&4&1846.69699701401|73245&4&4040.4603552973676|73253&4&5107.823689794071|73254&4&1587.604555142278|73263&4&616.3078459277552|73266&4&1770.733667693745|73276&4&698.3435305651744,2|73197&4&98.56993761134439|73216&4&0.0|73225&4&513.3076159155071|73226&4&610.0286688562396|73232&4&993.5486613862225|73236&4&3126.611935786813|73239&4&3592.15338550533|73242&4&3348.4336544107446|73246&4&546.3274334769646|73252&4&2251.1145488439515|73257&4&4392.289639848339|73262&4&144.08509388902024|73263&4&3474.0487669022277|73268&4&4916.491316278543|73269&4&182.58765740812558|73270&4&2832.413994008878|73274&4&171.45129425568086|73275&4&3040.60806161343|73283&4&907.1237059476036,2|73190&4&158.5796557868631|73193&4&429.9973569445376|73208&4&3658.803891296316|73211&4&7145.673936003094|73212&4&1712.035009299866|73214&4&343.39119554613717|73217&4&3176.014838518112|73219&4&46.62896144270295|73220&4&1571.2109572476684|73230&4&547.9053780134064|73231&4&1895.3871876340136|73243&4&341.4556861059968|73262&4&1765.49213506389|73264&4&1068.2448273557056|73273&4&368.6423001319764|73276&4&1750.477570980782|73282&4&796.6750140031627|73288&4&1732.0428348889836,2|73192&4&0.0|73196&4&-1.4210854715202004E-14|73204&4&1426.9812448438456|73207&4&3779.8380689492988|73222&4&4823.5270293521025|73228&4&4889.943844279592|73231&4&1802.3587822082595|73249&4&1939.896186949411|73256&4&2446.1070702111383|73267&4&1294.083867925312,2|73191&4&715.3477908259426|73194&4&538.8027017453451|73195&4&350.39192657323406|73200&4&771.0560970252193|73213&4&3486.1537607426453|73214&4&481.2500468329044|73215&4&1357.148999649125|73218&4&562.9845917509633|73219&4&536.7221315035457|73221&4&587.696413884992|73235&4&1908.651845152896|73240&4&392.5438220751389|73244&4&651.8199157628826|73249&4&149.20635612330273|73255&4&3737.3151507612665|73273&4&179.65681661660244|73278&4&3865.755755081633,2|73190&4&2090.055963058503|73202&4&29.489310644587952|73206&4&26.408887801054924|73210&4&894.0186355778909|73218&4&1260.8931124784094|73245&4&44.676279186419066|73251&4&101.26555538929907|73266&4&511.65896803601964|73270&4&4078.5454780248747,2|73193&4&511.17183999478186|73196&4&2464.9448738106516|73198&4&79.97408748712397|73218&4&984.9825291316814|73221&4&2244.9276840680595|73224&4&1590.5347819157932|73229&4&313.61417447270503|73247&4&18.310309388238586|73258&4&3484.501568604854|73261&4&1074.734691422788|73269&4&535.6866492158382|73283&4&2231.1448058936103,2|73204&4&1282.7686440667221|73237&4&140.5535973854788|73240&4&4659.536816544718|73241&4&29.321185337873366|73262&4&3204.075944887177|73265&4&92.33890063055901|73274&4&4.75500469341088|73282&4&3657.345996866059|73287&4&98.8254737161588|73288&4&1310.186617551065,2|73189&4&3376.324627438642|73193&4&519.5309674821101|73207&4&460.7812693635067|73223&4&2681.13774686687|73228&4&299.53498558434114|73232&4&1525.4678587471906|73238&4&4090.1722195014554|73248&4&872.4687793993585|73260&4&959.7195946759169|73269&4&368.60289078689266|73271&4&1411.6956907510769|73277&4&205.23892802541081|73280&4&559.6328313310496|73285&4&1439.481953346543,2|73195&4&1395.8529195023698|73197&4&510.1214113079244|73198&4&62.39576400070703|73201&4&554.2018589210264|73209&4&7586.916822865758|73214&4&157.24371488926693|73222&4&312.57904832572893|73230&4&644.301317490997|73232&4&13.209341197668657|73233&4&1400.9994254590806|73254&4&54.887044768790275|73256&4&17.877383137288845|73259&4&33.980322033525525|73260&4&580.6889562552172|73286&4&1408.1378183541015
330|4,130,1,1,1,1,1,1,1,1,1,1,1,1,1,1,1,1,1,1,1,1,1,1,1,1,1,1,1,1,1,1,1,1,1,1,1,1,1,1,1,1,1,1,1,1,1,1,1,1,1,1,1,1,1,1,1,1,1,1,1,1,1,1,1,1,1,1,1,1,1,1,1,1,1,1,1,1,1,1,1,1,1,1,1,1,1,1,1,1,1,1,1,1,1,1,1,1,1,1,1,1,0,0,0,0,0,0,0,0,0,0,0,0,0,0,0,0,0,0,0,0,2|73196&4&1512.3713604392572|73199&4&167.3075294283098|73201&4&2225.5628894113515|73206&4&1735.6506823019258|73237&4&6088.456265305787|73244&4&1647.0621870176099|73245&4&4331.125169634938|73253&4&4645.110899169363|73254&4&1432.197865744639|73263&4&406.77823003731186|73266&4&1662.7041411703751|73276&4&543.9504757866132,2|73197&4&90.98763471816406|73225&4&483.6829822456285|73226&4&566.2364206065979|73232&4&1492.1224221604543|73236&4&3288.6770590461356|73239&4&3600.814286317954|73242&4&3784.3919832960137|73246&4&502.36346610196216|73252&4&2723.9772716305188|73257&4&3987.1977744286187|73262&4&48.126134016658185|73263&4&3173.8695669532217|73268&4&4448.866373238212|73269&4&116.89087744576095|73270&4&4275.341518729117|73274&4&160.9526999305595|73275&4&3065.0577428129873|73283&4&754.0682140078807,2|73190&4&136.4326105362931|73193&4&617.3614701287019|73208&4&4426.100992204225|73211&4&8261.569695363469|73212&4&1853.2070347863128|73214&4&312.17381413285193|73217&4&3074.636368849472|73219&4&43.52036401318942|73220&4&1448.1831775031815|73230&4&868.915411251647|73231&4&1787.594127794856|73243&4&317.52411588434177|73262&4&2810.026529517893|73264&4&945.2974715038908|73273&4&344.22005388792627|73276&4&1821.0226723135283|73282&4&1055.8473764437972|73288&4&2118.588625238834,2|73192&4&137.49594138145778|73204&4&1961.6624015075415|73207&4&3542.4567567539452|73222&4&4716.613383981663|73228&4&4703.032051923711|73231&4&1619.0048516204174|73249&4&1764.5630222376435|73256&4&2811.5729576896842|73267&4&1151.257385688337,2|73191&4&631.5589311359782|73194&4&483.33935181171023|73195&4&281.3840939649215|73200&4&835.4946669705718|73213&4&3233.623237955117|73214&4&367.8152011798959|73215&4&1742.1412598307745|73218&4&443.8104923767771|73219&4&473.4595778601285|73221&4&346.7383789771824|73235&4&2001.400478150385|73240&4&372.91663097138195|73244&4&1283.215528038671|73249&4&140.91711411645258|73255&4&3718.8307390969194|73273&4&154.97635058415918|73278&4&3611.889857435466,2|73190&4&1964.1033902254476|73202&4&25.276551981075386|73206&4&18.08781037043619|73210&4&819.5697417784176|73218&4&1152.2197809429488|73245&4&1.8474111129762605E-13|73251&4&355.74186174957566|73263&4&85.64331457102753|73266&4&367.31171329577114|73270&4&3566.1746614904337|73273&4&214.44598615991777,2|73193&4&482.12052641488265|73196&4&2359.8530969153717|73198&4&71.97667873841158|73218&4&926.3069646700118|73221&4&3013.951190891212|73224&4&1452.0932867190174|73229&4&332.90538742038353|73247&4&17.089622095689347|73258&4&3155.610244832445|73261&4&938.5893950083001|73269&4&733.2251996083702|73283&4&2086.8256794503322,2|73204&4&1094.1327992419426|73234&4&11.686020847919835|73237&4&58.11407166976035|73240&4&4217.202002296966|73241&4&26.202101526177827|73262&4&2901.947307486341|73265&4&84.14750967660893|73274&4&4.4908377659991645|73282&4&3295.2325754796034|73287&4&93.73884757155642|73288&4&1090.9086843457712,2|73189&4&3799.557271907716|73193&4&471.88550248670157|73207&4&345.28299857403215|73223&4&2757.317548509462|73228&4&219.2370853747626|73232&4&1370.0378626376144|73238&4&3645.6643302682933|73248&4&790.6908438931628|73260&4&855.0383104548109|73269&4&328.5337045259853|73271&4&1648.3245584015772|73277&4&187.63883944332605|73280&4&493.83446236095625|73285&4&1352.6508867312732,2|73195&4&1303.8423232597693|73197&4&479.8512901672478|73198&4&59.11177642172245|73201&4&392.4138089497527|73209&4&7433.153749166517|73214&4&561.3968293798415|73222&4&216.87416278143735|73230&4&550.9816321203497|73232&4&-4.618527782440651E-14|73233&4&1780.7224870081245|73254&4&31.086590379749882|73256&4&-1.7053025658242404E-13|73259&4&31.933727960084664|73260&4&722.9853819242762|73286&4&1264.8706858992725
331|4,130,1,1,1,1,1,1,1,1,1,1,1,1,1,1,1,1,1,1,1,1,1,1,1,1,1,1,1,1,1,1,1,1,1,1,1,1,1,1,1,1,1,1,1,1,1,1,1,1,1,1,1,1,1,1,1,1,1,1,1,1,1,1,1,1,1,1,1,1,1,1,1,1,1,1,1,1,1,1,1,1,1,1,1,1,1,1,1,1,1,1,1,1,1,1,1,1,1,1,1,1,0,0,0,0,0,0,0,0,0,0,0,0,0,0,0,0,0,0,0,0,2|73196&4&1295.3802251407396|73199&4&317.5229274911384|73201&4&2926.2474249170327|73206&4&1615.7583109114653|73237&4&5761.982256660158|73244&4&1457.353140975005|73245&4&4581.348545511995|73253&4&4261.539967656093|73254&4&1276.7911763470006|73263&4&219.0214489354624|73266&4&2024.3534204600228|73276&4&389.55742100805173,2|73197&4&0.0|73225&4&460.36335172298766|73226&4&529.9823697130614|73232&4&1412.6539187282096|73236&4&3084.1917258597405|73239&4&3340.9519819373168|73242&4&3953.2556275834654|73246&4&0.0|73252&4&3010.578898552092|73257&4&4007.057689738501|73262&4&-2.984279490192421E-13|73263&4&2873.6903670042157|73268&4&4307.815242444666|73269&4&58.44908229891741|73270&4&4736.590263017966|73274&4&150.45410560543814|73275&4&2751.0921131494597|73283&4&605.14728712914,2|73190&4&114.28556528572298|73193&4&729.5451633893325|73208&4&5029.37936986915|73211&4&7612.764186369789|73212&4&1973.807709626381|73214&4&280.9564327195667|73217&4&3549.195686979169|73219&4&40.41176658367589|73220&4&1325.1553977586943|73230&4&987.6134139710139|73231&4&1679.8010679556983|73243&4&293.5925456626868|73262&4&3444.600042633161|73264&4&822.3501156520759|73273&4&319.7978076438761|73276&4&2006.4628307647258|73282&4&1154.3988996184596|73288&4&2879.955100923618,2|73192&4&130.6211443123849|73204&4&1850.0866722955097|73207&4&3305.0754445585926|73222&4&4571.315242003877|73228&4&4311.092213064777|73231&4&1441.827907356276|73249&4&1589.2298575258762|73256&4&2578.6372295701403|73267&4&1008.4309034513618,2|73191&4&547.7700714460136|73194&4&427.87600187807533|73195&4&215.24900428665805|73200&4&761.3838466305722|73213&4&3153.4665197883987|73214&4&275.60692686584764|73215&4&2471.6991552419377|73218&4&338.6823598606161|73219&4&410.1970242167112|73221&4&194.37115929111772|73235&4&1829.8991982834095|73240&4&1241.921237895494|73244&4&1768.9914683386492|73249&4&132.62787210960244|73255&4&3675.062843171943|73273&4&137.75675607480812|73278&4&3358.0239597892996,2|73190&4&1838.1508173923924|73202&4&21.06379331756282|73206&4&9.766732939817373|73210&4&745.1208479789443|73218&4&1043.5464494074881|73251&4&337.21926496600855|73263&4&1001.4201734619677|73266&4&232.1320516090259|73270&4&3100.266878657325|73273&4&366.4164360777286,2|73193&4&453.06921283498355|73196&4&2220.3859319109356|73198&4&63.97926998969918|73218&4&867.631400208342|73221&4&4509.474683687845|73224&4&1313.6517915222419|73229&4&351.4057393828111|73247&4&15.868934803140107|73258&4&3033.9168063763714|73261&4&1543.774116399948|73269&4&942.5102373346306|73283&4&2142.9577913611392,2|73203&4&62.18953718007829|73204&4&934.6442425864418|73234&4&11.101719805523842|73237&4&7.105427357601002E-14|73240&4&3780.412988344252|73241&4&23.08301771448228|73254&4&190.86749918341593|73262&4&2599.8186700855044|73265&4&75.95611872265883|73274&4&4.226670838587449|73282&4&2945.8068341867947|73287&4&88.65222142695406|73288&4&888.6759654624102,2|73189&4&4377.126219695698|73193&4&424.3946548867774|73207&4&232.69993146094157|73223&4&2514.4857711446184|73228&4&138.93918516518414|73232&4&1214.607866528038|73238&4&3673.71381562906|73248&4&708.912908386967|73260&4&755.1019612724926|73269&4&288.46451826507797|73271&4&1664.3140460218983|73277&4&354.3513944414401|73280&4&508.71477034828683|73285&4&1265.8198201160035,2|73195&4&1362.604675038925|73197&4&0.0|73198&4&55.827788842737874|73201&4&248.5723064672698|73209&4&6832.616501069469|73214&4&531.0327753555753|73222&4&133.12747320588832|73230&4&464.3845190975944|73233&4&2064.21410511661|73254&4&16.110850570436902|73259&4&0.0|73260&4&684.3071012178233|73286&4&1121.6035534444432
332|4,130,1,1,1,1,1,1,1,1,1,1,1,1,1,1,1,1,1,1,1,1,1,1,1,1,1,1,1,1,1,1,1,1,1,1,1,1,1,1,1,1,1,1,1,1,1,1,1,1,1,1,1,1,1,1,1,1,1,1,1,1,1,1,1,1,1,1,1,1,1,1,1,1,1,1,1,1,1,1,1,1,1,1,1,1,1,1,1,1,1,1,1,1,1,1,1,1,1,1,1,1,0,0,0,0,0,0,0,0,0,0,0,0,0,0,0,0,0,0,0,0,2|73196&4&1078.3890898422221|73199&4&291.27166034476755|73201&4&3341.4405105989795|73206&4&1495.865939521005|73237&4&5296.013445312892|73244&4&1298.0455544316987|73245&4&4168.607122710471|73253&4&3808.6269561130093|73254&4&1121.3844869493616|73263&4&77.41007604248759|73266&4&2410.502240889674|73276&4&244.5658115263633,2|73225&4&0.0|73226&4&493.7283188195249|73232&4&1333.1854152959647|73236&4&3100.7065807552735|73239&4&3034.2978112459778|73242&4&3685.308346534143|73252&4&3264.9633541136845|73257&4&3895.823123618792|73263&4&2573.5111670552087|73268&4&4548.146890680639|73269&4&17.963698990347478|73270&4&5606.1159617716185|73274&4&139.95551128031678|73275&4&2461.268912265442|73283&4&464.8005838988693,2|73190&4&92.13852003515284|73193&4&737.5719852821893|73208&4&5348.254972751472|73211&4&6980.21493566187|73212&4&1879.832768017896|73214&4&249.73905130628148|73217&4&3371.903883532187|73219&4&0.0|73220&4&1202.1276180142074|73230&4&1013.4022551215677|73231&4&1572.0080081165402|73243&4&720.7886447027571|73262&4&3297.3313828845176|73264&4&699.402759800261|73273&4&295.375561399826|73276&4&2490.303056538039|73282&4&1507.8021990753914|73288&4&3441.9641726702985,2|73192&4&123.74634724331202|73204&4&1738.5109430834782|73207&4&3848.3866753752563|73222&4&4497.360631222962|73228&4&4454.4639665056275|73231&4&1264.650963092135|73249&4&1413.8966928141087|73250&4&0.0|73256&4&2345.7015014505964|73267&4&865.6044212143867,2|73191&4&703.2889543849465|73194&4&372.4126519444404|73195&4&160.88397698660256|73199&4&43.86546378441898|73200&4&687.2730262905727|73213&4&2910.429493533309|73214&4&210.08531504125887|73215&4&2738.30271303247|73218&4&233.55422734445492|73219&4&0.0|73221&4&117.01983008087511|73235&4&1668.197264084019|73240&4&1447.7725018127542|73244&4&2120.3862626702703|73249&4&124.33863010275229|73255&4&3336.614567307612|73273&4&120.53716156545711|73278&4&3104.1580621431326,2|73190&4&1712.1982445593371|73202&4&890.5425999368763|73206&4&1.4456555091985575|73210&4&857.6304698664198|73218&4&934.8731178720273|73245&4&726.2541086099334|73251&4&720.9213494897015|73263&4&2586.709472819909|73266&4&131.24759941641383|73270&4&2659.342638613992|73273&4&347.55949930844235,2|73193&4&424.01789925508433|73196&4&2080.9187669065|73198&4&55.98186124098679|73205&4&99.60666819484314|73218&4&1093.6819091332618|73221&4&5325.937900612448|73224&4&1175.2102963254663|73229&4&330.799080851762|73247&4&14.648247510590867|73258&4&3141.926453994374|73261&4&1536.0766664912846|73269&4&1111.8434147467153|73283&4&2432.2794770610444,2|73203&4&59.08006032107438|73204&4&786.5056473985695|73234&4&10.51741876312785|73240&4&3386.4974967337876|73241&4&19.963933902786742|73254&4&181.32412422424514|73262&4&2297.6900326846685|73265&4&67.76472776870874|73274&4&3.962503911175733|73282&4&2615.9009018072907|73287&4&169.89519794357798|73288&4&717.3247224683985,2|73189&4&4305.094605815446|73193&4&376.9038072868533|73207&4&128.3387893971431|73223&4&2271.6539937797743|73228&4&78.44302237412143|73232&4&1059.1778704184612|73238&4&4337.498984019792|73248&4&627.1349728807711|73260&4&655.1656120901742|73269&4&248.39533200417065|73271&4&1550.5506302646304|73277&4&0.0|73280&4&637.2669774292316|73285&4&1178.9887535007342,2|73195&4&1509.8925259808364|73197&4&28.34444977920637|73198&4&52.543801263753295|73201&4&157.72714616006238|73209&4&6676.91101149148|73214&4&1036.7961220643142|73222&4&71.8502175953878|73224&4&446.34323441094443|73227&4&35.46909339935273|73230&4&391.45735063768825|73233&4&2368.265460699665|73254&4&6.288565200911264|73260&4&645.6288205113703|73286&4&978.3364209896139
333|4,130,1,1,1,1,1,1,1,1,1,1,1,1,1,1,1,1,1,1,1,1,1,1,1,1,1,1,1,1,1,1,1,1,1,1,1,1,1,1,1,1,1,1,1,1,1,1,1,1,1,1,1,1,1,1,1,1,1,1,1,1,1,1,1,1,1,1,1,1,1,1,1,1,1,1,1,1,1,1,1,1,1,1,1,1,1,1,1,1,1,1,1,1,1,1,1,1,1,1,1,1,0,0,0,0,0,0,0,0,0,0,0,0,0,0,0,0,0,0,0,0,2|73196&4&861.3979545437046|73199&4&265.02039319839673|73201&4&4084.8637640837082|73206&4&1375.9735681305444|73237&4&4830.044633965629|73244&4&1151.8374565436586|73245&4&3779.167825279177|73253&4&3355.713944569925|73254&4&965.9777975517229|73263&4&12.691653851226201|73266&4&2633.9910320188537|73276&4&131.8618441476089,2|73225&4&11.61730923153737|73226&4&533.6037862339805|73232&4&1253.7169118637198|73236&4&3282.8266656966143|73239&4&3116.7533569008237|73242&4&3420.6464495938253|73252&4&3008.7967903401504|73257&4&3724.666983255891|73263&4&2273.3319671062027|73268&4&4741.244097666942|73269&4&0.0|73270&4&5770.778996379507|73274&4&129.45691695519542|73275&4&2485.927716525391|73283&4&357.07876786315296,2|73190&4&69.99147478458269|73193&4&695.5453163149996|73208&4&5200.323078799611|73211&4&6419.598073276912|73212&4&1727.4682912252804|73214&4&218.52166989299627|73217&4&3276.3504743531234|73220&4&1079.0998382697203|73230&4&1003.853948422397|73231&4&1964.9580890834748|73243&4&773.9444877583886|73262&4&3147.0265959169833|73264&4&576.4554039484464|73273&4&270.95331515577584|73276&4&2818.51826409113|73282&4&2463.9859640693526|73288&4&3602.0458350923464,2|73192&4&116.87155017423913|73204&4&2396.446530024172|73207&4&4421.521040310168|73222&4&4542.590159450729|73228&4&4084.337298510296|73231&4&1089.9812141862133|73249&4&1238.5635281023413|73256&4&2112.7657733310525|73267&4&722.7779389774115,2|73191&4&1235.9136475227663|73194&4&316.9493020108055|73195&4&116.17762586195232|73199&4&41.67219059519803|73200&4&613.1622059505733|73213&4&2952.868878218542|73214&4&163.82983657117566|73215&4&3011.7147662876714|73218&4&133.4282431706595|73221&4&72.60765173717147|73235&4&1506.4953298846287|73240&4&1887.972659060347|73244&4&2129.573356729268|73249&4&116.04938809590215|73255&4&3232.369316269337|73264&4&29.749240272993916|73273&4&103.3175670561061|73278&4&2850.2921644969656,2|73190&4&1586.2456717262817|73202&4&0.0|73206&4&0.0|73210&4&796.4519968262969|73218&4&826.1997863365666|73245&4&2006.098730868408|73251&4&682.2875186407712|73263&4&3674.8311963447413|73266&4&69.72424714327651|73270&4&2270.537178063041|73273&4&328.70256253915613,2|73193&4&394.96658567518523|73196&4&2010.3048192541082|73198&4&47.98445249227439|73205&4&0.0|73218&4&1963.3792360943528|73221&4&4924.363035097602|73224&4&1046.7548308026405|73229&4&310.192422320713|73247&4&194.37319998215636|73258&4&3027.5110237765243|73261&4&1385.1872188069033|73269&4&0.0|73283&4&2326.379923889681,2|73203&4&55.970583462070465|73204&4&638.3670522106971|73234&4&9.933117720731858|73240&4&3010.377563926524|73241&4&344.14273733892844|73254&4&171.78074926507435|73262&4&1995.5613952838326|73265&4&59.57333681475865|73274&4&3.698336983764017|73282&4&2292.811384888911|73287&4&160.4920916659143|73288&4&581.9559835598598,2|73189&4&4569.648275258489|73193&4&333.718417781803|73207&4&54.59895775642977|73223&4&2028.822216414931|73228&4&52.29534824941436|73232&4&903.747874308885|73238&4&4909.558426316966|73248&4&719.2509410278897|73260&4&555.2292629078559|73269&4&0.0|73271&4&1436.7872145073623|73277&4&12.269141018901454|73280&4&557.5154491163216|73285&4&1092.1576868854645,2|73195&4&2100.5629921820496|73197&4&26.92722729024605|73198&4&64.22491804287202|73201&4&87.85512011653495|73209&4&7071.4116033065275|73214&4&979.6256980033977|73222&4&26.184227678196383|73224&4&424.0260726903972|73227&4&33.695638729385095|73230&4&332.5439974466958|73233&4&2960.0317351321128|73254&4&0.0|73260&4&606.9505398049175|73286&4&835.0692885347846
334|4,130,1,1,1,1,1,1,1,1,1,1,1,1,1,1,1,1,1,1,1,1,1,1,1,1,1,1,1,1,1,1,1,1,1,1,1,1,1,1,1,1,1,1,1,1,1,1,1,1,1,1,1,1,1,1,1,1,1,1,1,1,1,1,1,1,1,1,1,1,1,1,1,1,1,1,1,1,1,1,1,1,1,1,1,1,1,1,1,1,1,1,1,1,1,1,1,1,1,1,1,1,0,0,0,0,0,0,0,0,0,0,0,0,0,0,0,0,0,0,0,0,2|73196&4&654.045511567693|73199&4&238.76912605202594|73201&4&4416.469539882515|73206&4&1256.0811967400841|73237&4&4364.075822618363|73244&4&1011.7957100633336|73245&4&3437.8887000862746|73253&4&3371.7344906384524|73254&4&810.5711081540841|73263&4&7.460698725481052E-14|73266&4&3106.6593189838677|73276&4&72.76379495218316,2|73216&4&401.9134485992737|73225&4&11.036443769960501|73226&4&525.1615397180195|73232&4&1202.8612717061717|73236&4&3792.220081288646|73239&4&2815.3015802268183|73242&4&3155.984552653508|73252&4&3099.1999778635127|73257&4&3391.4630719903857|73263&4&1973.1527671571964|73268&4&4981.124835008967|73270&4&6136.964485513211|73274&4&118.95832263007406|73275&4&3128.7572544760587|73283&4&255.4495154955809,2|73190&4&47.844429534012555|73193&4&653.51864734781|73208&4&5403.242853618207|73211&4&6226.127585194531|73212&4&1575.1038144326649|73214&4&187.30428847971106|73217&4&3472.7804226809517|73220&4&956.072058525233|73230&4&1119.2656145712522|73231&4&2538.828415146423|73243&4&722.4743442366287|73262&4&2946.384165525594|73264&4&453.5080480966315|73273&4&246.53106891172567|73276&4&3830.326258857214|73282&4&2416.6117723793436|73288&4&3436.516483308679,2|73192&4&109.99675310516625|73204&4&2637.0862221078605|73207&4&4536.688536703264|73222&4&4289.543152757764|73228&4&3663.202942512443|73231&4&949.2557726409506|73249&4&1063.2303633905738|73250&4&0.0|73256&4&1879.8300452115081|73267&4&579.9514567404364,2|73191&4&0.0|73194&4&261.4859520771706|73195&4&91.54929484075632|73199&4&64.41803567003012|73200&4&539.0513856105738|73213&4&2682.3517793425717|73214&4&136.52486380931293|73215&4&3965.391820478617|73218&4&70.48303598182018|73221&4&28.195473393467836|73235&4&1344.7933956852382|73240&4&2861.1689608340776|73244&4&2007.7268502576214|73249&4&107.760146089052|73255&4&3841.5443587293753|73264&4&28.26177825934422|73273&4&86.09797254675509|73278&4&2598.6946028160387,2|73190&4&1583.1132420998413|73210&4&902.1569567756459|73218&4&717.526454801106|73245&4&2181.785998765242|73251&4&725.3287793642421|73263&4&3958.93046806682|73266&4&23.107860184958035|73270&4&1935.5449503112386|73273&4&309.8456257698699,2|73193&4&365.915272095286|73196&4&2259.328806171556|73198&4&39.987043743562|73218&4&2182.04495684631|73221&4&4807.799522032402|73224&4&918.2993652798148|73229&4&289.585763789664|73247&4&0.0|73258&4&2814.6219082581683|73261&4&1280.037231534668|73283&4&2146.3238016310215,2|73203&4&0.0|73204&4&517.9467092041009|73234&4&9.348816678335865|73239&4&530.1989246425308|73240&4&2673.0895295075566|73241&4&593.6493783870019|73254&4&372.1139489335329|73262&4&1693.4327578829966|73265&4&51.38194586080856|73274&4&3.4341700563523014|73282&4&2008.6621146546122|73287&4&151.0889853882506|73288&4&464.08234599483274,2|73189&4&4956.148087084491|73193&4&290.5330282767527|73207&4&18.755762656107816|73214&4&38.300035280445|73223&4&1790.9156825543603|73228&4&26.14767412470718|73232&4&748.3178781993086|73238&4&5148.8017905035795|73248&4&1037.9830587654003|73260&4&455.2929137255376|73271&4&1323.023798750094|73277&4&0.0|73280&4&477.76392080341157|73285&4&1005.326620270195,2|73195&4&2009.2941943370142|73197&4&143.11074173652088|73198&4&60.19267524598227|73201&4&49.31172805196576|73209&4&7304.4669713830845|73214&4&922.4552739424812|73222&4&1.6342482922482304E-13|73224&4&466.3672691333685|73227&4&31.922184059417457|73230&4&276.9298121938068|73233&4&3417.4748873556414|73260&4&786.974978341435|73286&4&691.8021560799554
335|4,130,1,1,1,1,1,1,1,1,1,1,1,1,1,1,1,1,1,1,1,1,1,1,1,1,1,1,1,1,1,1,1,1,1,1,1,1,1,1,1,1,1,1,1,1,1,1,1,1,1,1,1,1,1,1,1,1,1,1,1,1,1,1,1,1,1,1,1,1,1,1,1,1,1,1,1,1,1,1,1,1,1,1,1,1,1,1,1,1,1,1,1,1,1,1,1,1,1,1,1,1,0,0,0,0,0,0,0,0,0,0,0,0,0,0,0,0,0,0,0,0,2|73196&4&486.25141720904884|73199&4&212.51785890565515|73201&4&4100.086274613203|73206&4&1136.1888253496236|73237&4&4627.806504970671|73244&4&871.7705141883965|73245&4&3112.715375924137|73253&4&3780.6114006729067|73254&4&655.1644187564453|73266&4&3197.7526119662325|73276&4&54.76608425309021,2|73216&4&381.81777616931004|73225&4&43.92694088213223|73226&4&0.0|73232&4&1678.59566801833|73236&4&3464.666807706865|73239&4&2524.717833129795|73242&4&2891.3226557131916|73252&4&2841.372415447353|73257&4&3485.588226799214|73263&4&1672.97356720819|73268&4&5812.3169243304055|73270&4&6260.356732724429|73274&4&0.0|73275&4&3828.0677112150343|73283&4&157.35398032515099,2|73190&4&25.697384283442418|73193&4&611.4919783806201|73208&4&5137.544763512193|73211&4&6474.310853016837|73212&4&1422.7393376400494|73214&4&156.08690706642585|73217&4&3448.4187919846577|73220&4&833.0442787807461|73230&4&1202.3962113846019|73231&4&2891.7570781517243|73243&4&671.0042007148688|73262&4&2872.78660084353|73264&4&0.0|73273&4&222.10882266767553|73276&4&3857.7605918666627|73282&4&2275.200540711776|73288&4&3193.486983838068,2|73192&4&103.12195603609337|73204&4&2467.5003777330253|73207&4&4196.092034595613|73222&4&4670.656218535681|73228&4&4397.458380683976|73231&4&829.7806785691178|73249&4&887.8971986788063|73250&4&333.8231335200877|73256&4&2210.8272372430483|73267&4&437.1249745034611,2|73191&4&375.3304734818581|73194&4&206.02260214353566|73195&4&67.42173672469156|73199&4&384.70509376075506|73200&4&464.9405652705743|73213&4&2565.8209078037785|73214&4&109.21989104745035|73215&4&3736.1896294901717|73218&4&36.905966635511945|73221&4&0.0|73235&4&1183.0914614858475|73240&4&3246.766402943771|73244&4&1885.8803437859742|73249&4&99.47090408220186|73255&4&4158.050150973521|73264&4&0.0|73273&4&68.87837803740408|73278&4&2347.097041135112|73279&4&211.40153791566354,2|73190&4&1743.6859727411143|73210&4&1375.297056888494|73218&4&608.8531232656453|73245&4&2065.7750349647076|73251&4&747.9569058028751|73263&4&3936.023880613674|73266&4&-1.4921397450962104E-13|73270&4&1648.882736875964|73273&4&290.9886890005837,2|73193&4&336.8639585153869|73196&4&3077.189667606116|73198&4&31.989634994849606|73218&4&2230.7316258450205|73221&4&4762.906444761946|73224&4&789.843899756989|73229&4&268.97910525861494|73258&4&3398.539392173293|73261&4&1473.8169288067775|73283&4&2033.498327754282,2|73204&4&407.90838380463435|73234&4&8.764515635939873|73239&4&861.093113544667|73240&4&2380.4371868856697|73241&4&589.2903746337872|73242&4&160.5094423542664|73254&4&587.6971136855636|73262&4&1391.3041204821602|73265&4&172.47841107772234|73274&4&0.0|73282&4&1740.4242518997291|73287&4&141.6858791105869|73288&4&358.5519944543361,2|73189&4&4585.650817759264|73193&4&247.34763877170238|73207&4&14.066821992080747|73214&4&73.1329229641115|73223&4&1934.8251546122885|73228&4&0.0|73232&4&610.6415889990469|73238&4&4806.677927196168|73248&4&953.1974017094742|73260&4&355.3565645432192|73271&4&1209.2603829928262|73280&4&478.6726683665091|73284&4&335.71163933289046|73285&4&918.4955536549254,2|73195&4&1859.4874987975045|73197&4&135.81348240079882|73198&4&97.24566394378172|73201&4&27.094956879230185|73209&4&7658.594992817705|73214&4&865.2848498815647|73224&4&759.8447017747901|73227&4&30.14872938944982|73230&4&229.7452720554965|73233&4&3732.5846876755672|73260&4&1130.351329058688|73286&4&1015.5842541599106
336|4,130,1,1,1,1,1,1,1,1,1,1,1,1,1,1,1,1,1,1,1,1,1,1,1,1,1,1,1,1,1,1,1,1,1,1,1,1,1,1,1,1,1,1,1,1,1,1,1,1,1,1,1,1,1,1,1,1,1,1,1,1,1,1,1,1,1,1,1,1,1,1,1,1,1,1,1,1,1,1,1,1,1,1,1,1,1,1,1,1,1,1,1,1,1,1,1,1,1,1,1,1,0,0,0,0,0,0,0,0,0,0,0,0,0,0,0,0,0,0,0,0,2|73196&4&352.2556316022628|73199&4&186.26659175928432|73201&4&4335.58346999985|73203&4&65.75297490343347|73206&4&1016.2964539591632|73221&4&1085.1911557387793|73237&4&5217.503169504633|73244&4&732.839769305727|73245&4&2788.8817202782316|73253&4&3928.8504281670366|73254&4&525.1813357400513|73266&4&2973.8568253563517|73276&4&43.81286740247219,2|73216&4&713.8582754451877|73225&4&177.68376562489829|73226&4&83.3183165722131|73232&4&1758.171291608794|73236&4&3587.4145665303713|73239&4&2246.2561641034604|73242&4&2642.3412659863457|73252&4&2914.3435719505314|73257&4&3923.721593124522|73263&4&1402.3835465174527|73268&4&5854.976049435314|73270&4&6066.043979515274|73275&4&3594.707798711454|73283&4&83.50770062822326,2|73190&4&16.957934156257547|73193&4&569.4653094134306|73208&4&5669.70637889275|73211&4&6033.203887806495|73212&4&1270.3748608474339|73214&4&124.86952565314064|73217&4&3707.6186753391103|73219&4&456.5795913398755|73220&4&710.0164990362589|73230&4&1193.6298872653992|73231&4&2697.5371387735463|73243&4&619.5340571931089|73262&4&3473.529770201509|73273&4&197.68657642362538|73276&4&3615.057188060404|73282&4&2133.7893090442085|73288&4&2950.4574843674577,2|73192&4&96.24715896702048|73204&4&2583.5793130755246|73207&4&3855.4955324879606|73222&4&5057.203412273307|73228&4&5013.107126955718|73231&4&735.816823163588|73249&4&712.5640339670389|73250&4&317.13197684408334|73256&4&2444.5746846459742|73267&4&1369.249914601755,2|73191&4&356.5639498077652|73194&4&268.93171134713674|73195&4&43.29417860862678|73199&4&529.503093301647|73200&4&390.82974493057486|73213&4&2762.943336279316|73214&4&81.91491828558776|73215&4&3456.2783859855813|73218&4&18.45298331775593|73235&4&1176.6163132564666|73240&4&3218.4636372581126|73244&4&2462.986291808357|73249&4&744.2133273839271|73255&4&3796.7220874620657|73273&4&51.658783528053064|73278&4&2095.4994794541844|73279&4&388.3648030352498,2|73190&4&1596.9590772159952|73210&4&1306.9682937372186|73218&4&500.1797917301846|73245&4&2385.4848798864887|73251&4&749.8385243939886|73263&4&4430.502802347848|73270&4&1366.6990357563395|73273&4&272.13175223129747,2|73193&4&307.8126449354877|73196&4&3726.7860170711006|73198&4&23.992226246137214|73218&4&2129.601840766385|73221&4&4328.534393831274|73224&4&670.2245831690278|73229&4&248.3724467275659|73258&4&4034.5173269141847|73261&4&1572.0939721398054|73283&4&2521.8959104454602,2|73204&4&297.8700584051679|73234&4&8.18021459354388|73239&4&1068.6311002909029|73240&4&2102.044791760696|73241&4&604.0873092876388|73242&4&485.37074539291905|73254&4&1095.4242478326173|73262&4&1089.1754830813243|73265&4&0.0|73274&4&81.10631687492261|73282&4&1479.4774225962738|73287&4&132.28277283292323|73288&4&261.0067901328265,2|73189&4&4230.365715789432|73193&4&204.16224926665208|73207&4&9.377881328053842|73214&4&69.38052672770482|73223&4&1827.3892179453187|73232&4&491.13412959324563|73233&4&60.35240910503035|73238&4&5196.7854149614395|73248&4&943.2060436689708|73260&4&260.2043249138696|73271&4&1095.496967235558|73280&4&1273.716592809537|73284&4&0.0|73285&4&831.6644870396558,2|73195&4&1709.6808032579947|73197&4&128.51622306507673|73198&4&91.1591595721575|73201&4&4.87818570649449|73209&4&8344.994616719116|73214&4&808.1144258206481|73224&4&1472.4057073453519|73227&4&28.37527471948218|73230&4&185.52936859469597|73233&4&3489.3344643218534|73260&4&1296.7783771338547|73286&4&1618.1108525948875
337|4,130,1,1,1,1,1,1,1,1,1,1,1,1,1,1,1,1,1,1,1,1,1,1,1,1,1,1,1,1,1,1,1,1,1,1,1,1,1,1,1,1,1,1,1,1,1,1,1,1,1,1,1,1,1,1,1,1,1,1,1,1,1,1,1,1,1,1,1,1,1,1,1,1,1,1,1,1,1,1,1,1,1,1,1,1,1,1,1,1,1,1,1,1,1,1,1,1,1,1,1,1,0,0,0,0,0,0,0,0,0,0,0,0,0,0,0,0,0,0,0,0,2|73189&4&522.6936828145158|73196&4&237.98831241090588|73199&4&160.0153246129135|73201&4&4198.172855488086|73203&4&62.465326158261796|73206&4&896.4040825687026|73221&4&1241.081299381624|73237&4&4881.626984844426|73244&4&615.1983141028136|73245&4&2487.395465863259|73253&4&5151.402362955983|73254&4&416.5517624643255|73266&4&2749.96103874647|73276&4&32.859650551854145,2|73216&4&676.1557944299319|73225&4&204.79686631978507|73226&4&79.15240074360246|73232&4&2032.17014744008|73236&4&3627.2936614761|73239&4&1977.1819912495218|73242&4&2406.123733375034|73252&4&2665.2001187250544|73257&4&4475.639899910668|73263&4&1162.5034063748024|73268&4&5379.6129802909745|73270&4&6465.987140216337|73275&4&3291.8379181816713|73283&4&42.10070288044619,2|73190&4&8.218484029072624|73193&4&527.4386404462408|73208&4&5214.959363724297|73211&4&5722.7942522429785|73212&4&1468.8539314480036|73214&4&93.65214423985543|73217&4&3392.1785282327955|73219&4&433.7506117728817|73220&4&678.1606297116147|73230&4&1114.3526805082154|73231&4&2548.9300817931335|73243&4&568.0639136713489|73262&4&4726.258983333854|73273&4&173.26433017957524|73276&4&3372.3537842541455|73282&4&2023.9106133681753|73288&4&3197.118377305475,2|73192&4&89.3723618979476|73204&4&2485.4301984960725|73207&4&3514.899030380309|73222&4&5247.713726153532|73228&4&5780.50769515693|73231&4&641.8529677580581|73249&4&558.9461534246213|73250&4&300.440820168079|73256&4&3022.725752923119|73267&4&0.0,2|73191&4&337.7974261336723|73194&4&1228.9795311674056|73195&4&19.16662049256201|73199&4&501.65527018941737|73200&4&316.7189245905754|73213&4&2498.835879958267|73214&4&54.60994552372517|73215&4&3410.6459383142314|73218&4&-8.526512829121202E-14|73235&4&2436.519227398788|73240&4&3561.737441556379|73244&4&2306.192162612008|73249&4&1421.9553549787524|73255&4&3435.39402395061|73273&4&34.43918901870205|73278&4&1843.901917773257|73279&4&736.3889960378507,2|73190&4&1450.2321816908764|73210&4&1199.0203088025123|73218&4&391.5064601947239|73245&4&2252.6606433261986|73251&4&0.0|73263&4&5029.658331753262|73270&4&1084.515334636715|73273&4&253.27481546201122,2|73193&4&278.76133135558854|73196&4&4371.619494193351|73198&4&15.994817497424823|73218&4&2654.285183423328|73221&4&3940.3491830981593|73224&4&580.3425796344955|73229&4&0.0|73258&4&4095.185680535574|73261&4&1883.855278937821|73283&4&2535.4586157395315,2|73204&4&202.87964496919602|73234&4&7.595913551147889|73239&4&1011.6550403153094|73240&4&1828.3840802463033|73241&4&1009.0731430684418|73242&4&460.70093451738745|73254&4&1314.90992641603|73262&4&806.920585519501|73274&4&77.05100103117648|73282&4&1218.5305932928181|73287&4&122.87966655525953|73288&4&163.4615858113168,2|73189&4&3885.003501242901|73193&4&160.9768597616018|73207&4&4.688940664026938|73214&4&65.62813049129812|73223&4&2021.5465004900525|73232&4&377.2064444230385|73233&4&57.33478864977883|73238&4&5459.0750050195475|73248&4&1129.2146664996192|73260&4&186.09390864832747|73269&4&119.61871858256961|73271&4&981.7335514782902|73280&4&1308.5207667659633|73285&4&744.8334204243862,2|73195&4&1805.5439330809554|73197&4&121.21896372935466|73198&4&488.35359503756735|73201&4&2.1316282072803006E-14|73209&4&8291.225000184091|73214&4&750.9440017597315|73224&4&1973.0150083753063|73227&4&26.601820049514544|73230&4&145.7748613819466|73233&4&3267.6507522551915|73260&4&1231.356409308619|73286&4&2068.552042507519
338|4,130,1,1,1,1,1,1,1,1,1,1,1,1,1,1,1,1,1,1,1,1,1,1,1,1,1,1,1,1,1,1,1,1,1,1,1,1,1,1,1,1,1,1,1,1,1,1,1,1,1,1,1,1,1,1,1,1,1,1,1,1,1,1,1,1,1,1,1,1,1,1,1,1,1,1,1,1,1,1,1,1,1,1,1,1,1,1,1,1,1,1,1,1,1,1,1,1,1,1,1,1,0,0,0,0,0,0,0,0,0,0,0,0,0,0,0,0,0,0,0,0,2|73189&4&992.9824575210007|73196&4&158.21517856716105|73199&4&135.01091647481394|73201&4&3938.5763908776526|73203&4&0.0|73206&4&1067.1785602168284|73221&4&2385.483561028541|73237&4&5836.6156630728065|73244&4&500.9037795940509|73245&4&2195.582936445063|73253&4&5292.447190336371|73254&4&328.9676269904104|73266&4&2526.065252136589|73276&4&21.906433701236097,2|73216&4&638.4533134146761|73225&4&193.93346495277913|73226&4&74.9864849149918|73232&4&2411.9489802204143|73236&4&3706.3443557178302|73239&4&1708.107818395583|73242&4&2169.906200763722|73252&4&2798.8895088561353|73257&4&4047.9155527701273|73263&4&940.6857000956937|73268&4&4944.333492944425|73270&4&6136.069563414362|73275&4&2995.520900026889|73283&4&9.207117501059447,2|73190&4&6.039613253960852E-14|73193&4&485.41197147905115|73208&4&4792.478067133799|73211&4&6169.113339409894|73212&4&1417.9558338038494|73214&4&62.434762826570214|73217&4&3533.1229297915093|73219&4&513.3152951415427|73220&4&912.0293181629771|73230&4&1256.3924744122069|73231&4&2352.4294982950682|73243&4&516.5937701495891|73262&4&4858.634120131314|73273&4&148.84208393552507|73276&4&3129.650380447887|73282&4&2701.915021972726|73288&4&3427.0467907713582,2|73192&4&82.49756482887472|73204&4&2965.9837578173156|73207&4&3174.302528272656|73222&4&5317.842175782469|73228&4&5272.598147187426|73231&4&547.8891123525282|73249&4&433.73014317355364|73250&4&283.7496634920746|73256&4&3384.144747931747|73267&4&840.8413419274839,2|73191&4&319.03090245957935|73194&4&1714.7189740024812|73195&4&-2.8421709430404007E-14|73199&4&562.3083290161571|73200&4&417.3378715752262|73213&4&2391.9936435217296|73214&4&27.304972761862587|73215&4&3366.92472680458|73235&4&2717.5546817813156|73240&4&4206.895676205452|73244&4&2360.136343993441|73249&4&2193.173287172358|73255&4&3079.097086439697|73273&4&17.219594509351037|73278&4&2330.098385383528|73279&4&871.2691836074455,2|73190&4&1303.5052861657573|73210&4&1091.0723238678065|73218&4&282.8331286592632|73245&4&2114.6150007057304|73263&4&5455.54517111239|73270&4&831.2175664973856|73273&4&379.6272821704538,2|73193&4&249.71001777568938|73196&4&4851.33052904754|73198&4&0.0|73218&4&2891.8711664674415|73221&4&3621.854749429957|73224&4&506.67513749974586|73258&4&4104.438723310129|73261&4&1732.0803268940715|73283&4&2555.1408325189213,2|73204&4&111.83674337221312|73228&4&509.10726465529706|73234&4&7.011612508751897|73239&4&1331.6191072516924|73240&4&1580.7700326534455|73241&4&975.1475449019705|73242&4&436.03112364185586|73254&4&1521.3812702054374|73260&4&205.99306689193577|73262&4&585.5462470798036|73265&4&30.38231578709421|73274&4&0.0|73282&4&962.3802782814673|73287&4&113.47656027759585|73288&4&98.53630680593693,2|73189&4&3555.049513675084|73190&4&21.393460965054942|73193&4&117.79147025655148|73207&4&3.375077994860476E-14|73214&4&61.875734254891434|73223&4&2317.1254715464365|73232&4&271.04377818636954|73233&4&54.31716819452731|73238&4&5676.008413866949|73248&4&1281.1594139414135|73257&4&518.0511381397102|73260&4&130.51318075487058|73264&4&823.0664788163315|73269&4&305.9835511019482|73271&4&867.9701357210222|73280&4&1221.9211079024021|73285&4&658.0023538091165|73286&4&734.1960650307633,2|73195&4&2192.0004984872467|73197&4&113.92170439363258|73198&4&0.0|73209&4&7687.8989252689935|73214&4&693.773577698815|73224&4&1941.8154041329717|73227&4&0.0|73230&4&106.02035416919728|73233&4&3045.96704018853|73260&4&1149.527734871656|73286&4&1888.6656458371535
339|4,130,1,1,1,1,1,1,1,1,1,1,1,1,1,1,1,1,1,1,1,1,1,1,1,1,1,1,1,1,1,1,1,1,1,1,1,1,1,1,1,1,1,1,1,1,1,1,1,1,1,1,1,1,1,1,1,1,1,1,1,1,1,1,1,1,1,1,1,1,1,1,1,1,1,1,1,1,1,1,1,1,1,1,1,1,1,1,1,1,1,1,1,1,1,1,1,1,1,1,1,1,0,0,0,0,0,0,0,0,0,0,0,0,0,0,0,0,0,0,0,0,2|73189&4&1161.9666346225117|73193&4&65.63080082082601|73196&4&117.9639569276671|73199&4&112.36836886085055|73201&4&3589.0554664983238|73206&4&1045.6901674263759|73221&4&2260.2580529448455|73237&4&6655.165121779467|73244&4&404.95046473002765|73245&4&1903.7704070268674|73253&4&5133.033403446824|73254&4&246.90437147220902|73266&4&2302.1694655267074|73276&4&10.953216850618048,2|73216&4&600.7508323994205|73225&4&183.0700635857732|73226&4&70.82056908638116|73232&4&2609.6697096606313|73236&4&3367.973656858233|73239&4&1460.41416313619|73242&4&1933.6886681524102|73252&4&2925.4665543389406|73257&4&3655.037070307879|73263&4&759.946430055494|73268&4&5381.069824604299|73270&4&5919.6508094631245|73275&4&2699.203881872106|73283&4&4.263256414560601E-14,2|73193&4&443.3853025118615|73208&4&4369.996770543301|73211&4&6479.977570849274|73212&4&1717.435847331902|73214&4&31.217381413284997|73217&4&3775.277945310633|73219&4&718.1628778306072|73220&4&1607.4648931783636|73230&4&1166.0494176219638|73231&4&2155.928914797003|73243&4&465.12362662782914|73262&4&4911.744454839856|73273&4&124.41983769147492|73276&4&2886.946976641628|73282&4&2517.877550151997|73288&4&3134.6606500524695,2|73192&4&75.62276775980183|73204&4&3312.036139089363|73207&4&2833.7060261650045|73222&4&5185.349538289984|73228&4&4801.732755525085|73231&4&453.92525694699816|73249&4&351.3476216613194|73250&4&267.05850681607023|73256&4&3132.938322467021|73267&4&798.7992748311096,2|73191&4&300.26437878548643|73194&4&1606.0571314225176|73199&4&530.0354618069789|73200&4&1406.9871123935495|73213&4&2689.712300009647|73214&4&0.0|73215&4&3338.7754752968895|73235&4&2834.706101679294|73240&4&4039.573400749832|73244&4&3018.93008747251|73249&4&2324.483828017039|73255&4&2722.800148928783|73273&4&2.1316282072803006E-14|73278&4&2489.966466113776|73279&4&1007.1458851744518,2|73190&4&1156.7783906406382|73210&4&983.1243389331006|73218&4&189.6690749252556|73245&4&2118.4793111656377|73263&4&5209.531236730273|73270&4&587.3331718139217|73273&4&1229.9611932016285,2|73193&4&220.65870419579022|73196&4&4783.122921791648|73218&4&3320.2703939404782|73221&4&3303.923564142498|73224&4&441.14584976177105|73258&4&3757.5336703344483|73261&4&1580.305374850322|73283&4&2314.1929004098247,2|73204&4&45.1255018392406|73228&4&1010.6160325261766|73234&4&6.4273114663559054|73236&4&435.7711943388101|73239&4&1339.1474609528823|73240&4&1365.5717184887314|73241&4&916.857458690819|73242&4&411.36131276632426|73254&4&1887.8078622792234|73260&4&322.2273142402608|73262&4&394.2665924330691|73265&4&28.8631999977395|73282&4&1546.9974232473628|73287&4&104.07345399993217|73288&4&46.538372450501804,2|73189&4&3225.0955261072672|73190&4&311.8454933522331|73193&4&74.60608075150117|73207&4&710.6478573305733|73214&4&584.1068831642608|73223&4&2670.224371419375|73232&4&190.94915039699077|73233&4&51.299547739275795|73238&4&5834.551710201891|73248&4&1189.992381880376|73257&4&805.8322057957422|73260&4&77.28474771715689|73264&4&1003.4889133865413|73269&4&391.7644411776547|73271&4&1120.300684048208|73280&4&1135.321449038841|73285&4&571.1712871938469|73286&4&1026.2150634364239,2|73195&4&2002.482974068917|73197&4&106.6244450579105|73198&4&136.24290577280814|73209&4&6991.507401233292|73214&4&636.6031536378985|73224&4&1829.7703484841513|73230&4&73.70218314071613|73233&4&2824.2833281218686|73260&4&1067.6990604346934|73286&4&1743.0274467892498
340|4,130,1,1,1,1,1,1,1,1,1,1,1,1,1,1,1,1,1,1,1,1,1,1,1,1,1,1,1,1,1,1,1,1,1,1,1,1,1,1,1,1,1,1,1,1,1,1,1,1,1,1,1,1,1,1,1,1,1,1,1,1,1,1,1,1,1,1,1,1,1,1,1,1,1,1,1,1,1,1,1,1,1,1,1,1,1,1,1,1,1,1,1,1,1,1,1,1,1,1,1,1,0,0,0,0,0,0,0,0,0,0,0,0,0,0,0,0,0,0,0,0,2|73189&4&1100.0137758301955|73193&4&0.0|73196&4&89.34337179246765|73199&4&92.43491987148542|73201&4&3457.5982745031947|73204&4&820.8691991766343|73206&4&922.7887538113677|73221&4&2135.03254486115|73237&4&6886.655362535665|73244&4&335.11953346620834|73245&4&1611.9578776086714|73253&4&5545.257345208437|73254&4&177.44976235999013|73266&4&2501.581724778598|73276&4&0.0,2|73216&4&0.0|73225&4&172.20666221876726|73226&4&170.58212494028942|73232&4&2427.972165151704|73236&4&3044.7272370782603|73239&4&1233.0348156158257|73242&4&1697.4711355410982|73252&4&2713.45546769489|73257&4&3304.5916228740707|73263&4&614.376444365934|73268&4&5411.0633235606865|73270&4&6486.335950564944|73275&4&2415.944521381171,2|73193&4&0.0|73208&4&3947.5154739528016|73211&4&6991.184046249002|73212&4&1695.6049879157056|73214&4&-2.2026824808563106E-13|73217&4&3715.7167614321265|73219&4&678.5744028466886|73220&4&1539.665279613072|73230&4&1184.744920193708|73231&4&2178.4748413335265|73243&4&413.6534831060692|73262&4&6056.4391453148455|73273&4&99.99759144742478|73276&4&2644.2435728353703|73282&4&2333.840078331268|73288&4&3217.0843898045996,2|73192&4&68.74797069072895|73204&4&3062.063480477155|73207&4&2519.6395292539087|73222&4&4870.454248724649|73228&4&4369.833916442432|73231&4&359.9614015414682|73249&4&275.3454356574764|73250&4&250.36735014006584|73256&4&2888.335592817175|73267&4&756.7572077347354,2|73191&4&281.4978551113935|73194&4&0.0|73199&4&497.7625945978008|73200&4&2323.317243222076|73213&4&2981.0257437875684|73215&4&3359.1057934071696|73235&4&2652.333732702907|73240&4&4121.829170069588|73244&4&3281.6105528522994|73249&4&2595.918339069547|73255&4&2732.357819289925|73278&4&2217.373631760047|73279&4&950.9951570904212,2|73190&4&1017.5658980520425|73210&4&1018.3302835896709|73218&4&126.62957514261733|73245&4&2888.3523983972864|73263&4&5132.9028626652835|73270&4&362.02322851609097|73273&4&1160.0212203597384,2|73193&4&0.0|73196&4&4637.560244476964|73218&4&3085.526418365349|73221&4&3003.7131001271196|73224&4&375.6165620237963|73258&4&3410.6286173587678|73261&4&1566.712003292325|73283&4&2507.538970945528,2|73204&4&5.779455636602719|73228&4&1203.4833102260761|73234&4&5.843010423959914|73236&4&1005.7504952816844|73239&4&1679.5533294140712|73240&4&1155.9309050667714|73241&4&859.8168035122809|73242&4&386.69150189079267|73254&4&2053.0963636542797|73260&4&575.6181762207841|73262&4&229.4201990933074|73265&4&77.93195281021167|73282&4&1823.3865292746743|73287&4&94.67034772226849|73288&4&-2.7000623958883807E-13,2|73189&4&2917.2522352298424|73190&4&939.7160346434866|73193&4&0.0|73207&4&1057.7627360955503|73214&4&989.9950724556955|73223&4&2535.5035944238716|73232&4&128.23619355635492|73233&4&48.28192728402428|73238&4&5753.9904499165405|73248&4&1098.825349819338|73257&4&1053.629017416466|73260&4&48.19288426279666|73264&4&1100.5441724644015|73269&4&371.0972611047378|73271&4&1205.9905723962795|73280&4&1279.330831071964|73285&4&843.146239755462|73286&4&1175.9916228199472,2|73195&4&1862.7492888561726|73197&4&99.32718572218843|73198&4&129.43076048416773|73209&4&6880.122767959374|73214&4&579.4327295769818|73224&4&1717.7252928353314|73230&4&44.81182452466512|73233&4&2602.5996160552063|73260&4&985.8703859977306|73286&4&1614.4142755903003
341|4,130,1,1,1,1,1,1,1,1,1,1,1,1,1,1,1,1,1,1,1,1,1,1,1,1,1,1,1,1,1,1,1,1,1,1,1,1,1,1,1,1,1,1,1,1,1,1,1,1,1,1,1,1,1,1,1,1,1,1,1,1,1,1,1,1,1,1,1,1,1,1,1,1,1,1,1,1,1,1,1,1,1,1,1,1,1,1,1,1,1,1,1,1,1,1,1,1,1,1,1,1,0,0,0,0,0,0,0,0,0,0,0,0,0,0,0,0,0,0,0,0,2|73189&4&1038.0609170378796|73193&4&891.567445451784|73196&4&71.47469743397409|73199&4&84.03174533771403|73201&4&3795.0796781414874|73204&4&920.8408821604115|73206&4&799.8873401963597|73221&4&2009.8070367774549|73237&4&6588.376251649046|73244&4&275.7590918939885|73245&4&1370.1009200973708|73253&4&5460.3428601763935|73254&4&136.12689312401784|73266&4&2260.2029226115833,2|73225&4&300.9684338748897|73226&4&161.21983552755282|73232&4&2428.086897592956|73236&4&2751.3329209265175|73239&4&1030.7044453109997|73242&4&1461.2536029297867|73246&4&404.35313877868305|73252&4&2803.8748389111674|73257&4&2969.72408097062|73263&4&492.50765560906797|73268&4&4930.2692311626215|73270&4&7003.493445833357|73275&4&2436.930712986232,2|73208&4&3851.2155503143686|73211&4&7801.951247108505|73212&4&1612.6746723049052|73216&4&378.54934049369535|73217&4&3402.82714345396|73219&4&703.1687111246924|73220&4&1697.046026151454|73230&4&1245.9734523366565|73231&4&1971.0219323337315|73243&4&362.1833395843093|73262&4&6669.759795035551|73273&4&75.57534520337464|73276&4&2401.540169029111|73282&4&2149.802606510539|73288&4&3222.7689832182027,2|73192&4&61.87317362165606|73204&4&2812.090821864946|73207&4&2223.467154012023|73222&4&4574.957956103366|73228&4&3953.498437884151|73231&4&265.99754613593825|73249&4&223.83741601004562|73250&4&233.67619346406144|73256&4&3000.6832294138903|73267&4&879.9017148528334,2|73191&4&262.7313314373006|73199&4&465.4897273886226|73200&4&2448.9234073397306|73213&4&2719.334188797324|73215&4&3402.5550021805293|73235&4&2467.00573078353|73240&4&3857.8568469303864|73244&4&3049.4073812410843|73249&4&2443.947036877068|73255&4&3774.7509706290475|73278&4&2292.4295974911656|73279&4&894.8444290063906,2|73190&4&894.762162686804|73210&4&1386.1570175390793|73218&4&63.59007535997904|73245&4&3389.874446979452|73251&4&19.658832301137785|73263&4&5540.257246031564|73270&4&168.41420356820475|73273&4&1222.9759640001503,2|73196&4&4275.2067068348215|73218&4&3049.43336541213|73221&4&2706.6772986962733|73224&4&310.08727428582154|73247&4&20.968513757396497|73258&4&3260.4661129061824|73261&4&1646.5665984982872|73283&4&3060.124778657435,2|73204&4&0.0|73228&4&1146.8982211066923|73234&4&5.258709381563922|73236&4&1311.4381236367367|73239&4&2548.566191409137|73240&4&960.0168343934959|73241&4&802.7761483337428|73242&4&910.4410769706008|73254&4&2223.5799315496806|73260&4&988.7717047878384|73262&4&114.5676450177299|73265&4&0.0|73282&4&2286.553461596195|73287&4&85.2672414446048,2|73189&4&2609.4089443524185|73190&4&891.8944613428984|73207&4&1003.0979796474463|73214&4&938.1465108227435|73223&4&2830.3770525255813|73232&4&75.71704057478102|73233&4&45.26430682877276|73238&4&5924.8548744844775|73248&4&1007.6583177583002|73257&4&1304.2200311416482|73260&4&20.498537593043242|73264&4&1243.4980766980575|73269&4&350.430081031821|73271&4&1414.8730633680493|73277&4&71.86230969941188|73280&4&1195.3705263376287|73285&4&750.3542878810478|73286&4&1112.699239349653,2|73195&4&2473.5517899090173|73197&4&100.37056543741842|73198&4&122.61861519552733|73209&4&6185.504786424488|73214&4&522.2623055160652|73224&4&1605.6802371865115|73230&4&19.604623210469867|73233&4&2380.9159039885444|73260&4&904.0417115607678|73286&4&1507.701389090988
342|4,130,1,1,1,1,1,1,1,1,1,1,1,1,1,1,1,1,1,1,1,1,1,1,1,1,1,1,1,1,1,1,1,1,1,1,1,1,1,1,1,1,1,1,1,1,1,1,1,1,1,1,1,1,1,1,1,1,1,1,1,1,1,1,1,1,1,1,1,1,1,1,1,1,1,1,1,1,1,1,1,1,1,1,1,1,1,1,1,1,1,1,1,1,1,1,1,1,1,1,1,1,0,0,0,0,0,0,0,0,0,0,0,0,0,0,0,0,0,0,0,0,2|73189&4&976.1080582455633|73193&4&846.9890731791949|73196&4&53.60602307548059|73199&4&75.62857080394264|73201&4&3740.575632424412|73204&4&1060.0819062270584|73206&4&1093.4764847188476|73221&4&1884.5815286937593|73237&4&6509.641247015311|73244&4&216.77797655815417|73245&4&1154.1457771417954|73253&4&5260.112974689014|73254&4&104.04742786907843|73266&4&2023.3212914361402,2|73225&4&320.72903628772826|73226&4&151.85754611481622|73232&4&2237.29873923652|73236&4&2473.445313405474|73239&4&860.4022594964877|73242&4&1234.1118956319094|73246&4&384.1354818397489|73252&4&2803.7277579620873|73257&4&2639.7659307553636|73263&4&382.59381739821225|73268&4&4449.475138764557|73270&4&7777.374684981609|73272&4&104.06511645048103|73275&4&2141.597751546145,2|73208&4&3553.348643841952|73211&4&8329.758516959942|73212&4&1959.1171074500419|73216&4&480.74885541172966|73217&4&3089.937525475794|73219&4&759.2727851064172|73220&4&1916.7788999113884|73230&4&1142.32729173325|73231&4&2292.21328464226|73243&4&310.7131960625494|73262&4&7227.114175110507|73273&4&56.52397166006425|73276&4&2158.836765222853|73282&4&1965.7651346898103|73288&4&2922.154160719186,2|73192&4&54.99837655258317|73204&4&2562.1181632527373|73207&4&1929.9805343490332|73222&4&4744.603922753083|73228&4&3537.1629593258704|73231&4&172.03369073040832|73249&4&172.3293963626146|73250&4&415.02576897448176|73256&4&2741.2371872773124|73267&4&829.6003190457355,2|73191&4&243.9648077632077|73199&4&433.2168601794445|73200&4&2487.3179530645793|73213&4&2425.9781273138437|73215&4&3279.3268107963213|73235&4&2281.6777288641533|73240&4&4605.816513429865|73244&4&2817.2042096298687|73249&4&2291.9757346845877|73255&4&4443.439963376489|73278&4&2077.385333068606|73279&4&838.6937009223601,2|73190&4&775.6198086826478|73210&4&1267.81087747536|73218&4&19.73385656483818|73245&4&3256.1863034014887|73251&4&18.675890686080898|73263&4&5141.144705521217|73270&4&40.881535759113696|73273&4&1406.0611172689137,2|73196&4&3912.853169192679|73218&4&2804.7568437059053|73221&4&2409.6414972654275|73224&4&244.55798654784672|73229&4&0.0|73247&4&59.44002506583999|73258&4&3644.656368330662|73261&4&2248.6275771204537|73283&4&3268.725886198832,2|73228&4&1723.3332845972484|73230&4&213.4887331400481|73232&4&581.102130847263|73234&4&4.674408339167931|73236&4&1242.2079418315561|73239&4&3001.9646714541614|73240&4&764.1027637202205|73241&4&745.7354931552048|73242&4&1409.728501080269|73254&4&2582.0867298263074|73260&4&1336.8422479486526|73262&4&41.82787641474607|73275&4&997.7542536676406|73282&4&2437.8844063986535|73287&4&75.86413516694113,2|73189&4&2301.5656534749933|73190&4&844.0728880423102|73207&4&948.4332231993424|73214&4&886.2979491897914|73223&4&2614.8937986337123|73232&4&30.286765206469624|73233&4&367.7620252442398|73238&4&6441.15269634033|73248&4&916.4912856972626|73257&4&2332.616686590395|73260&4&0.6371500153755811|73264&4&1173.6690770521166|73269&4&329.76290095890414|73271&4&1295.671239243724|73277&4&0.0|73280&4&1112.2271911546159|73285&4&657.5597008579689|73286&4&1049.406855879359,2|73195&4&2262.196708368463|73197&4&147.2649467387808|73198&4&115.80646990688692|73209&4&5612.739884488792|73214&4&465.0918814551487|73224&4&1493.635181537691|73230&4&2.0104002308240383|73233&4&2159.2321919218834|73260&4&822.2130371238051|73286&4&1400.9885025916756
343|4,130,1,1,1,1,1,1,1,1,1,1,1,1,1,1,1,1,1,1,1,1,1,1,1,1,1,1,1,1,1,1,1,1,1,1,1,1,1,1,1,1,1,1,1,1,1,1,1,1,1,1,1,1,1,1,1,1,1,1,1,1,1,1,1,1,1,1,1,1,1,1,1,1,1,1,1,1,1,1,1,1,1,1,1,1,1,1,1,1,1,1,1,1,1,1,1,1,1,1,1,1,0,0,0,0,0,0,0,0,0,0,0,0,0,0,0,0,0,0,0,0,2|73189&4&914.1551994532471|73193&4&802.4107009066057|73196&4&35.7373487169871|73199&4&67.22539627017125|73201&4&3380.573564699261|73204&4&1002.6209270624659|73206&4&1194.927256481281|73221&4&1759.356020610064|73237&4&6370.902621126506|73244&4&159.48568484865635|73245&4&953.6538987161726|73253&4&5649.1402526128295|73254&4&86.7061898908986|73266&4&1786.439660260697,2|73225&4&301.00411314801585|73226&4&0.0|73232&4&2046.5105808800838|73236&4&2195.5577058844306|73239&4&716.4440051277817|73242&4&1034.3878950736735|73246&4&363.9178249008147|73252&4&3682.9465647728575|73257&4&2335.969413440718|73263&4&272.6799791873565|73268&4&3968.681046366493|73270&4&8281.8237407612|73272&4&98.86186062795697|73275&4&1885.8518146895813,2|73208&4&4190.097839709137|73211&4&7654.7813927509915|73212&4&1918.8474893201374|73216&4&463.59832402550796|73217&4&2777.0479074976274|73219&4&711.5300865529656|73220&4&1855.1438941725614|73230&4&1038.6811311298434|73231&4&2626.1256070645595|73243&4&740.6092620646898|73262&4&7073.923549542329|73273&4&48.4491185657693|73276&4&1916.1333614165947|73281&4&160.56341221310163|73282&4&1781.727662869081|73288&4&2621.53933822017,2|73192&4&48.12357948351028|73204&4&2328.609543332859|73207&4&1636.4939146860436|73222&4&4274.6479062979715|73228&4&3140.649121074547|73231&4&89.51054969782436|73249&4&120.8213767151836|73250&4&831.6325375179013|73256&4&2547.312555026922|73267&4&779.2989232386376,2|73191&4&225.1982840891148|73199&4&400.9439929702664|73200&4&2342.918278717827|73213&4&2466.3197313302926|73215&4&3009.2453221462115|73235&4&2145.222302748163|73240&4&4653.585195275576|73244&4&2585.001038018654|73249&4&2140.004432492108|73255&4&5045.762505880145|73278&4&2954.003145042254|73279&4&782.5429728383295,2|73190&4&657.0856148610519|73210&4&1306.9881947398371|73218&4&-1.3500311979441904E-13|73245&4&3444.4301109516337|73251&4&17.69294907102401|73263&4&4742.032165010868|73270&4&2.7000623958883807E-13|73273&4&1316.4929155061702,2|73196&4&3550.4996315505373|73205&4&0.0|73218&4&2676.6556398418493|73221&4&2112.6056958345816|73224&4&179.02869880987194|73247&4&56.415602528154494|73258&4&4117.6047237271005|73261&4&2094.9493637852233|73283&4&3017.268793804278,2|73228&4&2280.678721928553|73230&4&202.8142964830457|73232&4&935.5979606836995|73234&4&4.090107296771939|73236&4&1302.7585669677555|73239&4&3204.659912679467|73240&4&606.2031820007021|73241&4&688.6948379766668|73242&4&1408.5039581284766|73254&4&2419.544028357861|73260&4&1264.532912731644|73262&4&-2.7000623958883807E-13|73275&4&1721.6299584092305|73282&4&2391.4541461100725|73287&4&66.46102888927744,2|73189&4&1999.5172665408736|73190&4&1044.456406297517|73207&4&893.7684667512384|73214&4&1038.642361459426|73223&4&2873.913364921158|73232&4&7.105427357601002E-15|73233&4&348.46863784545235|73238&4&6675.747213934742|73248&4&825.9024798270719|73257&4&3303.8904676916927|73260&4&-3.552713678800501E-15|73264&4&0.0|73269&4&309.09572088598725|73271&4&1176.4694151193983|73280&4&1029.083855971603|73285&4&644.6214609619285|73286&4&986.1144724090649,2|73195&4&2061.757001828194|73197&4&136.8202218210295|73198&4&108.99432461824651|73201&4&482.6127939156786|73209&4&6359.190232346289|73214&4&407.9214573942321|73224&4&1381.5901258888712|73230&4&1.509903313490213E-14|73233&4&1941.928303542303|73260&4&740.3843626868423|73286&4&1294.2756160923632
344|4,130,1,1,1,1,1,1,1,1,1,1,1,1,1,1,1,1,1,1,1,1,1,1,1,1,1,1,1,1,1,1,1,1,1,1,1,1,1,1,1,1,1,1,1,1,1,1,1,1,1,1,1,1,1,1,1,1,1,1,1,1,1,1,1,1,1,1,1,1,1,1,1,1,1,1,1,1,1,1,1,1,1,1,1,1,1,1,1,1,1,1,1,1,1,1,1,1,1,1,1,1,0,0,0,0,0,0,0,0,0,0,0,0,0,0,0,0,0,0,0,0,2|73189&4&852.202340660931|73193&4&757.8323286340166|73196&4&17.86867435849361|73199&4&58.82222173639985|73201&4&3030.627142636107|73204&4&945.1599478978733|73206&4&1396.4439322198923|73221&4&2508.587502952024|73237&4&5797.8537930805705|73244&4&113.31948271500136|73245&4&772.8279091867598|73253&4&5830.41709521795|73254&4&69.36495191271888|73266&4&1912.0823652525169,2|73225&4&281.27919000830343|73232&4&1855.7224225236478|73236&4&1924.1969377247037|73239&4&596.8938742804066|73242&4&834.6638945154374|73246&4&343.70016796188054|73252&4&4089.5058756871863|73257&4&2074.562221178258|73263&4&162.76614097650062|73268&4&3487.8869539684283|73270&4&8483.135556663105|73272&4&93.65860480543292|73275&4&1665.813275615729,2|73208&4&4128.28555863836|73211&4&7141.337022030497|73212&4&1745.509849342099|73216&4&543.2019645002024|73217&4&2469.0767299765844|73219&4&663.7873879995138|73220&4&1718.484847755894|73230&4&935.0349705264366|73231&4&3105.437241266563|73243&4&906.267181014973|73262&4&6688.2255886669445|73273&4&40.37426547147442|73276&4&1709.843380088442|73281&4&0.0|73282&4&1597.690191048352|73288&4&2451.0094966165243,2|73192&4&41.248782414437386|73204&4&2106.434205485688|73207&4&1358.4987528986546|73222&4&4512.149082137914|73228&4&2776.5863891686254|73231&4&31.98605622983431|73249&4&69.31335706775259|73250&4&0.0|73256&4&2428.662865422494|73267&4&728.9975274315398,2|73191&4&280.9907183437997|73199&4&368.6711257610882|73200&4&2198.518604371075|73213&4&3081.739797852157|73215&4&2739.163833496102|73235&4&1957.450672038617|73240&4&4309.062358462705|73244&4&2352.7978664074385|73249&4&2052.7567978113602|73255&4&5055.803542919282|73278&4&3079.0264699980216|73279&4&726.3922447542991,2|73190&4&559.3541095773159|73210&4&1730.3730136685724|73217&4&553.1569761129658|73241&4&38.94936412900826|73245&4&3650.734174834891|73251&4&16.710007455967123|73263&4&4937.820055923343|73273&4&1226.9247137434265,2|73196&4&3188.146093908395|73218&4&2736.9412477335973|73221&4&1815.5698944037363|73224&4&113.49941107189716|73247&4&0.0|73258&4&3768.989209338779|73261&4&1972.0777090846896|73283&4&2769.5871929363357,2|73228&4&2705.830596791816|73230&4&192.13985982604328|73232&4&1105.7865989474917|73234&4&3.5058062543759476|73236&4&1670.6674988802324|73239&4&3005.8851596177383|73240&4&461.4453170822076|73241&4&631.6541827981287|73242&4&1943.0554852156092|73254&4&2257.0013268894145|73260&4&1195.0059142806792|73275&4&1901.3240766956667|73282&4&2213.124071181934|73287&4&57.05792261161377,2|73189&4&1698.7524025789317|73190&4&1030.8723349794955|73207&4&1399.6861216041607|73214&4&976.5841511313446|73223&4&2763.504402456929|73233&4&329.1752504466649|73238&4&6376.535696512714|73248&4&816.2228041797824|73257&4&3122.630395270974|73269&4&288.4285408130704|73271&4&1057.267590995073|73280&4&945.9405207885902|73285&4&547.8340565824977|73286&4&922.8220889387708,2|73195&4&1883.4025267222025|73197&4&239.36331051584847|73198&4&102.1821793296061|73201&4&1381.4174313898293|73209&4&7037.800583734018|73214&4&350.7510333333156|73224&4&1486.6861064128834|73233&4&1724.6244151627232|73260&4&658.5556882498795|73286&4&1187.5627295930508
345|4,130,1,1,1,1,1,1,1,1,1,1,1,1,1,1,1,1,1,1,1,1,1,1,1,1,1,1,1,1,1,1,1,1,1,1,1,1,1,1,1,1,1,1,1,1,1,1,1,1,1,1,1,1,1,1,1,1,1,1,1,1,1,1,1,1,1,1,1,1,1,1,1,1,1,1,1,1,1,1,1,1,1,1,1,1,1,1,1,1,1,1,1,1,1,1,1,1,1,1,1,1,0,0,0,0,0,0,0,0,0,0,0,0,0,0,0,0,0,0,0,0,2|73189&4&790.2494818686148|73193&4&713.2539563614274|73196&4&1.2079226507921703E-13|73199&4&50.41904720262845|73201&4&2700.2564498598413|73204&4&1039.2955658935657|73206&4&1779.6229853154991|73221&4&3118.261072134921|73237&4&5785.276179770692|73244&4&67.15328058134631|73245&4&612.058973957418|73253&4&5994.026342146031|73254&4&52.02371393453916|73266&4&2466.9176776397844,2|73225&4&261.554266868591|73232&4&1666.0188051333823|73236&4&1684.797755136798|73239&4&477.34374343303153|73242&4&658.9891227607316|73246&4&376.417664744135|73252&4&4368.011030549943|73257&4&1813.1550289157979|73263&4&52.85230276564481|73268&4&3355.4506223803687|73270&4&7747.496597134123|73272&4&0.0|73275&4&1448.936405815312,2|73208&4&4207.1658058554085|73211&4&7334.367429326992|73212&4&1572.817019222785|73216&4&512.577528099937|73217&4&2179.9726178066776|73219&4&616.0446894460622|73220&4&1581.8258013392258|73230&4&831.3888099230301|73231&4&3049.3152362599526|73243&4&843.4763719522025|73262&4&6966.639143417952|73273&4&32.29941237717955|73276&4&1465.3193051582784|73282&4&1413.6527192276233|73288&4&2563.199851857225,2|73192&4&34.373985345364495|73204&4&1884.2588676385164|73207&4&1113.1422985080835|73222&4&4815.377879247942|73228&4&2444.8839401778805|73231&4&0.0|73249&4&17.80533742032158|73256&4&2619.456853457112|73267&4&678.6961316244419,2|73191&4&270.9040223750031|73199&4&336.3982585519101|73200&4&2054.118930024323|73213&4&3541.1745457346196|73215&4&2469.0823448459932|73235&4&1769.679041329071|73238&4&593.1931101275773|73240&4&4584.774334279102|73244&4&2261.3973047736486|73249&4&2589.5707784216484|73255&4&4672.473190438548|73258&4&192.62063607246137|73278&4&2905.917201400014|73279&4&670.2415166702685,2|73190&4&461.62260429358|73210&4&1607.5626055830455|73217&4&852.0057283939901|73241&4&0.0|73245&4&3798.740124392585|73251&4&15.727065840910234|73263&4&6327.018247128459|73273&4&1137.356511980683,2|73196&4&3507.91609195225|73218&4&2908.8244964899477|73221&4&1528.334717557186|73224&4&51.99016822682114|73258&4&3427.682798078109|73261&4&1816.8591678177252|73283&4&2517.9413259654507,2|73228&4&2548.974090338159|73230&4&181.46542316904086|73232&4&1119.9932255149042|73234&4&2.921505211979956|73236&4&2110.8176627870625|73239&4&2807.1104065560094|73240&4&316.68745216371315|73241&4&0.0|73242&4&1828.5673887140613|73254&4&2094.458625420968|73260&4&1122.5574622253685|73274&4&57.214054028443|73275&4&2576.338249079558|73282&4&2078.686500045462|73287&4&47.65481633395008,2|73189&4&1402.4330035314217|73190&4&968.3081192730998|73207&4&1316.9922445910054|73214&4&1237.0326586279177|73223&4&2904.666893672501|73233&4&309.88186304787746|73238&4&5864.523574478993|73248&4&866.9227725987093|73257&4&2941.3703228502554|73269&4&267.7613607401536|73271&4&989.8535517609978|73280&4&862.7971856055775|73285&4&614.2637965885335|73286&4&859.5297054684765,2|73195&4&1960.3184910447571|73197&4&223.26919491746867|73198&4&95.37003404096569|73201&4&2235.93832797473|73205&4&0.0|73207&4&667.3976584533884|73209&4&7661.642730111833|73214&4&293.580609272399|73224&4&1856.0928864006974|73233&4&1507.3205267831436|73260&4&576.7270138129168|73286&4&1080.8498430937384
346|4,130,1,1,1,1,1,1,1,1,1,1,1,1,1,1,1,1,1,1,1,1,1,1,1,1,1,1,1,1,1,1,1,1,1,1,1,1,1,1,1,1,1,1,1,1,1,1,1,1,1,1,1,1,1,1,1,1,1,1,1,1,1,1,1,1,1,1,1,1,1,1,1,1,1,1,1,1,1,1,1,1,1,1,1,1,1,1,1,1,1,1,1,1,1,1,1,1,1,1,1,1,0,0,0,0,0,0,0,0,0,0,0,0,0,0,0,0,0,0,0,0,2|73189&4&872.2811896639637|73193&4&668.6755840888383|73199&4&42.01587266885705|73201&4&2410.8131733601176|73204&4&974.2547568709589|73206&4&1648.3316250873797|73221&4&3495.56932555126|73237&4&5611.172886167585|73244&4&20.98707844769126|73245&4&479.93078925155595|73253&4&6445.555142245101|73254&4&34.68247595635944|73266&4&2241.491961044553,2|73225&4&618.2034416140249|73232&4&1485.7703089620932|73236&4&1478.2506470657208|73239&4&357.79361258565643|73242&4&483.3143510060255|73246&4&905.0313452481098|73252&4&4037.9211879444197|73257&4&1551.7478366533378|73263&4&-3.836930773104541E-13|73268&4&4454.80854272344|73270&4&7035.621894536095|73272&4&93.88868589757617|73275&4&1262.9442491332757,2|73208&4&4357.590215425324|73211&4&7298.494662407898|73212&4&1682.0970945682611|73216&4&481.95309169967163|73217&4&1896.768060777002|73219&4&583.0354151853941|73220&4&1892.1754105079374|73230&4&727.7426493196235|73231&4&3949.768601820696|73243&4&780.6855628894322|73262&4&6589.16720312302|73273&4&24.224559282884677|73276&4&1949.9897369798773|73282&4&1229.6152474068942|73288&4&2303.612688303713,2|73192&4&27.499188276291605|73204&4&1662.0835297913447|73207&4&895.4712501298868|73222&4&4952.087536213996|73228&4&2130.398721526266|73249&4&1.2079226507921703E-13|73256&4&2835.30162800263|73267&4&628.3947358173441,2|73191&4&247.78916202438452|73199&4&304.1253913427319|73200&4&1909.7192556775708|73213&4&3704.24935646202|73215&4&2199.000856195884|73235&4&1581.9074106195246|73238&4&972.483390549452|73240&4&5244.046813791776|73244&4&2282.589366613438|73249&4&2437.876839394207|73255&4&4677.171698781287|73258&4&641.2814821764448|73278&4&3046.716417402877|73279&4&614.0907885862381,2|73190&4&363.8910990098442|73202&4&86.6169140216226|73210&4&1491.3546896993016|73217&4&1265.801358561137|73245&4&3503.758050609762|73251&4&14.744124225853344|73263&4&6497.546107903154|73273&4&1047.7883102179396,2|73196&4&4404.506849878795|73218&4&2649.55155342839|73221&4&1272.6325986398274|73224&4&12.806513414319333|73258&4&3097.1018130078805|73261&4&1661.6406265507603|73283&4&2266.295458994566,2|73228&4&2452.1199108472383|73230&4&170.79098651203844|73232&4&1057.1714903468478|73234&4&2.3372041695839645|73236&4&2500.290930193937|73239&4&2608.3356534942805|73240&4&171.92958724521873|73242&4&2074.5130757730594|73254&4&1931.9159239525213|73260&4&1085.9649266459028|73274&4&54.35335132702085|73275&4&2809.712601676604|73282&4&2366.4212779426794|73287&4&60.92966928409503,2|73189&4&1117.8629968961066|73190&4&905.743903566704|73207&4&1234.29836757785|73214&4&1158.8491124086036|73223&4&2664.0325018219655|73233&4&290.58847564909|73238&4&5358.00599244424|73248&4&774.466636226313|73252&4&140.15431664441803|73257&4&2973.4153495748606|73264&4&76.79901793026559|73269&4&247.09418066723674|73271&4&1060.3554928408016|73277&4&155.20208768495468|73280&4&779.6538504225646|73285&4&1367.5007216184204|73286&4&796.2373219981823,2|73195&4&1781.0548239958005|73197&4&662.4026212527522|73198&4&88.55788875232528|73201&4&2119.42100941349|73207&4&1837.97406238992|73209&4&8771.124947497814|73214&4&244.8431703360281|73224&4&2083.0053836146794|73233&4&1290.0166384035633|73241&4&46.06526475307297|73259&4&36.48870384341116|73260&4&494.8983393759539|73286&4&974.136956594426
347|4,130,1,1,1,1,1,1,1,1,1,1,1,1,1,1,1,1,1,1,1,1,1,1,1,1,1,1,1,1,1,1,1,1,1,1,1,1,1,1,1,1,1,1,1,1,1,1,1,1,1,1,1,1,1,1,1,1,1,1,1,1,1,1,1,1,1,1,1,1,1,1,1,1,1,1,1,1,1,1,1,1,1,1,1,1,1,1,1,1,1,1,1,1,1,1,1,1,1,1,1,1,0,0,0,0,0,0,0,0,0,0,0,0,0,0,0,0,0,0,0,0,2|73189&4&1240.102682486358|73193&4&880.8422193893639|73199&4&33.61269813508565|73201&4&2129.78412565676|73203&4&19.474337906276553|73204&4&1210.1353958845891|73206&4&1517.0402648592599|73221&4&3258.4304862388526|73237&4&5572.030256737599|73244&4&5.553613503554934|73245&4&347.80260454569395|73253&4&5951.881364456618|73254&4&17.34123797817972|73266&4&2091.7393657354773,2|73225&4&0.0|73232&4&1305.5218127908045|73236&4&1275.8391275094332|73239&4&238.24348173828133|73242&4&312.44790660600177|73246&4&854.5930258666679|73252&4&3707.8313453388964|73257&4&1313.1533301574862|73268&4&4829.394626208425|73270&4&6364.974235166759|73272&4&0.0|73275&4&1111.9092665327298,2|73208&4&3917.9446568332355|73211&4&7142.386645730867|73212&4&1665.1268578062045|73216&4&455.9740299032952|73217&4&1622.882598816745|73219&4&534.5560454173034|73220&4&1752.6834821207074|73230&4&624.0964887162169|73231&4&5154.81068118647|73243&4&717.8947538266618|73262&4&6085.513227723861|73273&4&16.149706188589803|73276&4&2317.4747491064454|73282&4&1045.577775586165|73288&4&2570.471576878671,2|73192&4&20.624391207218714|73204&4&1439.9081919441735|73207&4&717.3178411851513|73222&4&4740.317205579369|73228&4&1843.904863453482|73256&4&2589.2904396863514|73267&4&578.0933400102464,2|73191&4&224.67430167376597|73199&4&271.8525241335538|73200&4&1765.3195813308187|73213&4&3583.3720490093283|73215&4&1928.9193675457745|73235&4&1611.433652877404|73238&4&924.5386816327493|73240&4&6051.213209960351|73244&4&2145.223084520283|73249&4&2466.306385481267|73255&4&4934.633782578532|73258&4&1363.087471039487|73278&4&4643.925706889931|73279&4&557.9400605022075,2|73190&4&266.1595937261083|73202&4&82.28606832054147|73210&4&1375.146773815558|73217&4&1433.9254403370878|73245&4&3208.775976826939|73251&4&13.761182610796455|73263&4&6233.4227647717835|73273&4&958.2201084551962,2|73196&4&5008.086280483504|73218&4&2982.1179919217293|73221&4&1034.8715914409481|73224&4&9.592326932761353E-14|73229&4&0.0|73258&4&2776.6625955715817|73261&4&1506.4220852837957|73283&4&2796.9880926095902,2|73228&4&2796.9080468265447|73230&4&359.41923743488564|73232&4&994.3497551787914|73234&4&1.7529031271879727|73236&4&2349.773938802812|73239&4&3171.2077465150965|73240&4&56.48054172850042|73242&4&2967.5661705776893|73254&4&1769.373222484075|73260&4&1011.7236787667997|73274&4&51.492648625598704|73275&4&2650.162344526129|73282&4&2847.1430037859063|73287&4&321.5659929002679,2|73189&4&874.6241012602221|73190&4&843.1796878603083|73207&4&1151.604490564695|73214&4&1080.6655661892894|73223&4&2423.398109971429|73233&4&271.29508825030257|73238&4&4858.854160937342|73248&4&819.5497135280009|73252&4&282.3083682543348|73257&4&3302.408988237054|73264&4&72.95906703375232|73269&4&226.4270005943199|73271&4&1319.1524099094813|73277&4&0.0|73280&4&696.5105152395518|73285&4&1682.286263425082|73286&4&732.9449385278881,2|73195&4&1944.8263900215218|73197&4&623.5471285576891|73198&4&81.74574346368487|73201&4&2002.9036908522503|73207&4&1788.3400958599257|73209&4&8857.734889136218|73214&4&196.10573139965715|73224&4&2242.9474963263237|73233&4&1076.1676551955961|73241&4&43.76200151541932|73259&4&34.664268651240604|73260&4&413.06966493899114|73286&4&867.4240700951136
348|4,130,1,1,1,1,1,1,1,1,1,1,1,1,1,1,1,1,1,1,1,1,1,1,1,1,1,1,1,1,1,1,1,1,1,1,1,1,1,1,1,1,1,1,1,1,1,1,1,1,1,1,1,1,1,1,1,1,1,1,1,1,1,1,1,1,1,1,1,1,1,1,1,1,1,1,1,1,1,1,1,1,1,1,1,1,1,1,1,1,1,1,1,1,1,1,1,1,1,1,1,1,0,0,0,0,0,0,0,0,0,0,0,0,0,0,0,0,0,0,0,0,2|73189&4&1186.6407412879635|73193&4&1003.8958624555985|73199&4&25.209523601314253|73201&4&1848.7550779534022|73203&4&18.500621010962725|73204&4&1834.3593323723987|73206&4&1494.7765440493536|73221&4&3021.291646926445|73237&4&5727.9478315676|73239&4&1033.8629361147157|73244&4&-3.730349362740526E-14|73245&4&215.6744198398319|73253&4&5474.954195132356|73254&4&0.0|73266&4&1868.8636361308038|73283&4&834.3433925329587,2|73225&4&18.033586640452995|73232&4&1125.2733166195155|73236&4&1073.427607953146|73239&4&150.97168006885653|73242&4&176.1764117187721|73246&4&804.1547064852258|73252&4&3384.304449508346|73257&4&1136.1829627495595|73268&4&4473.579553647713|73270&4&6340.668062169063|73275&4&960.8742839321842,2|73208&4&3486.6986529133073|73211&4&7007.04477145208|73212&4&1523.2105397339003|73216&4&447.50392188365646|73217&4&1388.89775070657|73219&4&486.0766756492124|73220&4&1616.667902880291|73230&4&522.88609034385|73231&4&4904.840725595212|73243&4&655.1039447638914|73262&4&5891.478341648988|73273&4&8.074853094294932|73276&4&3141.8542473114085|73282&4&861.540303765436|73288&4&2292.0288878867195,2|73192&4&199.06368637795327|73204&4&1217.732854097002|73207&4&539.1644322404163|73222&4&5768.5837830655255|73228&4&1575.1205065464194|73256&4&2344.5297255705327|73267&4&527.7919442031485,2|73191&4&201.55944132314744|73199&4&239.57965692437563|73200&4&1620.9199069840663|73213&4&3776.8639320129273|73215&4&1658.8378788956654|73217&4&923.0051335408891|73235&4&2062.4611520344815|73238&4&874.3234071606533|73240&4&6347.016869556285|73244&4&2076.6843688362933|73249&4&2421.6230526096097|73255&4&4683.823007851193|73258&4&1946.6839560526257|73278&4&5653.300504030014|73279&4&501.7893324181771,2|73190&4&171.83277365977506|73202&4&77.95522261946034|73210&4&1258.9388579318138|73217&4&1355.3035109713849|73245&4&3732.0539919681337|73251&4&12.778240995739566|73263&4&5664.640433642914|73273&4&868.6519066924525,2|73196&4&5259.486621800001|73218&4&2859.919168945322|73221&4&807.6860650611161|73258&4&2477.5035076356435|73261&4&1351.2035440168313|73283&4&2520.111546799204,2|73220&4&257.44192086265423|73228&4&3311.7362801755544|73230&4&338.77966639889075|73232&4&931.528020010735|73234&4&1.168602084791981|73236&4&2199.256947411687|73239&4&2934.3506511492405|73240&4&2.4158453015843406E-13|73242&4&3918.458785995494|73254&4&1606.8305210156286|73260&4&1454.2721830288551|73274&4&48.631945924176556|73275&4&2490.612087375653|73282&4&3028.6890084642237|73287&4&297.47032226845243,2|73189&4&678.8456767188861|73190&4&1239.9168093132425|73207&4&1068.9106135515397|73214&4&1002.4820199699753|73223&4&2182.763718120894|73233&4&252.00170085151512|73238&4&4359.702329430446|73248&4&785.3796832208945|73252&4&270.38712750343603|73253&4&120.67601543690307|73257&4&3084.4377125570604|73264&4&69.11911613723905|73269&4&205.75982052140307|73271&4&1342.2086847036226|73280&4&638.2220190139063|73285&4&1581.580448646313|73286&4&669.652555057594,2|73195&4&2052.16707286343|73197&4&584.6916358626262|73198&4&74.93359817504447|73201&4&1886.3863722910107|73207&4&2632.0242881626236|73209&4&9267.360045160958|73214&4&148.60806762420492|73224&4&2060.3993836947357|73233&4&868.9438588857128|73241&4&43.02887423819577|73259&4&32.83983345907005|73260&4&331.2409905020283|73286&4&760.7111835958012
349|4,130,1,1,1,1,1,1,1,1,1,1,1,1,1,1,1,1,1,1,1,1,1,1,1,1,1,1,1,1,1,1,1,1,1,1,1,1,1,1,1,1,1,1,1,1,1,1,1,1,1,1,1,1,1,1,1,1,1,1,1,1,1,1,1,1,1,1,1,1,1,1,1,1,1,1,1,1,1,1,1,1,1,1,1,1,1,1,1,1,1,1,1,1,1,1,1,1,1,1,1,1,0,0,0,0,0,0,0,0,0,0,0,0,0,0,0,0,0,0,0,0,2|73189&4&1957.724670294589|73193&4&1186.108049885535|73199&4&16.806349067542854|73201&4&1567.7260302500445|73203&4&17.526904115648897|73204&4&2679.093110515437|73206&4&1836.9408175101607|73221&4&2784.1528076140376|73237&4&6262.052603226018|73239&4&1377.485892756913|73245&4&100.444133905828|73253&4&5011.398920760023|73266&4&1713.390807118026|73283&4&792.6262229063108,2|73225&4&17.131907308430346|73226&4&454.6356861701752|73232&4&947.0865958987332|73236&4&873.5105845137214|73239&4&95.3457651246503|73242&4&81.02950205510355|73246&4&753.7163871037837|73252&4&3060.7775536777945|73257&4&960.0752808232271|73268&4&4061.658367212372|73270&4&6368.032780289741|73275&4&812.3303283302907,2|73208&4&3861.219156255731|73211&4&7707.372828280801|73212&4&1381.2942216615954|73216&4&465.9972234617914|73217&4&1176.9698261981223|73219&4&437.59730588112166|73220&4&1489.3774340264454|73230&4&421.6756919714831|73231&4&4559.385979672138|73243&4&592.313135701121|73262&4&6464.307958805937|73273&4&6.039613253960852E-14|73276&4&3514.1351027486967|73282&4&705.7769762566852|73288&4&2453.5449011976452,2|73192&4&873.8452467068239|73204&4&1001.3601439109914|73207&4&395.52918004625036|73222&4&6288.46843145283|73228&4&1337.565362455954|73256&4&2488.3374333853026|73267&4&477.49054839605077,2|73191&4&178.44458097252885|73199&4&207.3067897151975|73200&4&1476.5202326373144|73213&4&3801.60635824561|73215&4&1388.756390245556|73217&4&1677.5006188115467|73235&4&2711.1588328424045|73238&4&1231.0527146691252|73240&4&5803.6909323388545|73244&4&2867.602508176601|73249&4&2384.0542431002605|73255&4&4290.589736582149|73258&4&1901.2916300580932|73278&4&5310.415981839111|73279&4&445.6386043341466,2|73190&4&118.5049289920515|73202&4&73.62437691837921|73210&4&1142.7309420480701|73217&4&1276.681581605682|73245&4&4279.275991747587|73251&4&0.0|73263&4&5095.858102514047|73268&4&119.47298404276512|73273&4&1381.5070833418097,2|73196&4&4865.330745695832|73218&4&2595.0544372898344|73221&4&580.5005386812842|73229&4&0.0|73258&4&2213.5514304245507|73261&4&1195.985002749867|73283&4&2287.8971548596,2|73220&4&297.4304030616987|73228&4&3772.491261360486|73230&4&595.4045333397924|73232&4&1104.3531285870204|73234&4&0.0|73236&4&2854.3874551541867|73239&4&2697.4935557833837|73242&4&4301.250335179565|73254&4&1444.2878195471822|73260&4&1778.1282878721079|73274&4&45.77124322275441|73275&4&2331.0618302251773|73282&4&2979.506346514227|73287&4&373.9931244829213,2|73189&4&500.8623992027726|73190&4&1274.4125097750048|73207&4&986.2167365383845|73214&4&924.2984737506613|73223&4&2533.1557976363847|73233&4&362.5712675714418|73238&4&3860.550497923549|73248&4&933.0830542380947|73252&4&255.79409512643682|73253&4&114.64221466505792|73257&4&3466.2961918592855|73264&4&65.27916524072577|73269&4&185.0926404484862|73271&4&1632.8957529346358|73280&4&558.8112993167942|73285&4&1480.8746338675437|73286&4&1065.5077085022122,2|73195&4&2117.0856868411943|73197&4&545.8361431675631|73198&4&68.12145288640406|73201&4&1769.869053729771|73207&4&2891.9169809694968|73209&4&8637.980816342071|73214&4&101.11040384875272|73224&4&1877.8512710631467|73233&4&662.3259521854995|73241&4&40.647104202520616|73259&4&31.015398266899492|73260&4&269.9321107241336|73286&4&653.9982970964888
350|4,130,1,1,1,1,1,1,1,1,1,1,1,1,1,1,1,1,1,1,1,1,1,1,1,1,1,1,1,1,1,1,1,1,1,1,1,1,1,1,1,1,1,1,1,1,1,1,1,1,1,1,1,1,1,1,1,1,1,1,1,1,1,1,1,1,1,1,1,1,1,1,1,1,1,1,1,1,1,1,1,1,1,1,1,1,1,1,1,1,1,1,1,1,1,1,1,1,1,1,1,1,0,0,0,0,0,0,0,0,0,0,0,0,0,0,0,0,0,0,0,0,2|73189&4&2872.3218930984476|73193&4&1203.608509265891|73199&4&8.403174533771457|73201&4&1299.0698114012612|73203&4&16.55318722033507|73204&4&2526.411314491933|73206&4&1714.6835721127102|73221&4&4371.274239546023|73237&4&6828.296822578456|73239&4&1306.0269407787805|73245&4&33.369118928417606|73253&4&4547.843646387691|73266&4&1512.307077791524|73283&4&894.4888121904771,2|73225&4&16.230227976407697|73226&4&431.90390186166644|73232&4&808.2411188694714|73236&4&701.9497237272691|73239&4&59.16411035456038|73242&4&22.7729186553568|73246&4&703.2780677223418|73252&4&2737.2506578472444|73257&4&798.3743185680111|73268&4&3649.7371807770323|73270&4&6814.445737682456|73275&4&665.7641081618287,2|73208&4&3422.1067274276893|73211&4&8306.999463794704|73212&4&1239.377903589291|73216&4&431.4977216475836|73217&4&978.651874299072|73219&4&389.11793611303085|73220&4&1363.6976622016505|73230&4&345.6683764918509|73231&4&4230.08751197528|73243&4&529.5223266383507|73262&4&7406.532844765274|73276&4&3260.0558684301564|73282&4&562.9869623517133|73288&4&2544.867582784923,2|73192&4&823.158641925264|73204&4&832.1890770881605|73207&4&292.3139901339511|73222&4&5775.865035258741|73228&4&1122.6005747296863|73256&4&3044.2796809816477|73267&4&427.189152588953,2|73191&4&155.3297206219103|73199&4&447.790853240074|73200&4&1532.7366121037749|73213&4&3509.657602715715|73215&4&1965.8036415126417|73217&4&1960.4292749061478|73235&4&2491.4632651085667|73238&4&1160.490211098001|73240&4&5279.992186225182|73244&4&3072.341946993483|73249&4&2173.917014325858|73255&4&3921.1807751398287|73258&4&1795.4572458087462|73278&4&4967.531459648208|73279&4&389.4878762501161,2|73190&4&97.73060629998784|73202&4&69.29353121729808|73210&4&1026.5230261643262|73212&4&200.78302301721106|73217&4&1198.0596522399792|73245&4&4574.683064972807|73251&4&0.0|73263&4&5456.412817768311|73268&4&113.49933484062686|73273&4&1549.1172099748974,2|73196&4&4501.79088483466|73218&4&2330.1897056343464|73221&4&353.31501230145227|73229&4&0.0|73258&4&1950.5246566672631|73261&4&1323.6222204609728|73283&4&2066.994903483615,2|73220&4&281.9152781064572|73228&4&4252.299376007328|73230&4&935.5324320763858|73232&4&1688.2626610720545|73236&4&3551.6151763009166|73239&4&2460.636460417528|73242&4&4773.488395505696|73254&4&1281.7451180787357|73260&4&1656.8507103694765|73274&4&42.91054052133226|73275&4&2267.2602032325703|73282&4&3038.3684786438916|73287&4&350.0985088121884,2|73189&4&329.2973184198754|73190&4&1473.8051119425295|73207&4&903.5228595252293|73208&4&925.3740366558986|73214&4&846.1149275313472|73223&4&2307.1425452502726|73233&4&797.5958756015946|73235&4&144.11960338294125|73238&4&3385.656179037149|73248&4&844.460961339897|73252&4&261.35822298845187|73253&4&108.60841389321277|73257&4&3764.614576121163|73264&4&61.439214344212495|73269&4&164.4254603755694|73271&4&2082.9763410179858|73280&4&479.40057961968205|73285&4&1387.464590336061|73286&4&979.2579481861721,2|73195&4&1951.0675115900233|73197&4&506.9806504725002|73198&4&61.30930759776365|73201&4&1703.7281137670072|73207&4&2729.0492719036033|73209&4&8250.29234553296|73214&4&53.6127400733005|73224&4&1695.3031584315581|73233&4&477.2153797256789|73241&4&38.26533416684547|73259&4&29.190963074728934|73260&4&218.16387383288497|73286&4&561.6692928850343
351|4,130,1,1,1,1,1,1,1,1,1,1,1,1,1,1,1,1,1,1,1,1,1,1,1,1,1,1,1,1,1,1,1,1,1,1,1,1,1,1,1,1,1,1,1,1,1,1,1,1,1,1,1,1,1,1,1,1,1,1,1,1,1,1,1,1,1,1,1,1,1,1,1,1,1,1,1,1,1,1,1,1,1,1,1,1,1,1,1,1,1,1,1,1,1,1,1,1,1,1,1,1,0,0,0,0,0,0,0,0,0,0,0,0,0,0,0,0,0,0,0,0,2|73189&4&3154.5501178578793|73193&4&1119.9182542111278|73199&4&6.039613253960852E-14|73201&4&1043.8483551708928|73203&4&15.57947032502124|73204&4&2425.3714422220446|73206&4&1592.4263267152594|73221&4&6258.015419312405|73237&4&6262.301180233904|73239&4&1402.8470142689325|73245&4&0.0|73253&4&4084.2883720153577|73266&4&1848.55195834552|73283&4&1060.7838029654754,2|73214&4&282.1782854042822|73225&4&15.328548644385048|73226&4&409.1721175531577|73232&4&696.9214639452799|73236&4&553.611100042041|73237&4&630.7620548687369|73239&4&37.95728416301793|73240&4&1556.3660081127414|73242&4&7.815970093361102E-14|73246&4&996.4773414797496|73252&4&2448.8959673048294|73257&4&636.673356312795|73268&4&3237.8159943416913|73270&4&6973.285508725914|73275&4&536.0439549214811,2|73208&4&3041.4145139338502|73211&4&7643.469530420223|73212&4&1111.892853071342|73216&4&396.9982198333759|73217&4&791.4718558110055|73219&4&0.0|73220&4&1238.0178903768553|73230&4&287.09350493031917|73231&4&4060.1522988533898|73243&4&899.6335348001928|73262&4&7446.681982004849|73276&4&3104.5130775130656|73282&4&435.21793946456097|73288&4&3605.0228503958488,2|73192&4&779.3468342127768|73204&4&693.7921476879833|73207&4&189.09880022165223|73222&4&5275.685556376328|73228&4&917.3990273130873|73230&4&231.73787581286825|73256&4&2786.8519032288186|73267&4&376.88775678185516,2|73191&4&132.21486027129174|73199&4&654.7144977672538|73200&4&1385.5667196535198|73213&4&3217.7088471858196|73215&4&3122.6920463332276|73217&4&2982.776034635478|73235&4&2284.9965167055425|73238&4&1569.6107685047766|73240&4&4756.29344011151|73244&4&3370.8259042071822|73249&4&1963.779785551456|73255&4&3707.7568307263164|73258&4&2079.6466919760414|73278&4&4624.646937457305|73279&4&333.3371481660855,2|73190&4&76.95628360792414|73202&4&64.96268551621695|73210&4&910.3151102805823|73212&4&427.2695923155511|73217&4&1119.4377228742765|73245&4&5103.694860032266|73263&4&6068.253796728585|73268&4&325.405126174627|73273&4&1576.114361037883,2|73196&4&4093.687861701625|73218&4&2065.3249739788594|73221&4&174.9399874903202|73258&4&1687.4978829099755|73261&4&2385.1932920802683|73283&4&1846.09265210763,2|73220&4&266.4001531512156|73228&4&3961.4759349842884|73230&4&882.2981045579745|73232&4&1608.666632338356|73236&4&3402.303083409272|73239&4&2223.7793650516714|73242&4&5003.887970205178|73254&4&1246.8264944160248|73260&4&1535.573132866845|73274&4&40.04983781991011|73275&4&2306.526418558252|73282&4&2913.3589243816537|73287&4&326.2038931414555,2|73189&4&196.8699394953593|73190&4&1367.7284235327013|73207&4&820.8289825120739|73208&4&1999.9656384938467|73214&4&767.9313813120332|73223&4&2096.97309900867|73233&4&1345.7938253112995|73235&4&361.7181090459146|73238&4&2910.761860150748|73248&4&755.8388684416996|73252&4&605.2455545468633|73253&4&102.57461312136762|73257&4&4278.711862433948|73264&4&57.599263447699215|73269&4&310.3336046127429|73271&4&1943.1373911079068|73277&4&202.70089145364233|73280&4&552.7091385802369|73285&4&1294.0545468045784|73286&4&893.0081878701325,2|73195&4&2147.954404038162|73197&4&0.0|73198&4&54.49716230912324|73201&4&2357.8119092294787|73207&4&2566.18156283771|73209&4&8197.213401823637|73214&4&26.806370036650364|73224&4&1512.7550457999696|73233&4&322.2377783543817|73241&4&35.88356413117032|73259&4&0.0|73260&4&175.01348010237507|73286&4&469.3402886735797
352|4,130,1,1,1,1,1,1,1,1,1,1,1,1,1,1,1,1,1,1,1,1,1,1,1,1,1,1,1,1,1,1,1,1,1,1,1,1,1,1,1,1,1,1,1,1,1,1,1,1,1,1,1,1,1,1,1,1,1,1,1,1,1,1,1,1,1,1,1,1,1,1,1,1,1,1,1,1,1,1,1,1,1,1,1,1,1,1,1,1,1,1,1,1,1,1,1,1,1,1,1,1,0,0,0,0,0,0,0,0,0,0,0,0,0,0,0,0,0,0,0,0,2|73189&4&2942.398794847888|73193&4&1038.1839717940147|73201&4&831.7782884228073|73203&4&14.605753429707413|73204&4&2521.4802508310295|73206&4&1815.2195374797052|73221&4&6931.027858972004|73237&4&5702.948147541814|73239&4&1322.974111017386|73253&4&3624.6901905985965|73266&4&2276.1469939042518|73283&4&1676.448111010086,2|73214&4&695.5873317851162|73225&4&14.426869312362399|73226&4&386.44033324464897|73232&4&585.6018090210886|73236&4&410.4838001843208|73237&4&599.2239521253|73239&4&18.97864208150904|73240&4&2282.9834070432044|73246&4&940.0327801287839|73252&4&2186.9501104060682|73257&4&495.7216060587624|73268&4&2842.1593124727015|73270&4&7442.860323872403|73275&4&406.32380168113343,2|73208&4&2710.7503836660794|73211&4&7009.507282984843|73212&4&998.3072943246535|73216&4&381.5783226248821|73217&4&643.7144019951901|73219&4&300.92596803163985|73220&4&1112.3381185520607|73230&4&236.70709795684965|73231&4&3705.0733716833806|73243&4&1394.408892714158|73262&4&6840.328193147769|73276&4&2811.1074245527093|73282&4&315.1899151828205|73288&4&3301.179237632213,2|73192&4&735.5350265002897|73204&4&555.3952182878064|73207&4&85.88361030935337|73222&4&4786.631965840808|73228&4&712.1974798964884|73230&4&220.15098202222484|73256&4&2529.4241254759886|73267&4&326.5863609747574|73276&4&76.40148655257212,2|73191&4&109.09999992067318|73199&4&1065.457615624808|73200&4&1238.396827203265|73213&4&2934.3787818869655|73215&4&3191.7646948721067|73217&4&2867.3162047557807|73235&4&2078.529768302518|73238&4&1979.5717234877482|73240&4&4277.026283899229|73244&4&3437.0049861799844|73249&4&1753.6425567770539|73255&4&3336.5752331214785|73258&4&2418.8501986103443|73278&4&4281.762415266401|73279&4&436.3683499349446,2|73190&4&56.181960915860415|73202&4&0.0|73210&4&1187.917489251347|73212&4&405.4041551422305|73217&4&1040.8157935085735|73245&4&5275.820784326029|73251&4&0.0|73263&4&7325.949137800227|73268&4&1368.407909582608|73273&4&1453.400492392791,2|73196&4&3685.584838568591|73218&4&2044.6763115853466|73221&4&84.14098862499596|73224&4&171.33616900397124|73227&4&26.00054704084572|73250&4&169.84242945424404|73258&4&1434.0570903828063|73261&4&2293.5590277520173|73283&4&1635.2129626493493,2|73220&4&250.88502819597406|73228&4&4148.482969991794|73230&4&829.0637770395631|73232&4&1499.7401880353875|73236&4&3692.3431985012835|73239&4&1986.9222696858153|73242&4&4668.039878728647|73254&4&1087.4459640164623|73260&4&1414.2955553642137|73274&4&37.18913511848796|73275&4&2132.00853470068|73282&4&3105.5303677428883|73287&4&390.42504311693256,2|73189&4&110.99438468797085|73190&4&1261.651735122873|73207&4&738.1351054989187|73208&4&2780.948100990723|73214&4&689.7478350927191|73223&4&1886.8036527670663|73233&4&2236.4809636834443|73235&4&343.27190458516156|73238&4&2458.30415282972|73248&4&709.8087235709884|73252&4&1432.1709281125227|73253&4&96.54081234952247|73257&4&4428.348873178805|73264&4&53.759312551185936|73269&4&749.6638768041623|73271&4&1809.4771508824745|73277&4&0.0|73280&4&819.8385301569213|73285&4&1200.6445032730958|73286&4&806.7584275540927|73288&4&759.3928304470878,2|73195&4&2086.3671191923077|73197&4&35.58790285089934|73198&4&47.68501702048283|73201&4&3337.962141117024|73207&4&3503.588996046108|73209&4&8290.575202444288|73214&4&9.237055564881302E-14|73224&4&1330.2069331683808|73233&4&193.25690515656066|73241&4&33.50179409549517|73260&4&131.86308637186522|73286&4&377.01128446212505
353|4,130,1,1,1,1,1,1,1,1,1,1,1,1,1,1,1,1,1,1,1,1,1,1,1,1,1,1,1,1,1,1,1,1,1,1,1,1,1,1,1,1,1,1,1,1,1,1,1,1,1,1,1,1,1,1,1,1,1,1,1,1,1,1,1,1,1,1,1,1,1,1,1,1,1,1,1,1,1,1,1,1,1,1,1,1,1,1,1,1,1,1,1,1,1,1,1,1,1,1,1,1,0,0,0,0,0,0,0,0,0,0,0,0,0,0,0,0,0,0,0,0,2|73189&4&2730.247471837897|73193&4&954.3959181073692|73201&4&650.7426081399312|73203&4&0.0|73204&4&3710.0571994127095|73206&4&1675.7097692741597|73221&4&6436.315407257013|73237&4&5143.595114849722|73239&4&1764.2281691155029|73253&4&3165.0920091818352|73266&4&2712.3773302353466|73283&4&1667.754949929877,2|73214&4&893.0493590909989|73225&4&13.52518998033975|73226&4&499.76006526634177|73232&4&474.2821540968971|73236&4&283.60068805874585|73237&4&567.6858493818631|73239&4&1.3500311979441904E-13|73240&4&3118.498844112586|73246&4&921.6576000460173|73252&4&1950.27857718726|73257&4&368.70923666123446|73268&4&2480.55164565031|73270&4&7988.412995805118|73275&4&276.6036484407857,2|73208&4&2417.361209369553|73211&4&6896.179821140115|73212&4&888.0849333975889|73216&4&367.6824031768117|73217&4&502.30122750547616|73219&4&285.87966963005783|73220&4&986.6583467272658|73230&4&190.2731207224047|73231&4&3988.8953700462057|73243&4&1430.4547561848626|73262&4&6219.561927879443|73276&4&2547.739644514645|73282&4&216.03252825087628|73288&4&3034.5893418055525,2|73192&4&691.7232187878027|73204&4&416.9982888876294|73207&4&21.70304754765509|73222&4&4312.827734629371|73228&4&533.761512094879|73230&4&208.56408823158142|73256&4&2271.996347723159|73263&4&1216.0459378124492|73267&4&276.2849651676596|73276&4&1156.4226616923265,2|73191&4&160.45638158437242|73199&4&985.6336796786409|73200&4&1091.22693475301|73213&4&2651.9543259262846|73215&4&3648.1229157799|73217&4&2704.052481959887|73235&4&1872.0630198994936|73238&4&2785.952556203775|73240&4&3811.2546299330706|73244&4&3161.357889682228|73249&4&1543.5053280026514|73255&4&3214.9677453280233|73258&4&3055.526900394848|73278&4&3938.877893075499|73279&4&404.20747310718406,2|73190&4&35.4076382237967|73210&4&1176.2741166813748|73212&4&383.5387179689099|73217&4&962.1938641428707|73245&4&4819.513299083323|73263&4&6687.433401923908|73268&4&2250.8951475507993|73273&4&1363.9499298858655,2|73189&4&766.3418806817219|73196&4&3707.3035891610166|73218&4&2559.0659342097542|73221&4&51.343803209169664|73224&4&230.29401664897426|73227&4&24.700519688803436|73247&4&216.2453459085552|73250&4&186.8297710024249|73258&4&1202.166732450966|73261&4&2101.7541679016445|73283&4&1446.5164418941126,2|73220&4&235.3699032407325|73228&4&4263.386667114102|73230&4&775.8294495211518|73232&4&1390.8137437324194|73236&4&3797.867682573445|73239&4&1750.0651743199592|73242&4&4332.191787252114|73254&4&928.0654336169|73260&4&1293.0179778615823|73265&4&24.68894495421788|73274&4&34.32843241706581|73275&4&1997.5000552100457|73282&4&3865.6631890882845|73287&4&366.44111929695043,2|73189&4&39.96851217592695|73190&4&1155.575046713045|73207&4&655.4412284857635|73208&4&3085.5386622813057|73214&4&611.5642888734051|73223&4&1732.5010384953832|73230&4&114.21264913114146|73233&4&2966.4842515469827|73235&4&450.16752615842915|73238&4&2060.570899105358|73248&4&887.257939932302|73252&4&1355.5705928736056|73253&4&576.8346775317088|73257&4&4516.010830523974|73264&4&49.919361654672656|73269&4&901.6568294057365|73271&4&1675.8169106570422|73280&4&909.8050949273534|73285&4&1295.6132876002307|73286&4&720.5086672380529|73288&4&1189.679151568117,2|73195&4&2544.3450831688974|73197&4&33.80850770835437|73198&4&40.87287173184242|73201&4&4508.9524969423655|73205&4&377.310898439094|73207&4&4465.938990905101|73209&4&8831.160062918476|73224&4&1169.9759822573396|73233&4&90.83632991197328|73241&4&460.23659165315814|73245&4&961.8244328296141|73260&4&88.71269264135537|73286&4&284.6822802506705
354|4,130,1,1,1,1,1,1,1,1,1,1,1,1,1,1,1,1,1,1,1,1,1,1,1,1,1,1,1,1,1,1,1,1,1,1,1,1,1,1,1,1,1,1,1,1,1,1,1,1,1,1,1,1,1,1,1,1,1,1,1,1,1,1,1,1,1,1,1,1,1,1,1,1,1,1,1,1,1,1,1,1,1,1,1,1,1,1,1,1,1,1,1,1,1,1,1,1,1,1,1,1,0,0,0,0,0,0,0,0,0,0,0,0,0,0,0,0,0,0,0,0,2|73189&4&2518.0961488279063|73193&4&870.6078644207237|73201&4&518.7045420356643|73204&4&3814.950109286242|73206&4&1536.2000010686143|73221&4&5941.602955542023|73237&4&4584.242082157631|73239&4&1943.987013611203|73253&4&2705.493827765074|73266&4&2978.555234306918|73283&4&1570.0968060355688,2|73214&4&853.2952675695892|73225&4&12.623510648317101|73226&4&470.2257051413229|73232&4&362.9624991727057|73236&4&181.6588608415106|73237&4&536.1477466384263|73240&4&3915.664836904463|73246&4&850.9884290812626|73252&4&1713.6070439684518|73257&4&252.31928198073166|73268&4&2149.6801741457957|73270&4&9104.137467357301|73275&4&162.60759545763645,2|73208&4&2139.323087173035|73211&4&6804.107609373677|73212&4&777.8625724705241|73216&4&0.0|73217&4&371.10677107220766|73219&4&270.8333712284758|73220&4&860.9785749024707|73230&4&146.22233732144934|73231&4&4328.771355641431|73243&4&1338.2525585028923|73262&4&5601.1926932503475|73276&4&2308.130380133977|73282&4&168.92833381306932|73288&4&2787.0194782964863,2|73192&4&647.9114110753156|73204&4&317.0769252950885|73207&4&1.4921397450962104E-13|73222&4&3971.1216324607367|73228&4&357.754481817199|73230&4&196.977194440938|73256&4&2014.5685699703295|73263&4&1155.2436409218267|73267&4&225.98356936056183|73276&4&2256.619231190098,2|73191&4&133.61795913303797|73199&4&905.8097437324734|73200&4&944.0570423027552|73213&4&2384.754580317703|73215&4&4578.997399619462|73217&4&2591.962867491744|73235&4&1665.596271496469|73238&4&3429.487242445914|73240&4&3371.3706979918543|73244&4&2891.950488447835|73249&4&1333.368099228249|73255&4&3433.0889030499147|73258&4&3336.083422687725|73278&4&3595.9933708845956|73279&4&338.50020114306335,2|73190&4&14.633315531732988|73210&4&1397.1545588055317|73212&4&361.67328079558933|73217&4&883.5719347771678|73245&4&4429.013680225065|73251&4&0.0|73263&4&6109.9269441126|73268&4&2382.6655555045913|73273&4&1239.572895933865,2|73189&4&1285.8294956677908|73196&4&4350.541820867353|73218&4&2538.347221527731|73221&4&18.54661779334367|73224&4&326.1244381670994|73227&4&23.40049233676115|73247&4&0.0|73250&4&790.8508867646765|73258&4&980.9815348886731|73261&4&1909.9493080512716|73283&4&1261.3511863335093,2|73220&4&219.85477828549094|73228&4&4011.769250564325|73230&4&722.5951220027405|73232&4&1787.5678007095553|73236&4&4469.710845331134|73239&4&1513.2080789541028|73242&4&3996.343695775583|73254&4&1061.6761193092343|73260&4&1644.6050950359256|73265&4&23.454497706506988|73274&4&31.467729715643664|73275&4&3506.8682638925748|73282&4&3707.0014156511374|73287&4&342.45719547696837,2|73189&4&1.2662193659763674|73190&4&1049.4983583032167|73207&4&572.7473514726082|73208&4&3686.321830491068|73214&4&533.380742654091|73223&4&1843.1356669928698|73230&4&460.7254251468995|73233&4&3236.144227706548|73235&4&594.962768274388|73238&4&1714.4488942109276|73248&4&1191.5451038670335|73252&4&1278.9702576346888|73253&4&1477.652088478553|73257&4&4156.764846990213|73264&4&46.079410758159376|73269&4&839.0243117026238|73271&4&1542.1566704316097|73277&4&0.0|73280&4&810.1761037659566|73285&4&1192.7843026758173|73286&4&634.258906922013|73288&4&1178.7165215686312,2|73195&4&2425.7338408926753|73197&4&159.54209208467825|73198&4&34.060726443202014|73201&4&4324.352497632545|73205&4&0.0|73207&4&5095.110157974409|73209&4&8141.045226623557|73224&4&1009.7450313462982|73233&4&28.149289862756827|73241&4&0.0|73245&4&913.7332111881334|73260&4&45.56229891084553|73286&4&192.35327603921587
355|4,130,1,1,1,1,1,1,1,1,1,1,1,1,1,1,1,1,1,1,1,1,1,1,1,1,1,1,1,1,1,1,1,1,1,1,1,1,1,1,1,1,1,1,1,1,1,1,1,1,1,1,1,1,1,1,1,1,1,1,1,1,1,1,1,1,1,1,1,1,1,1,1,1,1,1,1,1,1,1,1,1,1,1,1,1,1,1,1,1,1,1,1,1,1,1,1,1,1,1,1,1,0,0,0,0,0,0,0,0,0,0,0,0,0,0,0,0,0,0,0,0,2|73189&4&2305.9448258179154|73193&4&786.819810734078|73201&4&417.52309693464167|73204&4&3548.712593072846|73206&4&1396.6902328630686|73221&4&6167.663183548122|73237&4&4024.889049465538|73239&4&1973.5492131404783|73253&4&2269.342324228893|73266&4&2842.8219400810817|73283&4&1472.4386621412605,2|73214&4&805.7942101483009|73225&4&11.721831316294452|73226&4&611.5283202638708|73232&4&253.0734874122491|73236&4&120.75781053926562|73237&4&504.6096438949894|73240&4&3765.5157961014856|73246&4&780.3192581165076|73252&4&1493.9563825737876|73257&4&138.28901614280232|73268&4&1852.4522096185033|73270&4&8567.359970213212|73275&4&94.8711007649894,2|73208&4&1894.6300357197392|73211&4&6760.743587705147|73212&4&667.6402115434594|73216&4&24.41289226494513|73217&4&265.24113647355125|73219&4&255.78707282689382|73220&4&735.2988030776758|73230&4&110.92190608805936|73231&4&4260.715558463973|73243&4&1246.050360820922|73262&4&5033.012567332953|73276&4&2127.647196554223|73282&4&126.30209365990785|73288&4&2543.1400980106087,2|73192&4&604.0996033628286|73204&4&236.69011105771546|73209&4&684.4322570496815|73222&4&4732.547088908772|73228&4&181.747451539519|73230&4&185.3903006502946|73256&4&2130.549529856369|73263&4&1094.4413440312042|73267&4&175.682173553464|73276&4&2536.219749519545,2|73191&4&106.77953668170352|73199&4&940.6503673071956|73200&4&796.8871498525004|73213&4&2453.5705443633246|73215&4&4349.932749996862|73217&4&3179.102664391635|73235&4&1459.1295230934443|73238&4&4051.5757422438355|73240&4&2985.3186814031365|73244&4&2807.08856915686|73249&4&1123.2308704538468|73255&4&4037.714393689249|73258&4&4018.4606711646666|73278&4&3253.1088486936924|73279&4&1051.0606965755271,2|73190&4&5.3290705182007514E-14|73210&4&1918.4665318040422|73212&4&362.2187861322366|73217&4&804.950005411465|73245&4&4052.4044533523975|73251&4&0.0|73263&4&5556.279105679416|73268&4&3228.4368231683306|73273&4&1115.1958619818645,2|73189&4&1219.6221661826971|73196&4&5065.380950453005|73218&4&2438.1272266525243|73221&4&0.0|73224&4&894.0291644184816|73227&4&22.100464984718865|73250&4&0.0|73258&4&765.2034650214506|73261&4&1720.4314212215063|73283&4&1076.1859307729057,2|73220&4&206.5360832300121|73228&4&4707.806107993108|73230&4&669.3607944843291|73232&4&2417.777080226482|73236&4&4324.3195821815525|73239&4&1302.8609298203728|73242&4&3718.684217763893|73254&4&1006.2437268293122|73260&4&2022.79327359997|73265&4&349.51351482335764|73274&4&28.607027014221515|73275&4&4489.082462865594|73282&4&3397.886403505648|73287&4&318.4732716569863,2|73189&4&0.6331096829881816|73190&4&1246.4585330483362|73207&4&490.053474459453|73208&4&4243.928445114195|73214&4&457.1121981987992|73223&4&2111.411556828712|73230&4&437.4036222667267|73233&4&3334.2465252467778|73235&4&644.7803377626872|73238&4&1404.2149283851431|73248&4&1174.3067269242376|73252&4&1202.369922395772|73253&4&2559.8250103691903|73257&4&4026.1864247645676|73264&4&603.9563881582986|73269&4&776.3917939995109|73271&4&1408.4964302061771|73280&4&1365.0208617016674|73284&4&347.555506851051|73285&4&1089.955317751404|73286&4&1621.1910630819652|73288&4&1114.8130914313556,2|73195&4&2218.9523794203665|73197&4&151.3870479661898|73198&4&27.248581154561606|73201&4&4035.526365601924|73207&4&4910.655284989989|73209&4&7380.693852578597|73224&4&852.7469983434328|73233&4&6.394884621840902E-14|73241&4&153.50241458802387|73245&4&865.6419895466527|73260&4&13.347041142484114|73286&4&100.02427182776125
356|4,130,1,1,1,1,1,1,1,1,1,1,1,1,1,1,1,1,1,1,1,1,1,1,1,1,1,1,1,1,1,1,1,1,1,1,1,1,1,1,1,1,1,1,1,1,1,1,1,1,1,1,1,1,1,1,1,1,1,1,1,1,1,1,1,1,1,1,1,1,1,1,1,1,1,1,1,1,1,1,1,1,1,1,1,1,1,1,1,1,1,1,1,1,1,1,1,1,1,1,1,1,0,0,0,0,0,0,0,0,0,0,0,0,0,0,0,0,0,0,0,0,2|73189&4&2093.793502807924|73193&4&703.0317570474325|73201&4&316.34165183361887|73204&4&3374.2158873729177|73206&4&1257.1804646575229|73221&4&7013.244429999501|73237&4&3502.0209914584257|73239&4&2165.247377400983|73253&4&1875.6581461474066|73266&4&2723.2224546220073|73283&4&2204.7360439988097,2|73201&4&115.77419688341934|73203&4&67.15629999631541|73211&4&535.4601993668634|73214&4&758.2931527270124|73225&4&80.48570680600722|73226&4&573.4521113764737|73232&4&171.01615279719942|73236&4&59.85676023702049|73237&4&1371.083932049095|73240&4&3673.9662137169826|73246&4&709.6500871517527|73252&4&1274.3057211791233|73257&4&48.10287689329166|73268&4&1619.2685941100644|73270&4&7825.817389499409|73275&4&76.06138802399883,2|73189&4&467.8797173948144|73208&4&1659.7439076544078|73211&4&6073.29036656556|73212&4&557.4178506163946|73216&4&376.26398536317936|73217&4&174.80929631505467|73219&4&795.4594684958395|73220&4&609.6190312528809|73230&4&83.19529116383762|73231&4&3910.3408678471706|73243&4&1153.8481631389518|73262&4&6148.868761173271|73276&4&1960.0277147275983|73282&4&83.67585350674638|73288&4&2299.2607177247305,2|73192&4&560.2877956503415|73204&4&156.3032968203426|73209&4&757.5991449132708|73222&4&5139.73554960198|73228&4&63.509910970308155|73230&4&173.80340685965118|73256&4&2143.4946466805354|73263&4&1714.294798679221|73267&4&125.3807777463662|73276&4&2400.5210228813394,2|73191&4&98.70763790446202|73199&4&1124.9398662614994|73200&4&649.7172574022457|73213&4&2371.6303569064053|73215&4&4041.839133248347|73217&4&3390.0346532486165|73235&4&1252.6627746904196|73238&4&4730.586898530253|73240&4&2626.410232951338|73244&4&3383.0078906011677|73245&4&192.91039008547773|73249&4&2236.23957037208|73255&4&3819.7720284598763|73258&4&5009.097452186989|73278&4&2910.22432650279|73279&4&1079.7611382209334,2|73210&4&1774.58354921939|73212&4&339.23280183341757|73217&4&726.3280760457624|73245&4&3675.795226479729|73263&4&5012.332524634501|73268&4&4024.007348211063|73273&4&990.818828029864,2|73189&4&1153.4148366976033|73196&4&5245.173137788139|73218&4&2190.6276899572076|73224&4&1439.7458996225523|73227&4&20.80043763267658|73258&4&594.6487664117135|73261&4&1730.073122892693|73283&4&894.3822076313986,2|73220&4&641.5421742589344|73228&4&4315.558202031625|73230&4&616.1264669659178|73232&4&2512.1825763480597|73236&4&4594.414590055572|73239&4&1110.3839874433563|73242&4&3784.318394863696|73254&4&1473.2310305422166|73260&4&2349.4489881818363|73265&4&0.0|73274&4&25.746324312799366|73275&4&4166.11843659241|73282&4&3229.657143863555|73287&4&294.4893478370043,2|73189&4&-4.218847493575595E-15|73190&4&1125.2300014807606|73207&4&407.3595974462978|73208&4&3998.1516707219025|73214&4&382.6810482158918|73223&4&2420.5170906330077|73230&4&414.0818193865539|73233&4&3184.8653766146|73235&4&1063.5428550409738|73238&4&1101.631661452708|73248&4&1138.1599210316274|73252&4&1125.7695871568549|73253&4&3359.387505069993|73257&4&4727.003047654822|73264&4&572.0305908469527|73269&4&713.7592762963981|73271&4&1274.8361899807448|73280&4&2350.300235899026|73284&4&0.0|73285&4&987.1263328269904|73286&4&2110.0273882259335|73288&4&1050.90966129408,2|73195&4&2012.1709179480574|73197&4&143.2320038477014|73198&4&20.436435865921197|73201&4&3746.700233571303|73207&4&4581.5719666153|73209&4&6670.668259091329|73224&4&711.7003409540747|73241&4&145.82729385862268|73245&4&817.5507679051719|73260&4&0.781271743415624|73286&4&31.047729143045714
357|4,130,1,1,1,1,1,1,1,1,1,1,1,1,1,1,1,1,1,1,1,1,1,1,1,1,1,1,1,1,1,1,1,1,1,1,1,1,1,1,1,1,1,1,1,1,1,1,1,1,1,1,1,1,1,1,1,1,1,1,1,1,1,1,1,1,1,1,1,1,1,1,1,1,1,1,1,1,1,1,1,1,1,1,1,1,1,1,1,1,1,1,1,1,1,1,1,1,1,1,1,1,0,0,0,0,0,0,0,0,0,0,0,0,0,0,0,0,0,0,0,0,2|73189&4&1881.6421797979328|73193&4&619.2437033607869|73194&4&978.2709656238923|73201&4&242.75422976539417|73204&4&3314.362183822409|73206&4&1117.6706964519776|73221&4&6467.936285477774|73228&4&1059.0771280905496|73237&4&3033.7604559796227|73239&4&2055.74775255069|73253&4&1511.4102596012806|73266&4&2514.500928551284|73283&4&2304.8481235525546,2|73201&4&109.98548703924837|73203&4&63.79848499649964|73211&4&508.6871893985203|73214&4&710.7920953057238|73225&4&98.21734127399702|73226&4&535.3759024890766|73232&4&98.37414054874222|73236&4&20.905863939894083|73237&4&1574.6481234147861|73240&4&4109.563113414106|73246&4&638.9809161869978|73252&4&1071.1949957304262|73257&4&2.1316282072803006E-13|73268&4&1412.200473741887|73270&4&7823.063956876882|73275&4&60.849110419199086,2|73189&4&639.5634257631408|73208&4&1474.282414958776|73211&4&5396.1249373764|73212&4&447.19548968933|73216&4&357.389753864358|73217&4&113.50328224880644|73219&4&752.6772353907311|73220&4&483.93925942808585|73230&4&58.826337317614986|73231&4&3559.966177230369|73243&4&1061.6459654569812|73262&4&7222.3461203188135|73276&4&1792.4082329009736|73282&4&41.04961335358489|73288&4&2055.381337438853,2|73192&4&516.4759879378545|73199&4&31.446400167706884|73204&4&90.19972156883661|73209&4&1811.7067947086248|73222&4&5435.046874156549|73228&4&3.410605131648481E-13|73230&4&162.21651306900776|73256&4&2484.935002826589|73263&4&1932.8396834613027|73267&4&894.9485641985084|73276&4&2264.8222962431346,2|73191&4&90.63573912722049|73199&4&1052.4820503175565|73200&4&502.54736495199086|73213&4&2107.7961316947653|73215&4&4017.7669942712837|73217&4&3384.659018140543|73235&4&1053.9573655858958|73238&4&5658.891880963163|73240&4&2275.3075206535386|73244&4&3137.4616445099678|73245&4&518.0473170695697|73249&4&3133.7529572366684|73255&4&3622.790013261732|73258&4&5402.035278727472|73278&4&3390.0909818011105|73279&4&1560.754347715955,2|73210&4&1632.8533797149664|73212&4&798.9636364114691|73217&4&647.7061466800595|73245&4&3320.972040043176|73263&4&4504.441539306636|73268&4&3796.5658681477544|73273&4&866.4417940778634,2|73189&4&1087.2075072125094|73196&4&5565.718552118526|73218&4&2479.002785197385|73224&4&1867.4282960859396|73227&4&19.500410280634295|73258&4&472.3292319569056|73261&4&1999.896689574236|73283&4&746.1692463583379,2|73220&4&767.684551278619|73228&4&3923.310296070142|73230&4&562.8921394475065|73232&4&2477.165775588331|73236&4&4222.109112002921|73239&4&930.5029520530936|73242&4&3454.3003863697463|73254&4&1672.9537074306745|73260&4&2153.4861275874114|73274&4&0.0|73275&4&3843.1544103192264|73282&4&3164.258152890896|73287&4&345.2478533407748,2|73190&4&1168.5227449023919|73207&4&324.66572043314255|73208&4&4061.1434929718853|73214&4&308.24989823298444|73223&4&2221.0453782683044|73230&4&390.760016506381|73233&4&3030.531631456907|73235&4&1456.323894107629|73238&4&843.4802260731786|73248&4&1386.7926159348299|73252&4&1049.169251917938|73253&4&4693.256538872453|73257&4&5220.477765409476|73264&4&0.0|73269&4&890.6662084391207|73271&4&1141.1759497553126|73280&4&2209.170836797187|73285&4&884.2973479025769|73286&4&2553.879994868502|73288&4&1751.3570558373222,2|73195&4&1923.882122335816|73197&4&135.07695972921297|73198&4&0.0|73201&4&3457.8741015406817|73207&4&4356.082599569555|73209&4&6027.7802262356745|73224&4&608.356806605356|73241&4&527.683644501407|73245&4&769.4595462636912|73260&4&-5.10702591327572E-15|73286&4&-2.2026824808563106E-13
358|4,130,1,1,1,1,1,1,1,1,1,1,1,1,1,1,1,1,1,1,1,1,1,1,1,1,1,1,1,1,1,1,1,1,1,1,1,1,1,1,1,1,1,1,1,1,1,1,1,1,1,1,1,1,1,1,1,1,1,1,1,1,1,1,1,1,1,1,1,1,1,1,1,1,1,1,1,1,1,1,1,1,1,1,1,1,1,1,1,1,1,1,1,1,1,1,1,1,1,1,1,1,0,0,0,0,0,0,0,0,0,0,0,0,0,0,0,0,0,0,0,0,2|73189&4&1695.6255409286675|73193&4&535.4556496741412|73194&4&1570.845344741003|73201&4&179.49514138668644|73204&4&3805.491216746054|73206&4&1212.26077597752|73221&4&5933.135626027534|73228&4&2221.377483743469|73237&4&2576.559176695837|73239&4&2850.15115905548|73253&4&1230.9574444857635|73266&4&2305.7794024805594|73283&4&2510.1653819068697,2|73201&4&104.1967771950774|73203&4&60.440669996683866|73211&4&2040.2328292444872|73214&4&663.2910378844355|73225&4&92.72655462383264|73226&4&497.29969360167934|73232&4&45.33937839724815|73236&4&1.1368683772161603E-13|73237&4&3122.4144938959575|73240&4&4530.578935694708|73246&4&568.3117452222428|73252&4&868.9934018856478|73260&4&205.21670028637266|73268&4&1205.13235337371|73270&4&7098.6884760865|73275&4&45.63683281439931,2|73189&4&847.97995606059|73208&4&1288.8209222631442|73211&4&4736.296556217528|73212&4&354.51530613192443|73216&4&338.51552236553664|73217&4&52.197268182558055|73219&4&0.0|73220&4&362.7480183544585|73230&4&34.45738347139235|73231&4&3211.8721307334545|73243&4&969.443767775011|73262&4&7024.988665882456|73276&4&1624.7887510743487|73282&4&1.2789769243681803E-13|73288&4&1835.9864767734061,2|73192&4&472.66418022536743|73199&4&116.83354506511223|73204&4&28.382144756393046|73209&4&2134.8442146251637|73222&4&5765.145840061561|73230&4&528.5568146225474|73256&4&0.0|73263&4&2593.2714949492974|73267&4&1814.7243314504149|73268&4&96.06793026297464|73276&4&2129.123569604929,2|73191&4&82.56384034997896|73199&4&980.0242343736138|73200&4&355.3774725017361|73213&4&2280.3367281560977|73215&4&3943.3506210128335|73217&4&3420.3197749686396|73235&4&926.7202658633819|73238&4&5995.160560771827|73240&4&1950.9796598166338|73244&4&3261.6691473063597|73245&4&611.8903316045282|73249&4&3708.189160321599|73255&4&3238.0314566559045|73258&4&5374.7795373624085|73278&4&3769.1261713530575|73279&4&1649.0599984875623,2|73210&4&1491.1232102105428|73212&4&906.8976407762092|73217&4&569.0842173143567|73245&4&2966.397491990442|73263&4&4039.642759865234|73268&4&3569.1243880844463|73273&4&1451.1741047800915,2|73189&4&1021.0001777274156|73196&4&5838.86940551481|73218&4&2811.530294240416|73224&4&2205.805976376582|73227&4&18.20038292859201|73258&4&370.37350866146414|73261&4&1830.5552540785638|73283&4&609.484841177291,2|73220&4&1240.5584900743374|73228&4&3531.062390108659|73230&4&509.65781192909503|73232&4&2621.2062856918983|73236&4&3849.80363395027|73239&4&750.6219166628307|73242&4&3124.642912267589|73254&4&1523.067432377516|73260&4&1957.5232669929862|73265&4&20.02774139003201|73275&4&3520.190384046042|73282&4&3639.1909787030736|73287&4&317.5268080546051,2|73190&4&1265.74983522704|73195&4&1010.8970754491438|73207&4&241.9718434199873|73208&4&3799.9282887474787|73214&4&233.81874825007708|73223&4&3103.578346953469|73230&4&367.43821362620815|73233&4&2821.6021219815943|73235&4&1373.533521414058|73238&4&623.5629192664245|73248&4&1515.5453172314892|73252&4&972.5689166790211|73253&4&5404.953148817053|73257&4&5810.624025271456|73264&4&864.1188266020374|73269&4&822.0376541728446|73271&4&1007.5157095298802|73280&4&2073.822572591537|73285&4&781.4683629781634|73286&4&3240.4209690514526|73288&4&1649.2360844660207,2|73195&4&1723.4595188386274|73197&4&126.92191561072457|73201&4&3169.0479695100603|73207&4&4039.989032784788|73209&4&5416.188877080485|73224&4&534.0039662222788|73241&4&500.5319502033965|73245&4&721.3683246222105
359|4,130,1,1,1,1,1,1,1,1,1,1,1,1,1,1,1,1,1,1,1,1,1,1,1,1,1,1,1,1,1,1,1,1,1,1,1,1,1,1,1,1,1,1,1,1,1,1,1,1,1,1,1,1,1,1,1,1,1,1,1,1,1,1,1,1,1,1,1,1,1,1,1,1,1,1,1,1,1,1,1,1,1,1,1,1,1,1,1,1,1,1,1,1,1,1,1,1,1,1,1,1,0,0,0,0,0,0,0,0,0,0,0,0,0,0,0,0,0,0,0,0,2|73189&4&1534.4300750017628|73193&4&451.66759598749576|73194&4&1489.8574000898932|73201&4&120.97151087703843|73204&4&3851.6385689082126|73206&4&1074.9886153700809|73221&4&5458.793431802562|73228&4&3390.5836374195387|73237&4&2192.880431532576|73239&4&2971.488492902965|73253&4&981.9098966533827|73266&4&2097.057876409835|73283&4&2701.100116641846,2|73201&4&98.40806735090644|73203&4&57.08285499686809|73211&4&4269.988594829944|73214&4&1632.2979633199525|73220&4&705.9673932320957|73225&4&87.23576797366826|73226&4&472.526849226797|73232&4&18.181227695017853|73237&4&4992.979604822675|73240&4&4862.071985343357|73246&4&662.695054991548|73252&4&686.5474242083417|73260&4&790.6390217135097|73268&4&1000.0528060649543|73270&4&6765.506385892315|73271&4&615.5000185572039|73273&4&766.479229680867|73275&4&30.42455520959954,2|73189&4&1249.57413775512|73208&4&1103.3594295675125|73211&4&4132.508511626981|73212&4&267.7069773861394|73216&4&319.6412908667153|73217&4&12.593085508964526|73219&4&279.4741333305474|73220&4&259.55596245835756|73230&4&21.154279658228408|73231&4&2863.7780842365396|73243&4&877.2415700930408|73262&4&6635.75535865246|73276&4&1457.1692692477243|73288&4&1641.463737735806,2|73192&4&428.8523725128804|73199&4&110.91325181143736|73204&4&-1.3500311979441904E-13|73209&4&2019.6975727432432|73222&4&5270.757824157071|73230&4&498.0735610646949|73263&4&2864.775910117925|73267&4&1714.918012518131|73268&4&804.6142356756843|73276&4&2022.097674431327,2|73191&4&74.49194157273742|73199&4&911.9914625266194|73200&4&2152.4277725750753|73213&4&2916.958579163152|73215&4&3959.196269280744|73217&4&3487.284472569423|73235&4&822.8745100715364|73238&4&5605.097909195329|73240&4&1669.8596145312094|73244&4&3877.7209487561067|73245&4&1053.4473890928377|73249&4&4031.2351454657737|73255&4&2853.272900050077|73258&4&5081.574840905001|73278&4&3424.7134387172036|73279&4&1752.481180424464,2|73210&4&1349.393040706119|73212&4&1178.3942320018189|73217&4&490.4622879486538|73245&4&2611.8229439377074|73263&4&3611.427362102304|73268&4&3341.6829080211373|73273&4&1298.602073769266,2|73189&4&954.7928482423218|73196&4&5763.837761098616|73218&4&3219.145372394624|73224&4&2082.4132889146076|73227&4&16.900355576549725|73258&4&285.6227384640269|73261&4&1661.2138185828917|73283&4&485.21139546712436,2|73220&4&1168.2247789386015|73228&4&3164.269847379942|73230&4&456.4234844106837|73232&4&3079.342480279784|73236&4&4196.628185489746|73239&4&589.5878876181666|73242&4&3004.276241275272|73254&4&1714.3996714463635|73260&4&1771.860059743158|73265&4&19.02635432053041|73275&4&3496.9025282051152|73282&4&3770.26263199163|73287&4&289.80576276843544,2|73190&4&1296.4726784324148|73195&4&1205.584591590208|73207&4&159.27796640683204|73208&4&3538.713084523072|73214&4&159.3875982671697|73223&4&3942.0241217895255|73230&4&344.11641074603534|73233&4&2612.672612506282|73235&4&1290.743148720487|73238&4&438.8710813507383|73248&4&1412.9051186964077|73252&4&895.9685814401041|73253&4&5740.079976654604|73257&4&6249.232594324019|73264&4&1088.1240014765972|73269&4&763.0263883289938|73271&4&873.8554693044478|73280&4&1938.474308385887|73285&4&807.4356479656664|73286&4&3165.008671851194|73288&4&1547.1151130947196,2|73195&4&1550.4642529521352|73197&4&118.76687149223615|73201&4&2880.2218374794397|73207&4&4347.483209831044|73209&4&4809.0292159786595|73224&4&463.50090923951024|73241&4&473.380255905386|73245&4&673.2771029807298
360|4,130,1,1,1,1,1,1,1,1,1,1,1,1,1,1,1,1,1,1,1,1,1,1,1,1,1,1,1,1,1,1,1,1,1,1,1,1,1,1,1,1,1,1,1,1,1,1,1,1,1,1,1,1,1,1,1,1,1,1,1,1,1,1,1,1,1,1,1,1,1,1,1,1,1,1,1,1,1,1,1,1,1,1,1,1,1,1,1,1,1,1,1,1,1,1,1,1,1,1,1,1,0,0,0,0,0,0,0,0,0,0,0,0,0,0,0,0,0,0,0,0,2|73189&4&1384.231610784088|73190&4&416.3299981415056|73193&4&576.4323030664274|73194&4&1413.5060435093076|73201&4&62.447880367390425|73204&4&4735.054087843197|73206&4&942.6018475402016|73213&4&470.57463588727205|73221&4&4984.45123757759|73228&4&3265.8598942454732|73235&4&336.0966007948573|73237&4&1878.212237829105|73239&4&3158.5948456481638|73253&4&749.2103193162473|73266&4&2292.091236229019|73283&4&3110.728813232774,2|73201&4&429.24118196551854|73203&4&0.0|73211&4&6153.55388894255|73214&4&2033.0210926891123|73220&4&1049.1762118998363|73225&4&81.74498132350388|73226&4&0.0|73232&4&9.090613847509001|73237&4&6055.487245006199|73240&4&5132.038613090848|73246&4&963.136387744526|73252&4&523.8980036367719|73260&4&981.6765502003458|73268&4&839.7359805128364|73270&4&7432.73159798465|73271&4&584.7250176293437|73273&4&728.1552681968236|73275&4&15.212277604799768|73280&4&363.9951761630359,2|73189&4&1182.0070335135147|73208&4&917.8979368718808|73211&4&3578.861795980764|73212&4&203.91296275065633|73216&4&300.7670593678939|73217&4&-7.460698725481052E-14|73219&4&265.50042666402|73220&4&196.95156737515993|73230&4&7.851175845064533|73231&4&3079.152809550584|73243&4&785.0393724110704|73262&4&7113.772277238895|73276&4&1289.5497874210996|73288&4&1446.9409986982057,2|73192&4&385.0405648003933|73199&4&104.99295855776248|73209&4&2911.3481552820176|73221&4&779.5890970976059|73222&4&4792.261542895979|73230&4&539.3388658292529|73253&4&1301.9806610347632|73263&4&4040.1686191654394|73267&4&1615.1116935858472|73268&4&793.3065998863228|73276&4&2033.4367789650562,2|73191&4&66.42004279549587|73199&4&843.9586906796252|73200&4&3243.914830591513|73213&4&2621.932764736843|73215&4&4013.7993553832675|73217&4&3280.504981512523|73235&4&733.5729129597609|73238&4&5215.035257618831|73240&4&1393.4837500696035|73244&4&4088.88555059622|73245&4&1703.088614165076|73249&4&3948.8650983491784|73255&4&3259.795249743075|73258&4&4760.09672660998|73278&4&3169.1501266715736|73279&4&1649.5565976536366,2|73210&4&1539.7618647835673|73212&4&1722.7771108390607|73217&4&411.840358582951|73245&4&2264.343893538992|73263&4&3188.029476414708|73268&4&3114.2414279578293|73273&4&1189.8526086571578,2|73189&4&888.585518757228|73196&4&5931.163278395535|73218&4&2972.236874455502|73224&4&1959.0206014526343|73227&4&0.0|73258&4&200.87196826658965|73261&4&2164.6517372274957|73283&4&360.93794975695766,2|73220&4&1095.8910678028656|73228&4&2823.8255112064057|73230&4&403.18915689227236|73232&4&3617.5394553485567|73236&4&5317.950007274636|73239&4&432.72142957462177|73242&4&2659.25587548546|73254&4&0.0|73260&4&1592.5235475279758|73265&4&37.333432505253924|73275&4&3158.9546934103187|73282&4&4517.120798033412|73287&4&262.0847174822658,2|73190&4&1162.8076646655068|73195&4&1153.7239174386832|73207&4&112.11648226020527|73208&4&3483.4851692033403|73214&4&111.25562554155125|73223&4&3974.8342530246528|73230&4&320.79460786586253|73233&4&2403.7431030309695|73235&4&1207.9527760269157|73238&4&286.7020722672906|73248&4&1310.264920161326|73252&4&819.3682462011873|73253&4&5402.223976596644|73257&4&6730.676026176989|73264&4&1441.7182348778617|73269&4&709.0840782065061|73271&4&758.499927283238|73280&4&1803.126044180237|73285&4&1634.7821172518195|73286&4&2964.89569750934|73288&4&1910.2484259390972,2|73195&4&1377.4689870656428|73197&4&110.61182737374773|73201&4&2591.3957054488187|73207&4&4331.551090913|73209&4&4201.869554876833|73224&4&392.9978522567417|73241&4&446.2285616073755|73245&4&625.185881339249
361|4,130,1,1,1,1,1,1,1,1,1,1,1,1,1,1,1,1,1,1,1,1,1,1,1,1,1,1,1,1,1,1,1,1,1,1,1,1,1,1,1,1,1,1,1,1,1,1,1,1,1,1,1,1,1,1,1,1,1,1,1,1,1,1,1,1,1,1,1,1,1,1,1,1,1,1,1,1,1,1,1,1,1,1,1,1,1,1,1,1,1,1,1,1,1,1,1,1,1,1,1,1,0,0,0,0,0,0,0,0,0,0,0,0,0,0,0,0,0,0,0,0,2|73189&4&1234.033146566413|73190&4&395.5134982344303|73193&4&988.3363352194701|73194&4&1332.2862694546714|73201&4&14.547524857527144|73204&4&4470.761359780974|73206&4&837.0505227279327|73213&4&655.9932142439703|73218&4&602.2573276012288|73221&4&4510.109043352617|73228&4&3085.340243210525|73235&4&568.1117646571167|73237&4&1603.8007594873634|73239&4&3324.4480651906306|73253&4&560.8722080188002|73266&4&2084.3473681568876|73283&4&3583.9084697919598,2|73201&4&1278.2386373274555|73211&4&7384.300031514864|73214&4&1928.3501738648497|73220&4&1117.1299018381117|73225&4&151.47079427830897|73226&4&44.12898356764673|73232&4&2.8421709430404007E-14|73237&4&6022.469427187703|73240&4&4781.265476901573|73246&4&909.0154961841175|73252&4&0.0|73260&4&1320.5031865159585|73268&4&704.5663588992646|73270&4&7696.621811822592|73271&4&899.0842360079675|73273&4&689.8313067127802|73275&4&-3.552713678800501E-15|73280&4&492.0844050095931,2|73189&4&1114.4399292719097|73208&4&732.4364441762491|73211&4&3085.343494504929|73212&4&147.82017304945109|73216&4&659.377587187382|73219&4&266.23291087751966|73220&4&137.92675906856215|73230&4&-1.7763568394002505E-15|73231&4&2815.5378460583297|73243&4&692.8371747291001|73262&4&7118.3925777800405|73276&4&1121.930305594475|73288&4&1271.1587536841562,2|73192&4&341.2287570879063|73199&4&99.0726653040876|73209&4&2745.8616521790627|73221&4&1077.5055063364719|73222&4&4321.070119138732|73230&4&671.4916851496843|73253&4&1784.667265384003|73263&4&4609.948705432187|73267&4&1515.3053746535631|73268&4&751.3775559858773|73276&4&1888.880837116363,2|73191&4&58.348144018254345|73199&4&775.9259188326308|73200&4&3050.8888510607185|73213&4&2355.0742612661456|73215&4&3694.6504018728683|73217&4&3013.1685031269512|73235&4&644.412060273842|73238&4&5406.920396983207|73240&4&1134.568177711777|73244&4&3811.498285974508|73245&4&1949.1415018717478|73249&4&3677.926723017421|73255&4&3614.065484654965|73258&4&4646.710049358124|73278&4&3562.1108884532623|73279&4&1546.63201488281,2|73210&4&1841.8583216190268|73212&4&1875.250010768885|73217&4&333.21842921724823|73245&4&1962.6155545155825|73263&4&2778.159256422068|73268&4&2886.7999478945203|73273&4&1081.1031435450498,2|73189&4&822.3781892721341|73196&4&5454.531685173517|73218&4&2725.3283765163796|73224&4&1835.6279139906612|73258&4&116.12119806915243|73261&4&2502.5380048348584|73283&4&258.37920417903075,2|73220&4&1023.5573566671296|73228&4&2495.614717407262|73230&4&349.954829373861|73232&4&3334.855426807153|73236&4&5311.780765524339|73239&4&296.87479682025185|73242&4&2799.037755122733|73254&4&17.842451975080166|73260&4&1426.687895830782|73265&4&35.366622173041065|73275&4&3047.559973818696|73282&4&5165.391336157849|73287&4&234.36367219609605,2|73190&4&1061.3184658791627|73195&4&1213.9062379458453|73207&4&84.08736169515404|73208&4&3956.1740849418798|73214&4&84.92064095518944|73223&4&4421.711689311184|73230&4&297.47280498568966|73233&4&2194.813593555656|73235&4&1125.1624033333446|73238&4&155.63025237628517|73248&4&1207.6247216262448|73252&4&0.0|73253&4&5064.367976538684|73257&4&6166.293711324818|73264&4&1364.6437012104468|73269&4&655.1417680840184|73271&4&653.5636081022024|73280&4&1679.3082320194214|73285&4&1496.6228564053463|73286&4&2774.9288633033825|73288&4&2100.5270434898866,2|73195&4&1206.9629131394295|73197&4&153.47952996021405|73201&4&2302.5695734181973|73207&4&3946.677686604127|73209&4&3623.441296153021|73224&4&322.4947952739732|73241&4&419.07686730936507|73245&4&577.0946596977683
362|4,130,1,1,1,1,1,1,1,1,1,1,1,1,1,1,1,1,1,1,1,1,1,1,1,1,1,1,1,1,1,1,1,1,1,1,1,1,1,1,1,1,1,1,1,1,1,1,1,1,1,1,1,1,1,1,1,1,1,1,1,1,1,1,1,1,1,1,1,1,1,1,1,1,1,1,1,1,1,1,1,1,1,1,1,1,1,1,1,1,1,1,1,1,1,1,1,1,1,1,1,1,0,0,0,0,0,0,0,0,0,0,0,0,0,0,0,0,0,0,0,0,2|73189&4&1083.8346823487382|73190&4&491.8623754850822|73193&4&913.3930295732362|73194&4&1251.0664954000351|73201&4&-1.1013412404281553E-13|73204&4&4114.761275518306|73206&4&1090.0116203599387|73213&4&622.0171169420537|73218&4&645.7818701632418|73221&4&4035.7668491276463|73228&4&3061.8444377794945|73235&4&538.8659349222738|73237&4&1342.1839802305285|73239&4&3918.3216583303993|73253&4&392.10209140317386|73266&4&1876.6035000847564|73283&4&3917.102582337272,2|73201&4&1814.4449002465753|73211&4&8301.394090223272|73214&4&1804.14083715223|73220&4&1137.0490619461389|73225&4&142.21917764789612|73226&4&41.92253438926439|73237&4&6093.1312405268|73240&4&5220.404557211124|73246&4&940.4558835041901|73250&4&9.802986936822435|73260&4&1806.7109824699805|73268&4&569.3967372856929|73270&4&8889.761458066827|73271&4&1037.8499363177518|73272&4&93.4242462807134|73273&4&794.4566982882727|73280&4&466.5701968187059,2|73189&4&1046.8728250303045|73208&4&562.958546085754|73211&4&2665.3757494377364|73212&4&96.11412660106635|73216&4&686.679317472467|73219&4&0.0|73220&4&93.6431168308636|73231&4&2785.303483984934|73243&4&600.6349770471298|73262&4&7603.5121128702685|73276&4&954.3108237678503|73288&4&1111.2170700779088,2|73192&4&297.4169493754192|73199&4&93.15237205041271|73209&4&2580.375149076108|73221&4&1317.5808800502991|73222&4&3858.3653613315973|73230&4&633.5370650780675|73253&4&1832.833935746467|73263&4&4332.239880767018|73267&4&1423.758384432003|73268&4&709.4485120854316|73276&4&1744.324895267669,2|73191&4&50.27624524101281|73199&4&707.8931469856366|73200&4&2871.1704079079323|73213&4&2089.723591437983|73215&4&3491.34111986286|73217&4&2745.83202474138|73235&4&555.2512075879232|73238&4&6626.420889003552|73240&4&876.6745074399705|73244&4&3504.991756236282|73245&4&1840.88941234424|73249&4&3406.988347685663|73255&4&4818.364058662185|73258&4&4920.394629961445|73278&4&3711.5440216206475|73279&4&1443.7074321119826,2|73210&4&2037.308614067908|73212&4&1760.5557868581263|73217&4&254.5964998515454|73229&4&298.5709940132886|73245&4&1695.5079105037717|73263&4&2406.692223280697|73268&4&2659.3584678312122|73273&4&978.9984142570568,2|73189&4&756.1708597870403|73196&4&5075.7207331749505|73218&4&2488.352424708353|73224&4&1712.2352265286872|73247&4&16.970504521647012|73258&4&40.486930493248806|73261&4&3069.430968705321|73283&4&195.96217429913835,2|73220&4&951.2236455313938|73228&4&2167.776524760267|73230&4&296.7205018554496|73232&4&3067.0538584771984|73236&4&4876.053928361648|73239&4&209.52933029620937|73242&4&3293.2215955921424|73254&4&485.7426618162723|73260&4&1283.0162810068027|73265&4&33.399811840828214|73275&4&4029.765548515566|73282&4&5162.984463664345|73287&4&206.64262690992635,2|73190&4&959.8292670928186|73195&4&1144.3756716378255|73207&4&56.05824113010273|73208&4&3647.4493420518315|73214&4&58.58565636882739|73223&4&4105.922348855841|73230&4&274.15100210551685|73233&4&1985.884084080344|73235&4&1042.3720306397734|73238&4&57.426586027993636|73248&4&1104.9845230911633|73253&4&4726.511976480725|73257&4&6733.913775814677|73264&4&1287.5691675430319|73269&4&627.7803919907711|73271&4&564.8107495601954|73280&4&1555.4904198586057|73285&4&1358.4637210421429|73286&4&2637.13232761755|73288&4&1959.3602427511573,2|73195&4&1076.597300084789|73197&4&229.56472671787796|73201&4&2013.7434413875765|73207&4&3561.804282295253|73209&4&3045.013037429211|73224&4&251.99173829120465|73241&4&391.92517301135456|73245&4&529.0034380562876
363|4,130,1,1,1,1,1,1,1,1,1,1,1,1,1,1,1,1,1,1,1,1,1,1,1,1,1,1,1,1,1,1,1,1,1,1,1,1,1,1,1,1,1,1,1,1,1,1,1,1,1,1,1,1,1,1,1,1,1,1,1,1,1,1,1,1,1,1,1,1,1,1,1,1,1,1,1,1,1,1,1,1,1,1,1,1,1,1,1,1,1,1,1,1,1,1,1,1,1,1,1,1,0,0,0,0,0,0,0,0,0,0,0,0,0,0,0,0,0,0,0,0,2|73189&4&933.6362181310634|73190&4&982.6515606045265|73193&4&867.1566808518746|73194&4&1169.8467213453994|73204&4&4205.873202757377|73206&4&1347.2918433197112|73213&4&1313.1869898841308|73218&4&974.8588209883668|73221&4&3561.4246549026743|73228&4&3321.6691294378434|73235&4&509.62010518743085|73237&4&1104.0305737086653|73239&4&4590.459021536|73253&4&237.1342991809915|73266&4&1668.8596320126255|73283&4&3636.6195991192435,2|73201&4&1718.1238900176286|73211&4&7830.782563193178|73214&4&1679.9315004396103|73220&4&1235.4194609319934|73225&4&132.96756101748326|73226&4&138.5600794490495|73237&4&5714.998760235612|73240&4&5525.009685351062|73246&4&993.2854786364248|73250&4&9.312837589981314|73260&4&1707.7241656756455|73268&4&434.227115672121|73270&4&9260.425286131742|73271&4&980.4783538144189|73272&4&88.75303396667773|73273&4&748.9852691512525|73280&4&441.05598862781864,2|73189&4&1013.9666516366503|73201&4&447.8929329641496|73208&4&398.66296288662664|73211&4&2305.1124173313083|73212&4&69.04656225793323|73216&4&660.1317435447487|73220&4&67.05129833780703|73231&4&3033.3715063892987|73243&4&0.0|73262&4&7314.819192796127|73276&4&786.6913419412257|73281&4&165.65341344488266|73288&4&951.2753864716615,2|73192&4&376.8568695673554|73199&4&87.23207879673782|73209&4&3715.5880952278426|73221&4&1246.9616509020616|73222&4&3528.9636857227724|73230&4&838.3001254639188|73253&4&2453.0342237237664|73263&4&4054.5310561018487|73267&4&1332.2113942104424|73268&4&667.5194681849858|73276&4&1599.7689534189753,2|73191&4&162.52885693796082|73199&4&639.8603751386423|73200&4&2700.711929017799|73213&4&1824.3729216098204|73215&4&3304.410954644128|73217&4&2676.2999215845484|73235&4&466.0903549020044|73238&4&6125.327821222814|73240&4&670.4504338404196|73244&4&3408.160899033912|73245&4&1828.1592209428245|73249&4&3136.0499723539056|73255&4&5314.717120126724|73258&4&5514.713096602705|73278&4&4698.932885836199|73279&4&1340.7828493411555,2|73195&4&167.95471841463745|73210&4&1976.0911428928198|73212&4&1819.779505145935|73217&4&175.97457048584255|73229&4&0.0|73238&4&614.8881587689079|73245&4&1432.991486646132|73250&4&424.3930812651364|73263&4&2035.2251901393258|73266&4&342.318021054675|73268&4&2431.916987767904|73273&4&889.877178065802,2|73189&4&689.9635303019464|73196&4&4656.541359817284|73218&4&2251.376472900326|73224&4&1588.842539066714|73247&4&16.12197929556466|73258&4&-1.1368683772161603E-13|73261&4&2856.756242393296|73283&4&156.6564746935125,2|73220&4&878.889934395658|73228&4&1871.9805709535228|73230&4&254.1606109940407|73232&4&3142.6442952987363|73236&4&4659.98641552993|73239&4&152.32936921650915|73242&4&3058.0620456673496|73254&4&461.41092259552096|73260&4&1159.362755629386|73265&4&31.43300150861536|73275&4&4657.729831957345|73282&4&5439.864295471222|73287&4&267.60038317551766,2|73190&4&858.3400683064747|73195&4&1074.8451053298056|73207&4&28.029120565051418|73208&4&4788.027952592089|73214&4&32.25067178246533|73223&4&3936.599213423827|73230&4&250.82919922534398|73233&4&1793.2303415485674|73235&4&959.5816579462023|73238&4&10.133362124366611|73248&4&1153.1650833114995|73252&4&0.0|73253&4&4388.655976422764|73257&4&7511.254825034644|73264&4&1210.494633875617|73269&4&572.5090351668215|73271&4&476.0578910181885|73280&4&1431.67260769779|73285&4&1233.567846362253|73286&4&2444.5569784855866|73288&4&1818.1934420124285,2|73195&4&946.2316870301482|73197&4&214.51897635357182|73201&4&1724.9173093569555|73205&4&49.32556971690902|73207&4&3176.93087798638|73209&4&2472.677432685359|73214&4&0.08155464591300188|73224&4&181.4886813084361|73241&4&364.77347871334405|73245&4&480.91221641480684
364|4,130,1,1,1,1,1,1,1,1,1,1,1,1,1,1,1,1,1,1,1,1,1,1,1,1,1,1,1,1,1,1,1,1,1,1,1,1,1,1,1,1,1,1,1,1,1,1,1,1,1,1,1,1,1,1,1,1,1,1,1,1,1,1,1,1,1,1,1,1,1,1,1,1,1,1,1,1,1,1,1,1,1,1,1,1,1,1,1,1,1,1,1,1,1,1,1,1,1,1,1,1,0,0,0,0,0,0,0,0,0,0,0,0,0,0,0,0,0,0,0,0,2|73189&4&783.4377539133886|73190&4&930.1035941453446|73193&4&790.7780273593972|73194&4&1088.6269472907632|73204&4&4410.1523788777|73206&4&1479.9520575999543|73213&4&1242.9535940700143|73218&4&1550.1600847474429|73221&4&3087.0824606777023|73228&4&4484.147263193359|73235&4&480.3742754525879|73237&4&886.5586053847608|73239&4&4252.808137798474|73253&4&125.4793193999915|73266&4&1461.1157639404946|73283&4&3356.136615901215,2|73201&4&1621.802879788682|73211&4&7360.171036163084|73214&4&1555.7221637269904|73220&4&1162.938493545179|73225&4&123.71594438707041|73226&4&131.41143055875878|73237&4&5336.866279944423|73240&4&5099.997244579138|73246&4&0.0|73250&4&8.822688243140192|73260&4&1684.2225449915793|73268&4&299.05749405854914|73270&4&8500.444680113687|73271&4&923.106771311086|73272&4&0.0|73273&4&703.5138400142323|73280&4&415.5417804369314,2|73189&4&1331.0791172797844|73201&4&814.2056294543856|73208&4&285.93700025351126|73211&4&1944.8490852248797|73212&4&48.360014415188076|73216&4&0.0|73220&4&44.70086555853806|73231&4&3286.581154371116|73252&4&1315.972818026445|73262&4&6684.569535413717|73276&4&619.0718601146011|73281&4&157.37074277263852|73288&4&791.3337028654142,2|73192&4&326.88247545964714|73199&4&81.31178554306295|73209&4&5148.985232016408|73221&4&2132.734402743971|73222&4&4077.9545170215315|73230&4&783.3285931920391|73253&4&2317.5270919296017|73263&4&4819.72157978334|73267&4&1240.664403988882|73268&4&625.5904242845403|73276&4&1455.2130115702814,2|73191&4&506.50272557720234|73199&4&571.8276032916481|73200&4&2530.253450127665|73213&4&1575.7071350566544|73215&4&2996.5751660382925|73217&4&3233.453958646522|73235&4&379.3731310062549|73238&4&5624.234753442078|73240&4&483.4698875140476|73244&4&3315.8784967762344|73245&4&2461.1723327009577|73249&4&2934.964455758616|73255&4&5308.8013638693255|73258&4&5597.906680178656|73268&4&346.52644242722226|73278&4&4602.009699705131|73279&4&1237.8582665703286,2|73195&4&159.5569824939056|73210&4&2129.8704589776153|73212&4&1696.3893841252475|73217&4&97.35264112013975|73238&4&584.1437508304625|73245&4&1191.3924415067777|73250&4&460.03047498566195|73263&4&1663.7581569979548|73266&4&811.4640611938748|73268&4&2204.4755077045957|73273&4&800.7559418745474,2|73189&4&623.7562008168526|73196&4&4171.901571937817|73218&4&2020.2292869844077|73224&4&1490.4993914706636|73247&4&15.273454069482309|73261&4&2644.081516081271|73283&4&117.3507750878865,2|73213&4&1022.9170548676809|73220&4&806.556223259922|73228&4&1608.8744866210818|73230&4&211.60072013263175|73232&4&2904.5318253812397|73236&4&4482.3899804073135|73239&4&114.24702691238197|73242&4&3039.724054116182|73254&4&437.0791833747697|73260&4&1035.7092302519693|73265&4&0.0|73275&4&4576.9221639471725|73282&4&5043.759599450945|73287&4&331.45699598046224,2|73190&4&769.2611240979205|73195&4&1005.3145390217857|73207&4&1.0658141036401503E-13|73208&4&5101.396057599342|73214&4&16.125335891232552|73223&4&3867.516250662333|73230&4&227.50739634517117|73233&4&1600.5765990167909|73235&4&876.791285252631|73238&4&-6.750155989720952E-14|73248&4&1042.9838468386472|73253&4&4050.7999763648045|73257&4&6949.881401667957|73264&4&1133.420100208202|73269&4&629.3536366937794|73271&4&387.3050324761816|73280&4&1307.8547955369743|73285&4&1148.2986668495814|73286&4&2251.9816293536232|73288&4&1975.2027379198369,2|73195&4&815.8660739755077|73197&4&299.55819053139953|73201&4&1460.2218170221186|73205&4&46.85929123106357|73207&4&3567.060514345438|73209&4&1972.6998771101246|73214&4&0.07747691361735179|73224&4&110.98562432566757|73241&4&337.62178441533365|73245&4&432.8209947733261|73262&4&938.9770346225832
365|4,130,1,1,1,1,1,1,1,1,1,1,1,1,1,1,1,1,1,1,1,1,1,1,1,1,1,1,1,1,1,1,1,1,1,1,1,1,1,1,1,1,1,1,1,1,1,1,1,1,1,1,1,1,1,1,1,1,1,1,1,1,1,1,1,1,1,1,1,1,1,1,1,1,1,1,1,1,1,1,1,1,1,1,1,1,1,1,1,1,1,1,1,1,1,1,1,1,1,1,1,1,0,0,0,0,0,0,0,0,0,0,0,0,0,0,0,0,0,0,0,0,2|73189&4&633.2392896957138|73190&4&877.5556276861626|73193&4&809.9431602120035|73194&4&1007.4071732361269|73204&4&4056.2289215473215|73206&4&1659.8141480900874|73213&4&1172.7201982558981|73218&4&1657.1065037504866|73221&4&2656.4631159740134|73228&4&4775.414450435857|73235&4&451.1284457177449|73237&4&669.0866370608562|73239&4&3915.1572540609495|73253&4&46.88988828965294|73266&4&1270.7454921530311|73283&4&3075.6536326831865,2|73201&4&1525.4818695597355|73211&4&7271.381884626682|73214&4&1431.5128270143707|73220&4&1198.8744932458349|73225&4&114.46432775665755|73226&4&124.26278166846808|73237&4&5124.853596738174|73240&4&4727.865888669223|73250&4&8.33253889629907|73260&4&1590.8738983325363|73268&4&163.88787244497726|73270&4&7787.350367399691|73271&4&865.7351888077532|73273&4&658.0424108772122|73280&4&390.0275722460442,2|73189&4&1270.359901228373|73201&4&1281.2879579799023|73208&4&190.70129161635703|73211&4&1592.4404524645188|73212&4&27.67346657244294|73216&4&27.84582639901761|73220&4&22.3504327792691|73231&4&3258.89438695284|73243&4&91.53089570632324|73252&4&2086.7093852085445|73262&4&6063.303579100516|73274&4&55.98843115158729|73276&4&453.2730494118817|73281&4&149.08807210039438|73288&4&637.8962683039356,2|73192&4&276.90808135193896|73199&4&75.39149228938807|73209&4&6002.635870125008|73221&4&3074.2447015536723|73222&4&4475.236296498295|73230&4&728.3570609201596|73253&4&2586.7113799472063|73263&4&5975.173710556301|73267&4&1149.1174137673218|73268&4&583.6613803840946|73276&4&1310.6570697215875,2|73191&4&478.2394495256806|73199&4&503.7948314446537|73200&4&2359.794971237532|73213&4&1371.8882965949342|73215&4&2718.5402865652013|73217&4&2914.508224789064|73235&4&292.65590711050544|73238&4&5123.141685661341|73240&4&297.08046889158504|73244&4&3161.051272905085|73245&4&2617.249292817016|73249&4&3919.8987210197583|73255&4&5080.575470294501|73258&4&5653.788787084803|73268&4&1240.0860228607507|73278&4&4259.565907188163|73279&4&1134.9336837995015,2|73195&4&522.4469561570442|73210&4&2012.0480534477858|73212&4&1572.9992631045607|73217&4&46.38856056008542|73238&4&1303.4081204970253|73245&4&972.6596568382787|73250&4&435.967968533216|73263&4&1322.0361454277245|73266&4&1226.0384520599948|73268&4&1977.0340276412871|73273&4&711.6347056832927|73288&4&562.382919164442,2|73189&4&557.5488713317587|73196&4&3687.26178405835|73218&4&1804.6216458429935|73224&4&2039.3537792817037|73247&4&0.0|73261&4&2432.947117700981|73283&4&78.23385005859106,2|73213&4&1595.7498276907054|73220&4&734.2225121241863|73228&4&1373.4830871132558|73230&4&169.04082927122278|73232&4&2751.1220089555336|73236&4&4541.652172951456|73239&4&76.1646846082547|73242&4&3104.3634473759944|73254&4&412.74744415401835|73260&4&912.194821712855|73275&4&4796.921305524526|73282&4&5010.960390609092|73287&4&495.28963321382366,2|73190&4&682.5145677173841|73195&4&935.7839727137657|73208&4&5558.474251381717|73214&4&-1.7053025658242404E-13|73223&4&4034.7595551278214|73230&4&204.18559346499833|73233&4&1407.9228564850146|73235&4&794.00091255906|73248&4&955.2701460589811|73253&4&3712.943976306845|73257&4&6388.507978301267|73264&4&1068.037097769269|73269&4&568.4764819522843|73271&4&298.5521739341748|73280&4&1184.0369833761586|73285&4&1320.1902659484185|73286&4&2059.4062802216586|73288&4&1819.1271323488006,2|73195&4&685.5004609208671|73196&4&964.5085046737845|73197&4&279.50819193998666|73201&4&1241.6730885457775|73205&4&115.68387508037625|73207&4&3829.72063580643|73209&4&1542.3160223291677|73214&4&0.0733991813217017|73217&4&953.4301999384224|73224&4&51.33961915154073|73241&4&310.47009011732314|73245&4&384.7297731318454|73256&4&347.9034547391807|73262&4&2304.1751956436024
366|4,130,1,1,1,1,1,1,1,1,1,1,1,1,1,1,1,1,1,1,1,1,1,1,1,1,1,1,1,1,1,1,1,1,1,1,1,1,1,1,1,1,1,1,1,1,1,1,1,1,1,1,1,1,1,1,1,1,1,1,1,1,1,1,1,1,1,1,1,1,1,1,1,1,1,1,1,1,1,1,1,1,1,1,1,1,1,1,1,1,1,1,1,1,1,1,1,1,1,1,1,1,0,0,0,0,0,0,0,0,0,0,0,0,0,0,0,0,0,0,0,0,2|73189&4&483.040825478039|73190&4&825.0076612269806|73193&4&728.787317402272|73194&4&926.187399181491|73204&4&3664.486322920037|73206&4&1534.3547910939|73213&4&1102.486802441782|73218&4&1564.2938673192007|73221&4&2264.774867609718|73228&4&4986.237432579774|73235&4&421.88261598290194|73237&4&479.6382294737548|73239&4&3577.506370323423|73253&4&2.984279490192421E-13|73266&4&1119.6856291621543|73283&4&2795.1706494651585,2|73201&4&1429.160859330789|73211&4&7194.089960842785|73214&4&1307.303490301751|73220&4&1380.6315208369879|73225&4&0.0|73226&4&117.11413277817738|73237&4&5342.9742447332355|73240&4&5466.5084974964775|73250&4&7.842389549457948|73260&4&1695.7210050095816|73268&4&45.27953813236034|73270&4&7169.13523899169|73271&4&1262.0378586495372|73272&4&78.52624856786687|73273&4&612.5709817401921|73280&4&655.253660470544,2|73189&4&1180.344041345316|73201&4&1311.8006616352218|73208&4&120.86497608935309|73211&4&1282.4403623589203|73212&4&6.986918729697809|73216&4&26.45353507906673|73220&4&1.3500311979441904E-13|73231&4&0.0|73243&4&86.95435092100708|73252&4&1979.0839839030514|73262&4&5484.269944102022|73274&4&53.18900959400793|73276&4&287.47423870916236|73281&4&140.80540142815025|73288&4&503.453093147695,2|73192&4&226.93368724423073|73199&4&69.47119903571318|73209&4&7470.977564380721|73221&4&2902.8084170055554|73222&4&4400.421545020731|73230&4&676.5308565837793|73253&4&2810.4214353016605|73263&4&5571.054622331026|73267&4&1057.5704235457615|73268&4&541.732336483649|73276&4&1648.3985605938012,2|73191&4&450.5965622542456|73199&4&435.7620595976594|73200&4&2189.3364923473982|73213&4&1206.4425862517191|73215&4&2527.2617370871967|73217&4&2595.5624909316057|73235&4&205.938683214756|73238&4&4651.708273386983|73240&4&142.3234749896907|73244&4&3413.824164612626|73245&4&2451.5986831056325|73249&4&3854.413394817396|73255&4&5650.748688215837|73258&4&5279.528725884336|73268&4&1177.215405611645|73278&4&4632.185072805547|73279&4&1032.0091010286744,2|73195&4&863.2156156925414|73210&4&1856.4028986006501|73212&4&1939.6498263918988|73217&4&11.749810054364403|73238&4&1850.3909333754045|73245&4&775.0215399478997|73250&4&411.90546208077006|73263&4&1071.2169215218244|73266&4&1213.1200825085723|73268&4&2691.5097509883376|73273&4&622.5134694920381|73288&4&961.9464622465334,2|73189&4&491.3415418466649|73196&4&3236.7281729631827|73218&4&1610.018421616791|73224&4&2347.2470313543126|73261&4&2221.81271932069|73283&4&39.116925029295615,2|73207&4&945.8843934206925|73213&4&2284.741151218279|73220&4&661.8888009884504|73221&4&794.923926402274|73228&4&1138.09168760543|73230&4&126.48093840981382|73232&4&2508.936265792144|73236&4&4260.629582772175|73239&4&38.08234230412744|73242&4&3512.3108138622592|73246&4&742.8650635318378|73254&4&388.4157049332671|73260&4&788.6804131737406|73263&4&1121.9820412070083|73275&4&4427.488716408513|73282&4&5172.363967001984|73287&4&454.8785349264741,2|73190&4&595.7680113368477|73195&4&866.2534064057457|73208&4&5098.906639785592|73223&4&3859.8105556519477|73230&4&180.8637905848255|73233&4&1215.2691139532378|73235&4&711.2105398654888|73248&4&884.6681213953103|73253&4&3375.0879762488844|73257&4&5827.134554934579|73264&4&0.0|73269&4&507.59932721078917|73271&4&212.3887046366804|73277&4&0.0|73280&4&1060.2191712153428|73285&4&1607.9235415984367|73286&4&1866.8309310896955|73288&4&1663.0515267777646,2|73195&4&567.8983698376538|73196&4&2952.915876757372|73197&4&594.6743211781932|73201&4&1069.3642750763963|73205&4&0.0|73207&4&3405.1527784966665|73209&4&1179.5685515232708|73214&4&0.06932144902605161|73217&4&1237.2910345012538|73224&4&16.30905834967787|73241&4&283.31839581931274|73245&4&336.63855149036465|73256&4&864.3066026335468|73259&4&28.1365058998011|73262&4&2491.3340586825225
367|4,130,1,1,1,1,1,1,1,1,1,1,1,1,1,1,1,1,1,1,1,1,1,1,1,1,1,1,1,1,1,1,1,1,1,1,1,1,1,1,1,1,1,1,1,1,1,1,1,1,1,1,1,1,1,1,1,1,1,1,1,1,1,1,1,1,1,1,1,1,1,1,1,1,1,1,1,1,1,1,1,1,1,1,1,1,1,1,1,1,1,1,1,1,1,1,1,1,1,1,1,1,0,0,0,0,0,0,0,0,0,0,0,0,0,0,0,0,0,0,0,0,2|73189&4&340.0415895897474|73190&4&772.4596947677987|73193&4&1091.6051472057895|73194&4&844.9676251268548|73204&4&3811.790822669521|73206&4&1751.993856268371|73213&4&1032.2534066276655|73218&4&1471.481230887915|73221&4&1902.3460046134585|73228&4&5336.14603031249|73235&4&951.5310437486235|73237&4&309.8401536143789|73239&4&3854.0423752386364|73264&4&34.919623784677015|73266&4&969.016182448659|73283&4&3044.8326353053826,2|73201&4&1332.8398491018424|73203&4&12.189148642057337|73211&4&6865.144074715878|73214&4&1183.0941535891316|73220&4&1513.5922122640995|73226&4&109.96548388788666|73229&4&0.0|73237&4&5255.291659175253|73240&4&6733.078211491085|73250&4&7.3522402026168265|73260&4&1660.6926811099124|73268&4&2.6717197083158495|73270&4&6673.978228025493|73271&4&1525.0484302287068|73272&4&74.59993613947353|73273&4&567.0995526031719|73280&4&655.1211146125261,2|73189&4&1090.328181462259|73201&4&1454.7851402106614|73208&4&80.57665072623544|73211&4&1004.067109743268|73212&4&7.105427357601002E-14|73216&4&25.061243759115847|73231&4&1359.5615846216938|73243&4&82.37780613569092|73252&4&1871.458582597558|73262&4&4915.774511217252|73274&4&50.38958803642856|73276&4&158.1351533440311|73281&4&132.5227307559061|73288&4&369.0099179914545,2|73192&4&176.95929313652252|73199&4&63.550905782038306|73209&4&8733.40625430618|73221&4&2731.372132457438|73222&4&4267.267231546562|73230&4&1051.2657603401585|73253&4&2800.9980699602684|73263&4&5166.935534105751|73267&4&966.023433324201|73268&4&499.80329258320324|73276&4&2504.1571051039064,2|73191&4&422.95367498281064|73199&4&367.7292877506651|73200&4&2018.8780134572646|73213&4&1064.7292080137834|73215&4&2497.8605793031993|73217&4&2276.6167570741477|73235&4&119.22145931900653|73238&4&4200.722357909038|73240&4&39.95855222920722|73244&4&3511.329854340865|73245&4&2448.8665275167446|73249&4&3759.020879196857|73255&4&5471.057049663288|73258&4&5205.099654081321|73268&4&1114.3447883625395|73278&4&5626.618256299735|73279&4&929.0845182578472,2|73195&4&1316.166716089989|73210&4&1700.7577437535142|73212&4&2075.9501689341105|73217&4&8.171241461241152E-14|73238&4&2004.8771198752515|73245&4&577.3834230575206|73250&4&387.84295562832415|73263&4&854.9121081419502|73266&4&1146.325375046828|73268&4&3683.704954144817|73273&4&533.3922333007836|73288&4&1715.560427967482,2|73189&4&425.13421236157103|73196&4&2850.847085485665|73218&4&1415.4151973905891|73224&4&2441.9045164681274|73261&4&2010.6783209404|73283&4&1.7053025658242404E-13,2|73207&4&951.1274364804062|73213&4&2452.910083654695|73220&4&589.5550898527144|73221&4&783.4047944251232|73228&4&905.7004044457407|73230&4&83.92104754840486|73232&4&2266.750522628755|73236&4&3850.165380366455|73239&4&1.7053025658242404E-13|73242&4&3898.7660430093038|73246&4&705.7218103552459|73254&4&364.0839657125158|73260&4&666.9588004584184|73263&4&1346.2398817626904|73275&4&4076.7668229947635|73282&4&5331.450456752948|73287&4&0.0,2|73190&4&509.0214549563113|73195&4&796.7228400977258|73208&4&4983.539812363049|73223&4&3542.263558078783|73230&4&157.54198770465268|73233&4&1022.6153714214615|73235&4&628.4201671719177|73248&4&0.0|73253&4&3037.231976190925|73257&4&5928.681651793719|73269&4&596.4675128064267|73271&4&135.83989306161817|73280&4&936.4013590545271|73285&4&2318.272419521435|73286&4&2248.7224871193675|73288&4&1506.9759212067293,2|73195&4&450.84781561033594|73196&4&2802.8588116578194|73197&4&603.6417776064238|73201&4&897.0554616070151|73207&4&3040.7822355298626|73209&4&908.9299735739511|73214&4&151.0731783619331|73217&4&1738.43618280223|73224&4&-2.8421709430404007E-14|73241&4&256.16670152130223|73245&4&288.5473298488839|73256&4&820.2215138650215|73259&4&26.729680604811044|73262&4&2670.568240242775
368|4,130,1,1,1,1,1,1,1,1,1,1,1,1,1,1,1,1,1,1,1,1,1,1,1,1,1,1,1,1,1,1,1,1,1,1,1,1,1,1,1,1,1,1,1,1,1,1,1,1,1,1,1,1,1,1,1,1,1,1,1,1,1,1,1,1,1,1,1,1,1,1,1,1,1,1,1,1,1,1,1,1,1,1,1,1,1,1,1,1,1,1,1,1,1,1,1,1,1,1,1,1,0,0,0,0,0,0,0,0,0,0,0,0,0,0,0,0,0,0,0,0,2|73189&4&218.8910326986603|73190&4&719.9117283086168|73193&4&1317.3811036285554|73194&4&763.7478510722187|73204&4&3736.524332246822|73206&4&1730.0852832090118|73213&4&962.0200108135491|73218&4&1378.668594456629|73221&4&1539.9171416171987|73228&4&5901.684547451087|73235&4&1304.5774839016053|73237&4&165.12555376084373|73239&4&5027.518922658008|73264&4&33.17364259544316|73266&4&822.4755126370183|73283&4&3416.699461430403,2|73196&4&189.5957732643301|73201&4&1236.5188388728957|73203&4&11.57969120995447|73211&4&7421.224293341345|73214&4&1058.8848168765119|73220&4&1821.0971612028889|73226&4&102.81683499759595|73237&4&5594.230419838706|73240&4&7076.22214272627|73250&4&6.862090855775705|73260&4&2176.421259385792|73268&4&-1.865174681370263E-14|73270&4&7139.795676132082|73271&4&1627.1480883178479|73272&4&0.0|73273&4&521.6281234661517|73280&4&950.6616689693277,2|73189&4&1385.3539255930982|73201&4&1371.8626162488529|73208&4&40.288325363117835|73211&4&750.8464329797969|73216&4&23.668952439164965|73231&4&1291.5835053906092|73243&4&77.80126135037476|73252&4&1763.8331812920646|73262&4&4350.886595398575|73274&4&47.5901664788492|73275&4&108.78165554033785|73276&4&60.17256583592468|73281&4&124.24006008366197|73288&4&260.8890454416372,2|73192&4&1027.5205552821649|73199&4&57.63061252836343|73209&4&9915.197811931082|73221&4&2559.935847909321|73222&4&5112.621271416424|73230&4&974.6437765502525|73253&4&3328.336411496241|73263&4&4762.816445880475|73267&4&874.4764431026408|73268&4&457.8742486827576|73276&4&3933.258749478651,2|73191&4&395.3107877113756|73199&4&299.69651590367084|73200&4&1848.4195345671312|73213&4&931.799075011196|73215&4&2168.3410289861185|73217&4&1957.6710232166897|73235&4&43.36912907162829|73238&4&3749.844564600398|73240&4&-2.7000623958883807E-13|73244&4&3477.2216150902505|73245&4&3254.8383561912524|73249&4&3450.147955150994|73255&4&5441.918516620718|73258&4&5582.045070427398|73268&4&1051.4741711134338|73278&4&5467.0028879720385|73279&4&826.1599354870202,2|73195&4&1265.8187681406557|73210&4&1545.1125889063785|73212&4&1913.848388809107|73238&4&1893.196269256532|73245&4&379.7453061671416|73250&4&363.7804491758782|73263&4&653.1148656190998|73266&4&1079.5306675850834|73268&4&3666.2477306767705|73273&4&444.2709971095289|73288&4&1625.9012852506849,2|73189&4&358.9268828764772|73196&4&2514.6461564233173|73218&4&1250.4039422421313|73224&4&2246.4592898480096|73261&4&1799.5439225601096,2|73207&4&1801.9316762409728|73213&4&3088.5002048358674|73220&4&517.2213787169787|73221&4&742.2472448878614|73228&4&698.5413592251064|73230&4&51.3262910659883|73232&4&2521.6755830944167|73236&4&3747.387548956741|73242&4&4521.263220055354|73246&4&668.578557178654|73254&4&339.7522264917645|73260&4&545.2371877430962|73263&4&1302.0674190805373|73275&4&3726.044929581014|73282&4&5779.80271972453|73287&4&49.000394986042934,2|73190&4&422.27489857577496|73195&4&727.192273789706|73208&4&4506.762161558247|73223&4&3358.164202370146|73230&4&134.22018482447984|73233&4&829.9616288896848|73235&4&545.6297944783464|73253&4&2699.3759761329643|73257&4&5454.7878286529485|73269&4&528.103091048075|73271&4&78.56134540693392|73280&4&812.5835468937115|73285&4&2283.205740383191|73286&4&2621.2543884520696|73288&4&1350.9003156356932,2|73195&4&350.85673869197063|73196&4&2652.801746558266|73197&4&564.5420595529738|73198&4&100.63581208041091|73201&4&724.7466481376338|73207&4&2678.6083540998407|73209&4&679.2188643228557|73214&4&143.5187038973773|73217&4&2558.64509596319|73241&4&229.01500722329178|73245&4&240.45610820740322|73256&4&776.1364250964963|73259&4&25.322855309820987|73262&4&3140.2949456804126
369|4,130,1,1,1,1,1,1,1,1,1,1,1,1,1,1,1,1,1,1,1,1,1,1,1,1,1,1,1,1,1,1,1,1,1,1,1,1,1,1,1,1,1,1,1,1,1,1,1,1,1,1,1,1,1,1,1,1,1,1,1,1,1,1,1,1,1,1,1,1,1,1,1,1,1,1,1,1,1,1,1,1,1,1,1,1,1,1,1,1,1,1,1,1,1,1,1,1,1,1,1,1,0,0,0,0,0,0,0,0,0,0,0,0,0,0,0,0,0,0,0,0,2|73189&4&99.61741705359887|73190&4&1101.8514317900547|73193&4&1412.1878211574888|73194&4&682.5280770175825|73204&4&4395.2005901241555|73206&4&1835.1431712057063|73213&4&891.7866149994328|73218&4&1285.8559580253432|73221&4&1177.4882786209387|73228&4&5486.891503467749|73235&4&1994.686086468006|73237&4&55.806478241287905|73239&4&5189.584851159581|73264&4&31.42766140620931|73266&4&675.934842825377|73283&4&3418.9389238731605,2|73196&4&180.11598460111358|73201&4&1140.1978286439494|73203&4&10.970233777851604|73211&4&9027.52662746276|73214&4&934.6754801638922|73220&4&1698.541031862671|73226&4&611.0356146473864|73229&4&387.5252120796231|73237&4&6127.517243614646|73240&4&7050.452589871954|73250&4&6.371941508934583|73260&4&2516.3377392084776|73270&4&7279.953607029134|73271&4&1519.9740875350353|73273&4&1273.6471736590881|73280&4&891.7351265386824,2|73189&4&2055.3705307983373|73201&4&1288.9400922870445|73208&4&2.2737367544323206E-13|73211&4&525.0742679810281|73216&4&22.276661119214083|73231&4&1223.6054261595245|73243&4&73.2247165650586|73252&4&1656.2077799865715|73262&4&3804.8102070715468|73274&4&0.0|73275&4&187.17599865692|73276&4&17.106509525207922|73281&4&115.95738941141784|73288&4&153.14151175021934,2|73192&4&1228.466172850573|73199&4&55.15515176208467|73209&4&9461.49020382842|73221&4&2388.4995633612043|73222&4&5345.4830018469165|73230&4&1579.87041356067|73253&4&3174.6629082110308|73263&4&4358.697357655199|73267&4&782.9294528810805|73268&4&415.945204782312|73276&4&4185.1464845994105,2|73191&4&367.6679004399406|73199&4&231.66374405667653|73200&4&1677.9610556769976|73213&4&822.552137096187|73215&4&2106.157963514628|73217&4&1684.8755460362763|73235&4&-2.984279490192421E-13|73238&4&3298.966771291757|73244&4&3772.862224157806|73245&4&4001.4503346208585|73249&4&3397.567339601652|73255&4&5016.493905207819|73258&4&5250.641881449196|73268&4&988.6035538643284|73278&4&5098.075299016995|73279&4&723.2353527161932,2|73195&4&1382.8412243449093|73210&4&1389.4674340592428|73212&4&1751.7466086841036|73238&4&2508.1879009285303|73245&4&223.02019372296374|73250&4&339.7179427234322|73251&4&0.0|73263&4&451.3176230962493|73266&4&1020.6498868264222|73268&4&3312.3529260766645|73273&4&355.14976091827424|73288&4&1848.62401030538,2|73189&4&292.71955339138333|73196&4&2211.743182418106|73218&4&1092.2917648450375|73224&4&2051.0140632278917|73261&4&1588.4095241798193,2|73207&4&2485.90402987431|73213&4&3320.9039370982227|73220&4&457.7597636243754|73221&4&701.0896953505996|73228&4&1455.6263131362703|73230&4&18.73153458357181|73232&4&2833.9331506552544|73236&4&4108.500483548327|73242&4&4846.928437890048|73246&4&631.4353040020621|73248&4&10.887333245228774|73254&4&315.4204872710132|73260&4&449.35506263483177|73263&4&1265.7288084182323|73271&4&539.157409167154|73275&4&3375.323036167264|73282&4&5546.709482180475|73287&4&125.42052288963852,2|73190&4&358.49340905320514|73195&4&657.661707481686|73208&4&4411.537955217219|73223&4&3033.9448227037547|73230&4&110.898381944307|73233&4&799.0048276334035|73235&4&462.83942178477537|73253&4&2367.5537768468494|73257&4&5459.719232484853|73269&4&459.73866928972325|73271&4&28.945046286074714|73280&4&690.0084766807643|73285&4&2152.7290001280644|73286&4&2370.264164275887|73288&4&1194.8247100646574,2|73195&4&265.8786372140132|73196&4&2502.7446814587133|73197&4&525.4423414995238|73198&4&95.60402147639037|73201&4&552.4378346682524|73207&4&2363.4068752250746|73209&4&506.8113010919311|73214&4&135.9642294328215|73217&4&2682.7645664575357|73241&4&201.86331292528132|73245&4&192.36488656592252|73256&4&732.0513363279711|73259&4&23.91603001483093|73262&4&4199.584881262659
370|4,130,1,1,1,1,1,1,1,1,1,1,1,1,1,1,1,1,1,1,1,1,1,1,1,1,1,1,1,1,1,1,1,1,1,1,1,1,1,1,1,1,1,1,1,1,1,1,1,1,1,1,1,1,1,1,1,1,1,1,1,1,1,1,1,1,1,1,1,1,1,1,1,1,1,1,1,1,1,1,1,1,1,1,1,1,1,1,1,1,1,1,1,1,1,1,1,1,1,1,1,1,0,0,0,0,0,0,0,0,0,0,0,0,0,0,0,0,0,0,0,0,2|73189&4&23.541883227115022|73190&4&1027.5790818338419|73193&4&1317.706150829301|73194&4&601.3083029629465|73204&4&4087.6013795631006|73206&4&1767.330878365714|73213&4&821.5532191853165|73218&4&1277.4032715710368|73221&4&815.0594156246789|73228&4&5072.0984594844085|73235&4&2166.7403190836662|73237&4&0.0|73239&4&4787.800493755801|73264&4&29.681680216975458|73266&4&532.2430417001481|73283&4&3655.6627787743464,2|73196&4&170.63619593789707|73201&4&1043.8768184150026|73203&4&10.360776345748738|73211&4&10286.295193552933|73214&4&810.4661434512724|73220&4&1575.9849025224526|73226&4&578.1185943300916|73229&4&0.0|73237&4&5605.548648560923|73240&4&6796.471523876191|73250&4&5.881792162093461|73260&4&2342.649645384596|73270&4&7534.706020239731|73271&4&1412.800086752223|73273&4&0.0|73280&4&832.8085841080368,2|73189&4&3947.9982781408644|73201&4&1475.9640466214796|73211&4&369.07774419651207|73216&4&20.8843697992632|73231&4&1155.62734692844|73243&4&125.30632352017263|73252&4&1941.7335059253642|73262&4&3316.4463564027137|73275&4&923.4118478871576|73276&4&7.250515859483688|73281&4&107.6747187391737|73288&4&67.0938962143841,2|73192&4&1162.9427491488445|73199&4&427.61865467390777|73209&4&8916.374635413045|73221&4&2217.063278813087|73222&4&4928.024761311586|73230&4&1549.1660438237268|73253&4&3481.7830153798905|73263&4&3954.5782694299232|73267&4&691.3824626595201|73268&4&374.01616088186626|73276&4&3855.0930212873072,2|73191&4&340.02501316850555|73199&4&163.63097220968223|73200&4&1507.502576786864|73213&4&728.4730361011325|73215&4&3028.4269381572813|73217&4&1452.1123559532475|73238&4&2868.436207082145|73244&4&4121.835810157412|73245&4&4277.238802723898|73249&4&3091.9591615119007|73255&4&4849.211823878495|73258&4&4746.555124557818|73268&4&925.7329366152228|73278&4&4729.147710061952|73279&4&620.3107699453662,2|73195&4&1798.0933517014414|73210&4&1233.822279212107|73212&4&1891.1508987662214|73238&4&2360.173426195275|73245&4&110.45093517920944|73250&4&315.6554362709863|73251&4&0.0|73263&4&249.52038057339882|73266&4&997.2941801555405|73268&4&2964.431770678696|73273&4&0.0|73288&4&2437.691756386897,2|73189&4&226.51222390628948|73196&4&2023.4539493755194|73218&4&934.1795874479435|73224&4&1855.5688366077738|73261&4&1528.5189905074094,2|73207&4&2575.576778443574|73213&4&3126.674678044323|73220&4&400.94117744388114|73221&4&2235.957780511884|73228&4&1549.1715251680268|73230&4&8.526512829121202E-14|73232&4&3108.581414039183|73236&4&4684.935903310135|73242&4&5315.075255237938|73246&4&622.9176651280598|73248&4&184.92797278874497|73254&4&291.08874805026187|73260&4&374.6697795430381|73263&4&2309.2910638675417|73271&4&977.2881726232001|73275&4&3024.6011427535145|73282&4&5064.865903885833|73287&4&119.0269957576915,2|73190&4&300.71316868194145|73195&4&588.1311411736659|73208&4&5511.3568792858705|73223&4&2914.5960591505004|73230&4&87.57657906413417|73233&4&1466.1474412762823|73235&4&380.0490490912042|73237&4&985.084296946578|73253&4&2035.7315775607344|73257&4&5716.837102522148|73269&4&622.5524888432374|73271&4&2.2026824808563106E-13|73280&4&567.433406467817|73285&4&2001.6670981071425|73286&4&2142.23131694545|73288&4&1038.7491044936214,2|73195&4&193.42267106415744|73196&4&2352.6876163591605|73197&4&486.3426234460738|73198&4&90.57223087236983|73201&4&380.129021198871|73207&4&2068.336844058535|73209&4&340.5059435056063|73214&4&128.4097549682657|73217&4&2622.8015484316174|73241&4&174.71161862727087|73245&4&144.27366492444182|73256&4&687.9662475594457|73259&4&22.509204719840874|73262&4&6183.425123780431
371|4,130,1,1,1,1,1,1,1,1,1,1,1,1,1,1,1,1,1,1,1,1,1,1,1,1,1,1,1,1,1,1,1,1,1,1,1,1,1,1,1,1,1,1,1,1,1,1,1,1,1,1,1,1,1,1,1,1,1,1,1,1,1,1,1,1,1,1,1,1,1,1,1,1,1,1,1,1,1,1,1,1,1,1,1,1,1,1,1,1,1,1,1,1,1,1,1,1,1,1,1,1,0,0,0,0,0,0,0,0,0,0,0,0,0,0,0,0,0,0,0,0,2|73189&4&-9.237055564881302E-14|73190&4&953.306731877629|73193&4&1228.043085950405|73194&4&520.0885289083104|73204&4&4307.625257981283|73206&4&1629.3513830201828|73213&4&751.3198233712001|73218&4&1180.3726376409022|73221&4&543.8435661906391|73228&4&4657.3054155010705|73235&4&2592.0469353550725|73239&4&4386.016136352021|73264&4&27.935699027741606|73266&4&388.55124057491906|73283&4&3355.173579202044,2|73196&4&161.15640727468056|73201&4&947.555808186056|73203&4&9.751318913645871|73211&4&9674.393121410038|73214&4&686.2568067386526|73220&4&1453.4287731822344|73226&4&545.2015740127969|73237&4&5083.5800535071985|73240&4&7307.066428494248|73250&4&5.3916428152523395|73260&4&2168.9615515607156|73270&4&6774.604241643061|73271&4&1305.6260859694105|73280&4&773.8820416773913,2|73189&4&4061.189259209078|73201&4&2571.2401499543075|73211&4&277.36337292573444|73216&4&19.49207847931232|73231&4&1087.6492676973553|73243&4&361.2686829463919|73252&4&2068.1886518940205|73262&4&2905.601936325049|73275&4&1142.7360929743568|73276&4&5.5067062021407764E-14|73281&4&99.39204806692956|73288&4&-1.1368683772161603E-13,2|73192&4&1097.419325447116|73199&4&732.6107598975362|73209&4&8519.099941000077|73221&4&2045.62699426497|73222&4&4510.566520776257|73230&4&1976.9218036542338|73253&4&3233.6044667318224|73263&4&3550.4591812046483|73267&4&599.8354724379599|73268&4&332.08711698142065|73276&4&3525.0395579752053,2|73191&4&312.3821258970706|73199&4&109.23604689939077|73200&4&1347.0749005873909|73213&4&634.3939351060781|73215&4&4262.878310829843|73217&4&1237.8047258636702|73238&4&2437.9056428725326|73244&4&4497.742797216341|73245&4&4928.737831928475|73249&4&2786.350983422148|73255&4&4674.458460679766|73258&4&4527.260627023205|73268&4&862.8623193661172|73278&4&4360.220121106909|73279&4&517.3861871745393,2|73195&4&1692.6235409316312|73210&4&1078.1771243649714|73212&4&2056.3904019809916|73238&4&2629.10431281611|73245&4&31.654576903188556|73250&4&291.59292981854037|73263&4&94.18999036970531|73266&4&1758.5896229394975|73268&4&3742.679441080126|73288&4&3229.4588709663312,2|73189&4&160.30489442119566|73196&4&1718.364116570696|73218&4&776.0674100508498|73224&4&1660.1236099876558|73261&4&2804.4384740986015,2|73207&4&2525.563759340917|73213&4&2932.445418990424|73220&4&344.1225912633868|73221&4&4869.882431846572|73228&4&1387.3782117613316|73232&4&2860.404819121768|73236&4&4812.856537365306|73242&4&5382.943845501048|73246&4&1209.9266868364775|73248&4&175.65435581619465|73254&4&266.7570088295106|73260&4&299.98449645124447|73263&4&3620.124069619047|73271&4&1054.0307661528257|73275&4&2678.666680847658|73282&4&4596.551106613442|73287&4&112.63346862574447,2|73190&4&257.47908500483754|73195&4&518.600574865646|73208&4&6635.903574288494|73223&4&2863.943044974546|73230&4&64.25477618396134|73233&4&1856.1659995163714|73235&4&304.46465656678015|73237&4&936.3336640564545|73253&4&1703.9093782746195|73257&4&6562.716879699352|73269&4&542.6291550192923|73277&4&165.20457311742172|73280&4&444.8583362548697|73285&4&1850.6051960862212|73286&4&1914.1984696150125|73288&4&882.6734989225855,2|73195&4&122.5681075473612|73196&4&2202.6305512596073|73197&4&0.0|73198&4&0.0|73201&4&210.33902665941343|73207&4&1773.2668128919959|73209&4&191.79918571485427|73214&4&690.6409520873999|73217&4&3865.6092840926467|73241&4&147.5599243292604|73245&4&96.18244328296112|73256&4&643.8811587909204|73259&4&21.102379424850817|73262&4&6546.631737478801
372|4,130,1,1,1,1,1,1,1,1,1,1,1,1,1,1,1,1,1,1,1,1,1,1,1,1,1,1,1,1,1,1,1,1,1,1,1,1,1,1,1,1,1,1,1,1,1,1,1,1,1,1,1,1,1,1,1,1,1,1,1,1,1,1,1,1,1,1,1,1,1,1,1,1,1,1,1,1,1,1,1,1,1,1,1,1,1,1,1,1,1,1,1,1,1,1,1,1,1,1,1,1,0,0,0,0,0,0,0,0,0,0,0,0,0,0,0,0,0,0,0,0,2|73190&4&879.0343819214161|73193&4&1138.3800210715085|73194&4&438.8687548536744|73204&4&4178.013231554854|73206&4&1628.1188409153774|73213&4&681.0864275570837|73218&4&1241.7736474634446|73221&4&383.38236838864987|73228&4&4242.512371517731|73235&4&2433.756289365413|73239&4&3992.6457302216545|73264&4&0.0|73266&4&271.7258699437149|73283&4&3540.8090465073246,2|73196&4&151.67661861146405|73201&4&851.2347979571094|73203&4&9.141861481543005|73211&4&8886.844562016908|73214&4&576.1563842962472|73220&4&1330.8726438420158|73226&4&512.284553695502|73237&4&4593.14956119691|73240&4&7300.8809890384655|73250&4&4.901493468411218|73260&4&1995.2734577368346|73270&4&6607.569125452207|73271&4&1198.4520851865982|73280&4&783.4782696660847,2|73189&4&3792.7407889187925|73201&4&3267.9727179496904|73202&4&0.0|73209&4&337.46430279858623|73211&4&185.6490016549568|73216&4&18.099787159361437|73230&4&26.387674072152322|73231&4&1019.6711884662706|73243&4&972.1552868592505|73252&4&2072.1057309363864|73262&4&2528.190059788215|73275&4&1082.4995922713636|73281&4&91.10937739468542,2|73192&4&1031.8959017453876|73199&4&1480.025564043956|73209&4&7855.133362861209|73221&4&1874.1907097168532|73222&4&4093.1082802409264|73230&4&1846.6702465145518|73253&4&2985.4259180837544|73263&4&3146.3400929793725|73267&4&508.2884822163996|73268&4&290.15807308097493|73276&4&3546.095762680794,2|73191&4&284.73923862563555|73199&4&67.48283950275216|73200&4&1186.647224387918|73213&4&540.3148341110234|73215&4&4544.0933677978255|73217&4&1079.8463389489539|73238&4&2031.359231711816|73244&4&4548.047103036656|73245&4&5888.655857581092|73249&4&2480.742805332395|73255&4&4232.4292674345725|73258&4&4960.863706285815|73268&4&799.9917021170116|73278&4&3991.292532151866|73279&4&700.0881704899318,2|73195&4&1587.153730161821|73210&4&971.250397011305|73212&4&1932.3741905873262|73238&4&2970.9418870450836|73245&4&0.0|73250&4&567.9307518382235|73251&4&375.87507426516294|73263&4&-6.536993168992922E-13|73266&4&2263.3566566263326|73268&4&3763.1158677323897|73288&4&3042.875203261907,2|73189&4&94.09756493610182|73196&4&1413.2742837658723|73218&4&617.955232653756|73224&4&1464.6783833675381|73227&4&14.214586927531869|73261&4&2837.780260111215|73288&4&1168.6213842821232,2|73207&4&3174.9983226031222|73213&4&2738.2161599365254|73220&4&287.30400508289256|73221&4&6391.221744536717|73228&4&1972.3351564874197|73232&4&2581.006434229821|73236&4&4555.475091863877|73242&4&5059.662272533839|73246&4&1140.072975164749|73248&4&166.38073884364434|73254&4&242.42526960875927|73260&4&225.29921335945085|73263&4&4289.315603484241|73271&4&997.4707192145626|73275&4&2342.9124141410043|73282&4&4755.538258068487|73287&4&187.90770476678927,2|73190&4&214.24500132773358|73195&4&449.070008557626|73208&4&7167.807118940606|73223&4&2682.9405947500127|73230&4&40.9329733037885|73233&4&2741.0427735213607|73235&4&240.12048833396204|73237&4&966.0064683010132|73253&4&1372.0871789885045|73257&4&6309.74779467411|73269&4&978.1676255676949|73277&4&156.94434446155063|73280&4&329.91922997480583|73285&4&1699.5432940652995|73286&4&1686.1656222845754|73288&4&726.5978933515496,2|73195&4&71.54027018024308|73196&4&2052.5734861600545|73197&4&43.271904164244845|73201&4&79.20502876763723|73207&4&1478.1967817254563|73209&4&77.13812258955927|73214&4&1132.479826867175|73217&4&3982.2763980447926|73241&4&120.40823003124994|73245&4&48.09122164148041|73256&4&599.796070022395|73259&4&19.69555412986076|73262&4&6158.365129468084
373|4,130,1,1,1,1,1,1,1,1,1,1,1,1,1,1,1,1,1,1,1,1,1,1,1,1,1,1,1,1,1,1,1,1,1,1,1,1,1,1,1,1,1,1,1,1,1,1,1,1,1,1,1,1,1,1,1,1,1,1,1,1,1,1,1,1,1,1,1,1,1,1,1,1,1,1,1,1,1,1,1,1,1,1,1,1,1,1,1,1,1,1,1,1,1,1,1,1,1,1,1,1,0,0,0,0,0,0,0,0,0,0,0,0,0,0,0,0,0,0,0,0,2|73190&4&804.7620319652032|73193&4&1048.814754824495|73194&4&357.64898079903827|73195&4&488.165268192981|73204&4&4930.325878006537|73206&4&1500.5545207159041|73213&4&610.8530317429673|73218&4&1965.4394328895169|73221&4&278.5271177949736|73228&4&3827.7193275343916|73235&4&2275.465643375753|73239&4&4120.879965340395|73257&4&329.7802182014534|73266&4&186.50356206694113|73277&4&0.0|73283&4&3223.403486680701,2|73196&4&142.19682994824754|73201&4&754.9137877281628|73203&4&8.532404049440139|73211&4&8369.457352739679|73214&4&487.431859886394|73220&4&1208.3165145017977|73226&4&541.1170608229043|73237&4&4102.719068886623|73240&4&7255.100008061769|73250&4&4.411344121570096|73260&4&1821.5853639129532|73270&4&7813.320073965282|73271&4&1091.2780844037854|73280&4&721.1255887144722,2|73189&4&4153.820762784978|73201&4&3780.9368577278437|73209&4&622.1586219286348|73211&4&95.41301468113403|73216&4&16.707495839410555|73230&4&101.9623097498576|73231&4&951.6931092351858|73243&4&1089.9915740880062|73252&4&1941.6428120385804|73262&4&2151.5800851666636|73274&4&11.541278439804914|73275&4&1022.2630915683704|73281&4&82.82670672244129,2|73192&4&966.3724780436593|73199&4&1403.9392104234623|73209&4&7191.166784722342|73221&4&1702.754425168736|73222&4&3733.552601807974|73230&4&1716.41868937487|73253&4&2737.2473694356863|73263&4&2742.2210047540975|73267&4&416.7414919948393|73268&4&248.2290291805293|73276&4&4263.474289000115,2|73191&4&257.0963513542006|73199&4&49.19440958196804|73200&4&1026.2195481884448|73213&4&446.23573311596886|73215&4&5015.048257043635|73217&4&924.1643278873896|73238&4&1650.0382011312481|73244&4&4193.496570778625|73245&4&6630.530112974145|73249&4&2175.134627242643|73255&4&3790.400074189378|73258&4&5070.348016844131|73268&4&737.1210848679061|73278&4&3622.364943196823|73279&4&638.3077913096834,2|73195&4&1481.683919392011|73210&4&1143.860006333423|73212&4&1758.047956997657|73238&4&4175.204678087131|73250&4&545.9755445781684|73251&4&0.0|73266&4&2459.6128424657545|73268&4&3402.085160737436|73288&4&2856.2915355574833,2|73189&4&27.890235451007978|73196&4&1575.4542336464622|73218&4&472.0538587197609|73224&4&1277.7999651976188|73227&4&13.503857581155275|73247&4&210.9301581154559|73261&4&2613.3411396252204|73288&4&1318.6144926296354,2|73207&4&3727.9587973762295|73213&4&2543.9869008826267|73220&4&230.48541890239827|73221&4&6044.61912322955|73228&4&2627.911618576699|73232&4&2301.608049337874|73236&4&4822.916829286124|73242&4&4702.689650874256|73246&4&1070.2192634930207|73248&4&281.65502752901307|73254&4&218.09353038800793|73260&4&150.61393026765725|73263&4&5065.434682425859|73271&4&940.9106722762994|73275&4&2007.1581474343504|73282&4&5756.889340014205|73287&4&177.43078947119267,2|73190&4&171.01091765062955|73195&4&379.539442249606|73208&4&7007.752077828565|73223&4&2848.9367143533614|73230&4&17.611170423615675|73233&4&2519.8976473743824|73235&4&175.776320101144|73237&4&912.7794644463368|73253&4&1040.2649797023896|73257&4&5710.5836726361285|73269&4&1263.258974162657|73277&4&0.0|73280&4&232.48723076268217|73285&4&1762.0923084271515|73286&4&1458.1327749541383|73288&4&608.4919293028682,2|73195&4&28.029854035533102|73196&4&1902.5164210605017|73197&4&41.1083089560326|73201&4&4.963149177181037|73205&4&418.089734309784|73207&4&1238.1405076726314|73209&4&5.442534466859715|73214&4&1410.714902214569|73217&4&3802.980552966629|73241&4&647.120210063208|73245&4&-2.984279490192421E-13|73256&4&555.7109812538698|73259&4&18.288728834870703|73262&4&5770.098521457367|73268&4&834.1436433799727
374|4,130,1,1,1,1,1,1,1,1,1,1,1,1,1,1,1,1,1,1,1,1,1,1,1,1,1,1,1,1,1,1,1,1,1,1,1,1,1,1,1,1,1,1,1,1,1,1,1,1,1,1,1,1,1,1,1,1,1,1,1,1,1,1,1,1,1,1,1,1,1,1,1,1,1,1,1,1,1,1,1,1,1,1,1,1,1,1,1,1,1,1,1,1,1,1,1,1,1,1,1,1,0,0,0,0,0,0,0,0,0,0,0,0,0,0,0,0,0,0,0,0,2|73190&4&804.1850034351677|73193&4&959.2494885774811|73194&4&276.4292067444022|73195&4&463.7570047833319|73204&4&4886.376993469006|73206&4&1372.9902005164306|73213&4&540.619635928851|73218&4&2214.770313761879|73221&4&173.67186720129774|73228&4&3412.9262835510526|73235&4&2429.4845747226477|73239&4&4300.122074394608|73257&4&313.2912072913807|73264&4&169.71397281698125|73266&4&133.60207940282845|73277&4&38.47625238781414|73283&4&3090.691039742792,2|73196&4&132.71704128503103|73201&4&658.5927774992163|73203&4&7.922946617337272|73211&4&8192.46368083858|73214&4&410.3546774569733|73220&4&1085.7603851615795|73226&4&556.9268875002293|73237&4&3612.288576576335|73238&4&1294.0903036963014|73240&4&7866.984796330845|73250&4&0.0|73260&4&2484.1659437617027|73270&4&8591.779365592925|73271&4&984.1040836209729|73280&4&658.7729077628596,2|73189&4&4775.404557891365|73201&4&3941.832819790241|73209&4&1931.2307115784474|73211&4&32.761070498646795|73216&4&15.315204519459675|73230&4&430.339911349436|73231&4&883.7150300041011|73243&4&1030.4434206552455|73248&4&295.7901076779559|73252&4&2006.1863956242414|73253&4&345.76662725569645|73262&4&1774.970110545112|73274&4&10.96421451781467|73275&4&2032.3218346602216|73281&4&74.54403605019715,2|73192&4&900.8490543419309|73199&4&1322.7273937358261|73209&4&6527.200206583474|73221&4&1531.318140620619|73222&4&3686.4984892324305|73230&4&1586.1671322351879|73253&4&2489.0688207876187|73263&4&2398.904213419444|73267&4&325.194501773279|73268&4&206.29998528008363|73276&4&5207.267633184092,2|73191&4&233.17702618348142|73199&4&30.905979661183924|73200&4&865.7918719889717|73213&4&352.1566321209143|73215&4&5385.46350978705|73217&4&768.4823168258255|73238&4&1315.02481404649|73244&4&3987.527401064759|73245&4&6170.44642757802|73249&4&1869.526449152891|73255&4&4040.7495965973258|73258&4&4829.379439053496|73268&4&674.2504676188005|73278&4&3253.43735424178|73279&4&563.7590042359701,2|73195&4&1376.214108622201|73210&4&1093.5579116728327|73212&4&1583.721723407988|73238&4&3910.8749944499496|73250&4&0.0|73251&4&0.0|73266&4&2738.7373703580297|73268&4&3088.671872713931|73288&4&2669.7078678530597,2|73189&4&-1.0658141036401503E-13|73196&4&2493.5347732310456|73218&4&365.0139274894492|73224&4&1146.7941788652754|73227&4&12.793128234778681|73236&4&1337.6913318551951|73247&4&0.0|73261&4&2388.9020191392256|73288&4&1249.7622145374482,2|73207&4&4337.322782932771|73213&4&2349.7576418287276|73220&4&173.66683272190397|73221&4&5956.806504600991|73228&4&2432.612460932181|73232&4&2696.2374832294113|73236&4&4368.665102047994|73242&4&4330.845121361929|73246&4&0.0|73248&4&266.1540152735668|73254&4&193.76179116725663|73260&4&75.92864717586366|73263&4&5187.966714094302|73271&4&884.3506253380364|73275&4&1673.4043509460437|73282&4&5431.457742051207|73287&4&166.95387417559604,2|73190&4&127.77683397352556|73195&4&310.00887594158604|73208&4&7219.8792121976285|73223&4&3070.6122062471736|73230&4&-4.973799150320701E-14|73233&4&2341.6100165454122|73235&4&117.69924317002693|73237&4&859.5524605916601|73253&4&732.7591637139761|73257&4&5132.700881116191|73269&4&1182.0130132017032|73280&4&144.08359135683622|73285&4&1609.768801980022|73286&4&1487.8042046455946|73288&4&513.7987633863561,2|73195&4&17.773899879010088|73196&4&1752.4593559609489|73197&4&144.76076652113642|73201&4&4.973799150320701E-14|73205&4&0.0|73207&4&1057.0958066717367|73209&4&-3.730349362740526E-14|73214&4&1333.8683642780375|73217&4&3813.4805671455324|73241&4&0.0|73256&4&511.6258924853445|73259&4&16.881903539880646|73262&4&5381.831913446649|73268&4&1280.4344664495725
375|4,130,1,1,1,1,1,1,1,1,1,1,1,1,1,1,1,1,1,1,1,1,1,1,1,1,1,1,1,1,1,1,1,1,1,1,1,1,1,1,1,1,1,1,1,1,1,1,1,1,1,1,1,1,1,1,1,1,1,1,1,1,1,1,1,1,1,1,1,1,1,1,1,1,1,1,1,1,1,1,1,1,1,1,1,1,1,1,1,1,1,1,1,1,1,1,1,1,1,1,1,1,0,0,0,0,0,0,0,0,0,0,0,0,0,0,0,0,0,0,0,0,2|73190&4&1345.5472700351024|73193&4&869.6842223304673|73194&4&195.20943268976612|73195&4&439.34874137368286|73204&4&4516.905476161494|73206&4&1245.4258803169573|73213&4&470.3862401147346|73218&4&2606.2223252473063|73221&4&68.81661660762184|73228&4&2998.1332395677136|73235&4&2312.6445404051947|73239&4&4412.791364998868|73250&4&0.0|73257&4&296.802196381308|73264&4&704.2276286533464|73266&4&105.18262816826972|73277&4&36.55243976842343|73283&4&3434.19019702502,2|73196&4&123.23725262181452|73201&4&562.2717672702697|73203&4&7.313489185234404|73211&4&8127.200909162486|73214&4&333.6463981656421|73220&4&1150.0699332794673|73226&4&0.0|73237&4&3121.8580842660476|73238&4&2020.5273827029073|73240&4&7971.0074019369495|73260&4&2637.1273449331284|73270&4&8277.125287831364|73271&4&876.9300828381605|73280&4&1441.9191098515143,2|73189&4&4429.404231013032|73201&4&3687.860738518069|73209&4&1832.2279356498573|73211&4&5.6843418860808015E-14|73216&4&13.922913199508795|73230&4&408.4987423631502|73231&4&1036.8720081367399|73243&4&970.8952672224849|73248&4&475.3404373253564|73252&4&1847.5599782237005|73253&4&1583.7613540689883|73262&4&1398.3601359235606|73274&4&10.387150595824425|73275&4&3315.2036145408792|73281&4&0.0,2|73192&4&835.3256306402026|73199&4&1367.69354468123|73209&4&5863.233628444607|73221&4&1359.8818560725022|73222&4&4855.448383758238|73230&4&1455.915575095506|73253&4&2240.8902721395507|73263&4&2055.587422084791|73267&4&233.6475115517187|73268&4&164.37094137963794|73276&4&4858.200462450247,2|73191&4&245.8392109347057|73199&4&12.61754974039981|73200&4&705.3641957894987|73213&4&258.0775311258597|73215&4&5018.2125212987185|73217&4&615.3590111806487|73238&4&1020.4921453086381|73244&4&4023.701234347649|73245&4&5700.918527713488|73249&4&1729.9266532643055|73255&4&5050.879550795212|73258&4&5498.879404698076|73268&4&611.3798503696949|73278&4&2884.5097652867375|73279&4&1239.3929872807907,2|73195&4&1270.744297852391|73210&4&1786.021764497391|73212&4&1409.3954898183188|73238&4&3646.5453108127676|73251&4&0.0|73266&4&2558.2532564558896|73268&4&2787.7210331097276|73288&4&2483.124200148636,2|73196&4&3871.5235865949035|73218&4&269.666571344953|73224&4&1693.5059576692477|73227&4&12.082398888402087|73236&4&1565.600961521467|73261&4&2389.179419960597|73288&4&1180.9099364452613,2|73207&4&4068.5700106099207|73213&4&2637.8553665656564|73220&4&116.84824654140965|73221&4&6512.515175868052|73228&4&2241.54222735627|73232&4&3350.2222621749347|73236&4&3962.232869720334|73242&4&4313.009233424786|73248&4&250.65300301812053|73254&4&169.4300519465053|73260&4&24.886598817918646|73263&4&5609.3558811705025|73265&4&325.28106333893345|73271&4&827.7905783997733|73275&4&1423.9448825956579|73282&4&5082.789205498626|73287&4&156.47695887999942,2|73190&4&84.54275029642156|73195&4&240.47830963356606|73208&4&6655.5514959619795|73223&4&3152.241164594086|73233&4&2547.6900219769736|73235&4&68.09759313283055|73237&4&806.3254567369836|73253&4&471.8117274763823|73257&4&4554.818089596253|73269&4&1100.7670522407493|73280&4&55.67995195099027|73284&4&324.7548680896116|73285&4&1457.445295532893|73286&4&2866.223647761816|73288&4&421.6265879525956,2|73195&4&11.849266586006692|73196&4&1602.4022908613958|73197&4&137.30636867425835|73207&4&921.3543159858841|73214&4&1257.0218263415059|73217&4&4029.646935589847|73241&4&35.04414627528206|73256&4&467.54080371681914|73259&4&0.0|73262&4&4993.565305435932|73268&4&2240.7462876153445
376|4,130,1,1,1,1,1,1,1,1,1,1,1,1,1,1,1,1,1,1,1,1,1,1,1,1,1,1,1,1,1,1,1,1,1,1,1,1,1,1,1,1,1,1,1,1,1,1,1,1,1,1,1,1,1,1,1,1,1,1,1,1,1,1,1,1,1,1,1,1,1,1,1,1,1,1,1,1,1,1,1,1,1,1,1,1,1,1,1,1,1,1,1,1,1,1,1,1,1,1,1,1,0,0,0,0,0,0,0,0,0,0,0,0,0,0,0,0,0,0,0,0,2|73190&4&1236.6241848762081|73193&4&780.1189560834534|73194&4&515.0169087002143|73195&4&414.9404779640338|73204&4&4516.426095077626|73206&4&1117.8615601174843|73213&4&400.1528443006182|73218&4&2412.1724678222918|73221&4&4.831690603168681E-13|73228&4&2583.3401955843747|73235&4&2135.8851110217547|73239&4&4477.241118039866|73240&4&712.3128605588772|73257&4&1329.9145395192052|73264&4&668.5919622886365|73266&4&80.75097717798144|73277&4&34.628627149032724|73283&4&4015.776305801861,2|73196&4&113.75746395859801|73201&4&465.95075704132313|73203&4&6.704031753131537|73211&4&7256.591284365033|73214&4&256.9381188743108|73220&4&1407.5471989367866|73225&4&43.36218802127181|73226&4&42.7211647099363|73237&4&2631.4275919557595|73238&4&2283.751439483198|73240&4&7299.310741967656|73260&4&2708.862244623555|73270&4&7560.263052301572|73271&4&769.7560820553481|73280&4&2259.418822776605,2|73189&4&4503.991266000373|73201&4&4070.557412337532|73209&4&3156.3826912529457|73216&4&46.481664745834536|73219&4&689.3215198115211|73230&4&386.6575733768644|73231&4&957.8371760374689|73243&4&911.3471137897243|73248&4&450.8339401898937|73252&4&1827.9871285315085|73253&4&2359.3267448960723|73262&4&1024.2596167375943|73274&4&12.515416351497054|73275&4&3721.688759175019,2|73192&4&769.8022069384742|73199&4&1683.3495814162998|73209&4&5233.488663158225|73221&4&1188.4455715243853|73222&4&5221.167435504962|73230&4&1325.6640179558242|73253&4&1992.711723491483|73263&4&1712.2706307501383|73267&4&371.7888138327423|73268&4&122.44189747919229|73276&4&4528.909446238671,2|73191&4&220.09081026788942|73199&4&7.460698725481052E-14|73200&4&544.9365195900257|73213&4&180.79921561351523|73215&4&4654.8422211430825|73217&4&499.8838167910805|73238&4&767.3919215128265|73244&4&4518.13417408224|73245&4&5231.390627848957|73249&4&3239.300584362502|73255&4&4592.605904074961|73258&4&6402.572007156341|73268&4&548.5092331205893|73278&4&2525.4676757639527|73279&4&1361.8744299129166,2|73195&4&1165.2744870825807|73210&4&1852.6316058350062|73212&4&1236.189803354148|73238&4&3382.2156271755857|73266&4&2377.769142553751|73268&4&2535.555807331288|73288&4&2296.5405324442127,2|73196&4&4527.414395526647|73218&4&181.7745848093101|73224&4&0.0|73227&4&11.371669542025494|73236&4&2156.5585687965868|73261&4&2438.9384103433986|73288&4&1112.0576583530742,2|73207&4&3799.8172382870707|73213&4&2830.1046544760266|73220&4&60.1394818559035|73221&4&7687.326989323385|73228&4&2240.6466577646775|73232&4&3324.0826834045693|73236&4&3565.1493857533032|73242&4&4503.792164601882|73248&4&235.15199076267425|73254&4&227.6556248411849|73260&4&-1.4921397450962104E-13|73263&4&6319.410753010652|73265&4&0.0|73271&4&771.2305314615102|73275&4&1236.6367583046172|73282&4&4577.490596593296|73287&4&146.0000435844028,2|73190&4&56.46050977706493|73195&4&170.9477433255461|73208&4&6129.4801315842105|73223&4&3694.076009662227|73233&4&2504.183607231129|73235&4&22.64625770286789|73237&4&2730.3841593903453|73253&4&268.8183655243386|73257&4&3988.368676141722|73269&4&1019.5210912797954|73280&4&-2.7000623958883807E-13|73284&4&0.0|73285&4&1305.1217890857636|73286&4&3385.7107542500426|73288&4&329.4544125188352,2|73195&4&5.924633293003327|73196&4&1452.3452257618428|73197&4&129.85197082738028|73207&4&792.4998941281397|73214&4&1180.1752884049743|73217&4&3746.999340251296|73241&4&61.55592298903514|73256&4&423.45571494829386|73262&4&5272.829100731188|73268&4&2485.7232846762954
377|4,130,1,1,1,1,1,1,1,1,1,1,1,1,1,1,1,1,1,1,1,1,1,1,1,1,1,1,1,1,1,1,1,1,1,1,1,1,1,1,1,1,1,1,1,1,1,1,1,1,1,1,1,1,1,1,1,1,1,1,1,1,1,1,1,1,1,1,1,1,1,1,1,1,1,1,1,1,1,1,1,1,1,1,1,1,1,1,1,1,1,1,1,1,1,1,1,1,1,1,1,1,0,0,0,0,0,0,0,0,0,0,0,0,0,0,0,0,0,0,0,0,2|73190&4&1202.1515750492872|73193&4&690.5536898364398|73194&4&0.0|73195&4&760.9837393781858|73204&4&4210.497462332416|73206&4&990.2972399180113|73213&4&329.9194484865018|73218&4&2360.449829529204|73228&4&2168.547151601035|73235&4&1959.1256816383157|73239&4&4124.801356921153|73240&4&1410.4431507297859|73257&4&2119.155594443122|73264&4&850.5675854851078|73266&4&60.56323288348607|73277&4&32.704814529642015|73283&4&3991.2430144068,2|73196&4&104.2776752953815|73201&4&375.4184566565475|73203&4&6.09457432102867|73211&4&7420.745026029321|73214&4&180.2298395829796|73220&4&1465.0312648437862|73225&4&41.194078620208224|73226&4&40.585106474439485|73237&4&2185.8977191903496|73238&4&3442.279300029719|73240&4&6633.888988123094|73260&4&2625.175226224789|73270&4&6860.325038684234|73271&4&662.5820812725356|73273&4&74.65729830385908|73280&4&2108.684830771543,2|73189&4&4511.088391527241|73201&4&3784.745725204565|73209&4&4042.799607770934|73216&4&43.39182128256983|73219&4&654.855443820945|73230&4&455.02017492661093|73231&4&878.802343938198|73243&4&851.7989603569636|73248&4&555.9598344369858|73252&4&1662.4080327455504|73253&4&4206.682995608365|73262&4&736.6782295826049|73274&4&11.803085945623664|73275&4&3508.6024411603366,2|73192&4&704.2787832367458|73199&4&1575.6700287567937|73209&4&4609.113122907644|73221&4&1017.0092869762682|73222&4&5400.07392934834|73230&4&1195.4124608161424|73253&4&1744.5331748434155|73263&4&1402.986626992417|73267&4&2017.9210569804336|73268&4&80.51285357874664|73276&4&4199.618430027095,2|73191&4&194.34240960107314|73200&4&384.50884339055256|73213&4&113.25989671446075|73215&4&4291.471920987445|73217&4&405.1287488177559|73238&4&560.6418977305823|73244&4&4124.308980867328|73245&4&5011.533407211415|73249&4&4254.839701525216|73255&4&4141.850088369444|73258&4&6822.494525753127|73268&4&485.63861587148375|73278&4&3754.7446870316667|73279&4&0.0,2|73195&4&1059.8046763127704|73210&4&1698.2504289204226|73212&4&1114.5091010375581|73238&4&3117.8859435384043|73266&4&2197.2850286516114|73268&4&2332.105438938851|73288&4&2109.956864739789,2|73196&4&4959.594801459607|73218&4&93.8825982736672|73224&4&728.4764230128712|73227&4&10.6609401956489|73236&4&2041.3051982068337|73261&4&2656.423720337044|73288&4&1043.205380260887,2|73207&4&3531.064465964221|73213&4&2591.2293014248958|73220&4&25.962269044354855|73221&4&7203.016504520288|73228&4&3896.8809156806165|73232&4&3134.7085978907|73236&4&3198.6564011161145|73242&4&4108.104021935887|73248&4&219.650978507228|73254&4&256.7545458680179|73263&4&5912.909515865428|73271&4&714.6704845232471|73275&4&1049.3286340135755|73282&4&4079.2362753131356|73287&4&142.30537930579362,2|73190&4&28.378269257708297|73195&4&101.41717701752611|73208&4&5802.274971451108|73223&4&3564.5016962009286|73233&4&2415.2780763427545|73235&4&-1.7763568394002505E-13|73237&4&2890.8568422084904|73253&4&112.54626021263061|73257&4&3475.494061911662|73269&4&1194.5593811427627|73285&4&1152.7982826386342|73286&4&4059.9885745072825|73288&4&237.28223708507477,2|73195&4&-3.730349362740526E-14|73196&4&1302.2881606622896|73197&4&122.39757298050225|73198&4&367.81135885673376|73207&4&663.6454722703953|73214&4&1103.3287504684426|73217&4&4275.472897100564|73241&4&504.0190039777032|73256&4&1013.2206735912262|73262&4&6750.970809108436|73268&4&2350.1750058319462
378|4,130,1,1,1,1,1,1,1,1,1,1,1,1,1,1,1,1,1,1,1,1,1,1,1,1,1,1,1,1,1,1,1,1,1,1,1,1,1,1,1,1,1,1,1,1,1,1,1,1,1,1,1,1,1,1,1,1,1,1,1,1,1,1,1,1,1,1,1,1,1,1,1,1,1,1,1,1,1,1,1,1,1,1,1,1,1,1,1,1,1,1,1,1,1,1,1,1,1,1,1,1,0,0,0,0,0,0,0,0,0,0,0,0,0,0,0,0,0,0,0,0,2|73190&4&1182.3698033454384|73193&4&600.988423589426|73194&4&779.5912580489371|73195&4&1278.7867404205174|73204&4&4378.772420429334|73206&4&862.732919718538|73213&4&259.6860526723854|73218&4&2441.4517454340403|73228&4&1806.7079640222235|73235&4&2512.280973549342|73239&4&4487.327244703325|73240&4&2250.5543287742703|73257&4&2715.5673801692346|73264&4&0.0|73266&4&40.37548858899068|73277&4&30.78100191025131|73283&4&4136.726956897124,2|73196&4&94.79788663216499|73201&4&284.88615627177194|73203&4&5.485116888925803|73211&4&8646.959815219096|73214&4&103.52156029164838|73220&4&1820.9449874207899|73225&4&0.0|73226&4&38.449048238942666|73237&4&1754.367992107639|73238&4&3490.7359330425043|73240&4&6001.413209813583|73260&4&2947.2665424359257|73270&4&6698.412751057223|73271&4&555.408080489723|73273&4&751.7283590743364|73280&4&1957.9508387664814,2|73189&4&4457.478849667978|73201&4&3498.9340380715994|73209&4&3966.731714869915|73216&4&40.301977819305115|73219&4&0.0|73230&4&842.2413938103667|73231&4&799.7675118389271|73243&4&792.2508069242031|73248&4&662.7477925936565|73252&4&1496.8289369595916|73253&4&5596.676509109408|73262&4&535.803644717814|73274&4&11.090755539750276|73275&4&3295.516123145654,2|73192&4&638.7553595350174|73199&4&1469.5627961056728|73209&4&4039.4225170412446|73221&4&845.5730024281513|73222&4&5446.570919885692|73230&4&1065.1609036764603|73253&4&1496.3546261953475|73263&4&1109.371621697178|73267&4&0.0|73268&4&38.58380967830097|73276&4&3870.3274138155193,2|73191&4&168.5940089342569|73200&4&1641.6281411961947|73213&4&45.72057781540628|73215&4&3942.30269472038|73217&4&321.31443238323425|73238&4&415.0242752699084|73244&4&3732.527212970138|73245&4&4556.388891189438|73249&4&4271.967846993001|73255&4&3700.0360127309596|73258&4&6601.847777518131|73268&4&422.7679986223782|73278&4&4229.511902834867,2|73195&4&954.3348655429604|73206&4&87.52992117920189|73210&4&1543.8692520058387|73212&4&1289.742661383485|73238&4&2853.556259901223|73266&4&2016.8009147494713|73268&4&2128.6550705464133|73288&4&1923.3731970353651,2|73196&4&5542.232793957472|73218&4&32.671515421787106|73224&4&692.0526018622277|73227&4&9.950210849272306|73236&4&2457.322654816484|73261&4&2414.6440395733803|73288&4&974.3531021686999,2|73207&4&3500.628711437548|73213&4&2485.5532410239066|73215&4&338.63050412585244|73220&4&-9.237055564881302E-14|73221&4&6764.176262022385|73228&4&5525.018610057552|73232&4&3423.4906759961473|73236&4&2832.1634164789257|73242&4&3712.6102799767345|73248&4&204.14996625178173|73254&4&225.41701474882723|73263&4&5595.795660934193|73271&4&743.9598569451614|73275&4&862.0205097225339|73282&4&4294.95864201108|73287&4&131.48935145934763,2|73190&4&8.522092487812003|73195&4&31.88661070950615|73208&4&5281.698726693218|73223&4&4113.713212005979|73233&4&2251.2946653559934|73237&4&4485.834365158362|73253&4&32.046801328358|73257&4&3008.5058916105163|73269&4&1120.327617334105|73279&4&0.0|73285&4&1000.4747761915048|73286&4&3767.051679282205|73288&4&183.32760288534038,2|73196&4&1152.2310955627365|73197&4&114.9431751336242|73198&4&349.42079091389706|73207&4&539.9707479790982|73214&4&1026.482212531911|73217&4&4409.574516521001|73241&4&478.5721730873729|73256&4&1254.3146272032686|73262&4&7182.2427205681|73268&4&2214.626726987597
379|4,130,1,1,1,1,1,1,1,1,1,1,1,1,1,1,1,1,1,1,1,1,1,1,1,1,1,1,1,1,1,1,1,1,1,1,1,1,1,1,1,1,1,1,1,1,1,1,1,1,1,1,1,1,1,1,1,1,1,1,1,1,1,1,1,1,1,1,1,1,1,1,1,1,1,1,1,1,1,1,1,1,1,1,1,1,1,1,1,1,1,1,1,1,1,1,1,1,1,1,1,1,0,0,0,0,0,0,0,0,0,0,0,0,0,0,0,0,0,0,0,0,2|73190&4&1440.0008408576348|73193&4&511.42315734241225|73194&4&740.6116951464902|73195&4&1207.8192087350199|73204&4&4645.600209779368|73206&4&746.8735919056193|73213&4&189.45265685826902|73218&4&2762.7945383163715|73228&4&1505.6314870462843|73235&4&2673.1357531323947|73239&4&4100.034878744016|73240&4&2455.30918316073|73257&4&2955.0712373331967|73264&4&174.4167590704132|73266&4&20.187744294495282|73277&4&0.0|73283&4&4077.4242518645815,2|73196&4&85.31809796894848|73201&4&194.35385588699629|73203&4&4.875659456822936|73211&4&9357.288465373958|73214&4&26.81328100031716|73220&4&2125.189094684153|73226&4&36.31299000344585|73237&4&1404.7485269475387|73238&4&3478.538920704332|73240&4&5402.801651945048|73260&4&3127.529701816193|73270&4&6661.072857660966|73271&4&448.2340797069106|73273&4&1703.838104371242|73280&4&1807.2168467614197,2|73189&4&4438.139176409943|73201&4&3271.14853043661|73209&4&4115.450959709695|73216&4&0.0|73230&4&795.2114074774371|73231&4&720.7326797396562|73243&4&732.7026534914424|73248&4&624.8708721460031|73252&4&1697.9677496056643|73253&4&5972.795140349941|73262&4&358.67918463123567|73274&4&10.378425133876888|73275&4&3082.429805130972,2|73192&4&573.2319358332891|73199&4&1367.8035366998417|73209&4&3490.6025807842984|73221&4&674.1367178800342|73222&4&5280.891920565328|73230&4&953.8057063039878|73253&4&1248.1760775472794|73263&4&854.3034111228399|73267&4&6.752144243201315|73268&4&1.4581622910040197|73276&4&3541.0363976039434,2|73191&4&142.8456082674406|73200&4&0.0|73213&4&2.7000623958883807E-13|73215&4&3604.941687332664|73217&4&251.03972466126442|73238&4&303.9938590656702|73244&4&4555.6887388485375|73245&4&4469.5724218914775|73249&4&4517.902432083748|73255&4&3258.221937092476|73258&4&6062.7818995422585|73268&4&359.89738137327254|73278&4&3815.2961943230644,2|73195&4&848.8650547731503|73200&4&0.0|73206&4&115.05534389528614|73210&4&1389.488075091255|73212&4&2027.6128386954447|73238&4&2589.226576264041|73266&4&1836.3168008473317|73268&4&1925.2047021539759|73288&4&1736.7895293309416,2|73196&4&5728.3326217541635|73218&4&1.2789769243681803E-13|73224&4&655.6287807115841|73227&4&9.239481502895712|73236&4&2859.05013830272|73261&4&2172.8643588097166|73288&4&905.5008240765129,2|73207&4&3765.4490915253423|73213&4&3356.4537206292453|73215&4&1136.3029412656049|73221&4&6883.749551676901|73228&4&6286.136442782259|73232&4&3901.399594013751|73236&4&2465.670431841737|73242&4&3576.002899992343|73248&4&188.64895399633545|73254&4&449.53184146220076|73263&4&5583.568651668975|73271&4&1465.668035600738|73275&4&674.7123854314923|73282&4&4737.037611129176|73287&4&120.67332361290163,2|73190&4&-1.4210854715202004E-14|73195&4&12.900898173943046|73208&4&4761.122481935328|73219&4&0.0|73223&4&5476.263234036887|73233&4&2087.311254369232|73237&4&6021.607971707899|73253&4&0.0|73257&4&2594.5320645400966|73269&4&1037.8518444641868|73279&4&0.0|73285&4&1158.1249363143106|73286&4&3646.9625879202135|73288&4&129.37296868560583,2|73196&4&1002.1740304631835|73197&4&107.48877728674614|73198&4&0.0|73207&4&417.2044961456195|73214&4&1553.3976521128527|73217&4&4397.493118619819|73241&4&453.1253421970425|73256&4&1162.6934588266136|73262&4&7931.643128490771|73268&4&3262.789170375856
380|4,130,1,1,1,1,1,1,1,1,1,1,1,1,1,1,1,1,1,1,1,1,1,1,1,1,1,1,1,1,1,1,1,1,1,1,1,1,1,1,1,1,1,1,1,1,1,1,1,1,1,1,1,1,1,1,1,1,1,1,1,1,1,1,1,1,1,1,1,1,1,1,1,1,1,1,1,1,1,1,1,1,1,1,1,1,1,1,1,1,1,1,1,1,1,1,1,1,1,1,1,1,0,0,0,0,0,0,0,0,0,0,0,0,0,0,0,0,0,0,0,0,2|73190&4&2031.737369667318|73193&4&777.0366466604349|73194&4&701.6321322440433|73195&4&1264.1899142807904|73204&4&5633.562269477436|73206&4&631.0142640927004|73213&4&119.21926104415265|73218&4&2798.804491741621|73228&4&1268.701146104518|73235&4&2964.5607076280594|73239&4&3799.4088998772154|73240&4&3089.4193030709307|73255&4&388.1461754620191|73257&4&3674.4468936873154|73264&4&524.9476746367196|73266&4&-1.1368683772161603E-13|73283&4&4272.808975327721,2|73196&4&75.83830930573197|73201&4&103.82155550222066|73203&4&4.2662020247200685|73211&4&10158.069674986624|73214&4&0.9304008518265152|73220&4&2381.568729385392|73226&4&74.25117808757533|73237&4&1157.2747738284547|73238&4&4038.1688558391834|73240&4&4835.271386907941|73260&4&2858.289022354671|73270&4&7726.247622211926|73271&4&371.83507985195854|73273&4&1616.5709028469464|73280&4&2095.9038624928326,2|73189&4&4089.5049467837594|73201&4&3467.2434861022266|73209&4&5574.679695235238|73230&4&1244.423237969283|73231&4&641.6978476403854|73243&4&673.154500058682|73248&4&586.9939516983495|73252&4&1514.0527583981045|73253&4&6934.595179165967|73262&4&195.76165731816297|73274&4&9.666094728003497|73275&4&2869.34348711629,2|73192&4&507.70851213156067|73199&4&1266.0442772940105|73209&4&2941.782644527351|73214&4&907.3246363157053|73221&4&502.70043333191734|73222&4&4848.329863740169|73230&4&842.450508931515|73253&4&999.9975288992116|73263&4&620.2629651894804|73267&4&6.414537031041249|73268&4&1.021405182655144E-14|73276&4&3351.762459348421,2|73191&4&117.09720760062433|73215&4&3283.9030562103885|73217&4&196.54680312610805|73238&4&192.96344286143216|73244&4&4996.336310551544|73245&4&5754.136410824544|73249&4&4270.861881454497|73255&4&2816.4078614539912|73258&4&5527.562786506669|73268&4&297.02676412416696|73278&4&3403.1241113360516,2|73195&4&743.3952440033402|73200&4&1589.9234265530679|73206&4&109.08375189757382|73210&4&1462.3389340125575|73212&4&2407.9854349468565|73238&4&2324.8968926268594|73266&4&1655.832686945192|73268&4&1721.7543337615382|73288&4&1550.2058616265178,2|73196&4&5350.089367874865|73224&4&619.2049595609406|73227&4&8.528752156519118|73236&4&3991.6420653434325|73261&4&1931.0846780460536|73288&4&1602.406318984699,2|73207&4&3995.3396357948404|73213&4&3878.6380790347857|73215&4&1402.8899837398274|73221&4&6726.150529992217|73228&4&6120.0701320475155|73232&4&4007.9304100944387|73236&4&2135.1339486841543|73242&4&3178.4958897596744|73246&4&388.8530959746704|73248&4&173.14794174088917|73254&4&0.0|73263&4&5458.204300279096|73266&4&432.28594095924893|73271&4&1558.8063562514794|73275&4&502.3880696620635|73282&4&5582.992595776112|73287&4&109.85729576645562,2|73195&4&6.176804134056261|73208&4&5600.965338195565|73223&4&5644.103989629475|73233&4&1923.3278433824703|73237&4&6924.731398288806|73257&4&2227.35128547612|73269&4&955.3760715942686|73285&4&1141.3513527967598|73286&4&3666.3136434484545|73288&4&75.41833448587127,2|73196&4&852.1169653636304|73197&4&100.03437943986809|73207&4&326.5715275844013|73214&4&1446.3630153004474|73217&4&4034.724826120199|73241&4&427.67851130671215|73256&4&1071.0722904499582|73262&4&9315.182661144552|73268&4&3677.2755824138485
381|4,130,1,1,1,1,1,1,1,1,1,1,1,1,1,1,1,1,1,1,1,1,1,1,1,1,1,1,1,1,1,1,1,1,1,1,1,1,1,1,1,1,1,1,1,1,1,1,1,1,1,1,1,1,1,1,1,1,1,1,1,1,1,1,1,1,1,1,1,1,1,1,1,1,1,1,1,1,1,1,1,1,1,1,1,1,1,1,1,1,1,1,1,1,1,1,1,1,1,1,1,1,0,0,0,0,0,0,0,0,0,0,0,0,0,0,0,0,0,0,0,0,2|73190&4&1961.1628129944693|73193&4&680.1400806734482|73194&4&662.6525693415964|73195&4&1368.5126442485696|73204&4&5365.313519444435|73206&4&515.1549362797819|73213&4&72.51459702439969|73218&4&3197.001605286765|73228&4&1034.4277531561277|73235&4&2723.2355941083097|73239&4&4268.025919006682|73240&4&2916.95334797424|73255&4&1345.8243161303546|73257&4&3885.802730687373|73264&4&498.26424900720764|73277&4&29.307311799202985|73283&4&4738.323728402534,2|73196&4&66.35852064251546|73201&4&30.1203463403843|73203&4&3.6567445926172018|73211&4&10010.34069750179|73214&4&-6.8833827526759706E-15|73220&4&2530.7484079244414|73225&4&151.28090915178606|73226&4&70.11140753609719|73237&4&976.6511448152796|73238&4&4455.173425219189|73240&4&4297.300158248777|73260&4&2738.93235806278|73270&4&8445.07231839425|73271&4&295.4360799970063|73273&4&1529.3037013226508|73280&4&1941.3985789090991,2|73189&4&3740.870717157575|73201&4&4140.74629791435|73209&4&5239.965484927717|73216&4&72.48262468741588|73230&4&1240.2855489319663|73231&4&562.6630155411144|73243&4&613.6063466259213|73248&4&549.1170312506961|73252&4&1330.137767190544|73253&4&7049.696886129078|73262&4&90.12833182918264|73274&4&8.953764322130109|73275&4&3161.0778849645785,2|73192&4&442.18508842983226|73199&4&1164.2850178881795|73209&4&2443.3025694914377|73214&4&861.9584044999201|73221&4&370.2436036386806|73222&4&4407.620043518681|73230&4&734.6827394751627|73253&4&816.918013302882|73263&4&453.4960868230925|73267&4&139.59146488151174|73276&4&3057.9222746912465,2|73191&4&91.34880693380806|73193&4&857.8200604691415|73215&4&2981.3257895574225|73217&4&144.93754765422185|73238&4&81.9330266571941|73244&4&4595.620742950773|73245&4&5673.457753786644|73249&4&3996.430323535339|73255&4&2414.1578311304484|73258&4&4994.969105766494|73268&4&234.15614687506138|73278&4&3665.353096785452,2|73195&4&637.9254332335302|73200&4&1591.5040987530942|73206&4&103.11215989986151|73210&4&2173.6545047144928|73212&4&2504.991669003488|73238&4&2060.567208989678|73266&4&1475.3485730430525|73268&4&1518.3039653691005|73288&4&1363.6221939220943,2|73196&4&5003.002327558436|73224&4&582.781138410297|73227&4&7.818022810142525|73236&4&4560.806483577564|73261&4&1834.9473977464797|73280&4&233.4824116288321|73288&4&2455.4609971438576,2|73207&4&3660.5048815347996|73213&4&3536.1038981890174|73215&4&1329.0158221263418|73221&4&6191.294026767101|73228&4&5725.134620673003|73232&4&3713.206749186259|73236&4&1879.9872276065819|73242&4&3330.721973527881|73246&4&369.41044117593685|73248&4&157.6469294854429|73263&4&5188.488519415853|73266&4&410.6716439112865|73271&4&2126.7826352090387|73275&4&330.06375389263474|73282&4&6449.745934298695|73287&4&99.04126792000963,2|73195&4&-3.730349362740526E-14|73208&4&6581.403005413555|73219&4&105.5240956852639|73223&4&5824.377808469493|73233&4&1759.3444323957094|73237&4&6531.136170497297|73257&4&1910.6607408975215|73269&4&872.9002987243505|73285&4&1298.6288438830748|73286&4&3404.7313641236697|73288&4&44.7264144969205,2|73196&4&702.0599002640772|73197&4&92.57998159299004|73207&4&253.5071916608416|73214&4&1339.3283784880423|73217&4&3671.9565336205796|73241&4&402.2316804163818|73256&4&979.4511220733029|73262&4&9519.254325131435|73268&4&3452.0807561081697
382|4,130,1,1,1,1,1,1,1,1,1,1,1,1,1,1,1,1,1,1,1,1,1,1,1,1,1,1,1,1,1,1,1,1,1,1,1,1,1,1,1,1,1,1,1,1,1,1,1,1,1,1,1,1,1,1,1,1,1,1,1,1,1,1,1,1,1,1,1,1,1,1,1,1,1,1,1,1,1,1,1,1,1,1,1,1,1,1,1,1,1,1,1,1,1,1,1,1,1,1,1,1,0,0,0,0,0,0,0,0,0,0,0,0,0,0,0,0,0,0,0,0,2|73190&4&1822.0802406886123|73193&4&608.54950088036|73194&4&623.6730064391495|73195&4&1282.0953420257667|73204&4&5168.590849535612|73206&4&0.0|73213&4&36.25729851219993|73218&4&2938.392784100425|73228&4&800.1543602077372|73235&4&2494.35148028366|73239&4&5023.193187610317|73240&4&3545.5386244507927|73255&4&2652.7791231733754|73257&4&4883.95951045317|73264&4&471.58082337769565|73277&4&27.841946209242835|73283&4&5146.16371871973,2|73196&4&56.878731979298955|73201&4&0.0|73203&4&3.047287160514335|73211&4&10265.68135130007|73220&4&2485.700384352908|73225&4&143.71686369419675|73226&4&65.97163698461905|73237&4&811.4438732132064|73238&4&5213.269652205486|73240&4&3759.3289295896107|73260&4&2493.8505979731553|73270&4&10146.179814472482|73271&4&236.29379110737818|73272&4&85.38474678111201|73273&4&1598.9716370261015|73280&4&1794.2077447081006,2|73189&4&3699.2980843031664|73201&4&3912.6737641329273|73209&4&4905.2512746201955|73216&4&68.85849345304509|73230&4&1165.0582523509552|73231&4&483.6281834418436|73243&4&554.0581931931607|73248&4&511.2401108030425|73252&4&1146.222775982984|73253&4&6646.316581811908|73262&4&17.1992581409641|73274&4&8.24143391625672|73275&4&4071.4545240817906,2|73192&4&376.6616647281039|73199&4&1062.5257584823485|73209&4&1944.8224944555254|73214&4&816.5921726841349|73221&4&254.63156715013122|73222&4&4691.215684408275|73229&4&289.64290255542494|73230&4&635.2261450585308|73253&4&661.2277795766009|73260&4&604.8499212022807|73263&4&327.0858232629863|73267&4&132.57813091622015|73276&4&2728.8831624628656,2|73191&4&65.6004062669918|73193&4&814.9290574456844|73215&4&2678.7485229044573|73217&4&93.32829218233566|73238&4&-2.5579538487363607E-13|73244&4&4196.291807022219|73245&4&5174.959503450704|73249&4&3700.335505523498|73255&4&2049.9228061288577|73258&4&4633.4101512124|73268&4&171.28552962595577|73278&4&4166.9995043338895,2|73195&4&532.45562246372|73200&4&1629.0945102246073|73206&4&0.0|73210&4&2088.856103688622|73212&4&2317.0332140345645|73238&4&1796.237525352496|73266&4&1294.864459140913|73268&4&1314.853596976663|73288&4&1177.0385262176708,2|73196&4&4655.915287242008|73224&4&546.3573172596534|73227&4&7.107293463765931|73236&4&4286.571156273243|73247&4&5.0391300907484355|73261&4&2608.560819201915|73280&4&221.8082910473905|73288&4&2300.311088156584,2|73207&4&3325.6701272747596|73213&4&3193.56971734325|73215&4&1255.1416605128559|73221&4&6048.279944523589|73228&4&5330.19910929849|73232&4&3554.349997968864|73236&4&1646.1457838846113|73242&4&3484.939249830472|73246&4&419.0844677446114|73248&4&142.14591722999666|73254&4&470.23383618194015|73263&4&4733.4801027257145|73266&4&389.057346863324|73271&4&1983.2655000373602|73275&4&169.06709388336475|73282&4&6297.672551803917|73287&4&88.22524007356363,2|73208&4&6242.19793137934|73219&4&121.58839559186127|73223&4&5417.327415680446|73233&4&1617.7632317715581|73237&4&6509.839927777918|73257&4&1593.9701963189227|73269&4&790.4245258544321|73285&4&1162.8938141692706|73286&4&3143.149084798883|73288&4&29.817609664613748,2|73196&4&552.0028351645242|73197&4&0.0|73207&4&180.44285573728195|73214&4&1232.293741675637|73217&4&3309.1882411209594|73241&4&376.7848495260514|73256&4&887.8299536966477|73262&4&9785.994486678635|73268&4&3226.885929802492
383|4,130,1,1,1,1,1,1,1,1,1,1,1,1,1,1,1,1,1,1,1,1,1,1,1,1,1,1,1,1,1,1,1,1,1,1,1,1,1,1,1,1,1,1,1,1,1,1,1,1,1,1,1,1,1,1,1,1,1,1,1,1,1,1,1,1,1,1,1,1,1,1,1,1,1,1,1,1,1,1,1,1,1,1,1,1,1,1,1,1,1,1,1,1,1,1,1,1,1,1,1,1,0,0,0,0,0,0,0,0,0,0,0,0,0,0,0,0,0,0,0,0,2|73190&4&2104.0693702590615|73193&4&536.9589210872716|73194&4&584.6934435367026|73195&4&1487.0518412469244|73204&4&4868.29038339118|73213&4&2.4158453015843406E-13|73218&4&2683.4658333611897|73228&4&573.7321595395426|73235&4&2265.46736645901|73239&4&5261.194674648791|73240&4&3902.4477173815753|73250&4&54.949891153637346|73255&4&3653.232648592305|73257&4&5688.0910063387855|73264&4&444.8973977481836|73277&4&26.376580619282684|73283&4&4786.150320559404,2|73196&4&47.39894331608245|73203&4&2.4378297284114683|73211&4&9521.575132112888|73220&4&2456.9855659341197|73225&4&0.0|73226&4&72.48459954136717|73237&4&667.6077584506709|73238&4&5344.878984357898|73240&4&3260.8533117553857|73260&4&2276.635248014404|73270&4&10612.148170465432|73271&4&186.49137282789866|73272&4&81.1155094420564|73273&4&1503.8576786404185|73280&4&1647.0169105071027,2|73189&4&3544.2740074110625|73201&4&4106.811138114288|73209&4&6800.091917695565|73216&4&65.23436221867429|73230&4&1089.830955769944|73231&4&895.6630597374476|73243&4&636.1583378783439|73248&4&600.1635845205938|73252&4&1880.8115434741003|73253&4&6574.227933169013|73262&4&-1.2079226507921703E-13|73274&4&7.5291035103833295|73275&4&4561.248303417356,2|73192&4&668.1055235945146|73199&4&960.7664990765172|73209&4&1446.3424194196127|73214&4&771.2259408683497|73221&4&153.81451175025163|73222&4&4529.088895565028|73229&4&0.0|73230&4&535.9909124640028|73253&4&512.5702951145325|73260&4&677.8196525399051|73263&4&200.6755597028801|73267&4&125.56479695092855|73276&4&2399.844050234484,2|73191&4&642.4958245072083|73193&4&772.0380544222273|73210&4&142.61439457704716|73215&4&2381.207547209295|73217&4&41.71903671044949|73244&4&3796.962871093664|73245&4&5440.2990178410655|73249&4&3377.6858690083695|73255&4&1764.568329118694|73258&4&5512.059480973592|73268&4&108.41491237685018|73278&4&5486.038522513573,2|73195&4&426.9858116939099|73200&4&1539.4874754717923|73210&4&1932.3962763120528|73212&4&2129.074759065641|73213&4&416.6220384892317|73238&4&1531.9078417153144|73266&4&1114.380345238773|73268&4&1111.4032285842254|73281&4&58.9018644164655|73288&4&990.4548585132471,2|73196&4&4313.719278986752|73224&4&509.93349610900987|73227&4&6.396564117389337|73236&4&4012.335828968922|73247&4&4.787173586211014|73261&4&2886.0923955905087|73280&4&210.1341704659489|73288&4&2145.16117916931,2|73207&4&2990.8353730147196|73213&4&2851.035536497481|73215&4&1181.26749889937|73221&4&6231.068337933022|73228&4&5331.575672753316|73232&4&4157.319881359286|73236&4&1412.3043401626412|73242&4&3700.376598227368|73246&4&482.2802808036301|73248&4&126.64490497455037|73254&4&446.72214437284316|73263&4&4911.629800531919|73266&4&586.1404662068055|73271&4&1839.7483648656817|73275&4&74.64448713668641|73282&4&6069.5849107585045|73287&4&80.44759421071569,2|73208&4&6723.924262532719|73218&4&225.66346836251546|73219&4&115.42544399743356|73223&4&5115.702151893805|73233&4&1452.6597102666665|73237&4&6490.741728221363|73257&4&1333.113153384055|73269&4&709.2777996859759|73285&4&1132.1523985197741|73286&4&2884.175320400104|73288&4&14.908804832306886,2|73196&4&401.9457700649711|73205&4&38.11368543459528|73207&4&107.37851981372228|73214&4&1125.2591048632319|73217&4&2946.4199486213397|73241&4&351.3380186357211|73256&4&796.2087853199926|73262&4&9553.071710326682|73268&4&3001.691103496813
384|4,130,1,1,1,1,1,1,1,1,1,1,1,1,1,1,1,1,1,1,1,1,1,1,1,1,1,1,1,1,1,1,1,1,1,1,1,1,1,1,1,1,1,1,1,1,1,1,1,1,1,1,1,1,1,1,1,1,1,1,1,1,1,1,1,1,1,1,1,1,1,1,1,1,1,1,1,1,1,1,1,1,1,1,1,1,1,1,1,1,1,1,1,1,1,1,1,1,1,1,1,1,0,0,0,0,0,0,0,0,0,0,0,0,0,0,0,0,0,0,0,0,2|73190&4&1957.6826612588059|73193&4&466.8036891404269|73194&4&545.7138806342557|73195&4&1386.0658489519233|73204&4&4422.281217600404|73218&4&2446.6824670045685|73228&4&369.7197356200229|73235&4&2036.5832526343604|73239&4&4869.3556739216665|73240&4&3780.7553573083774|73250&4&52.20239659595548|73255&4&3850.4716932130004|73257&4&5339.647113308623|73264&4&418.21397211867156|73277&4&24.911215029322534|73283&4&4397.902296001897,2|73196&4&37.91915465286595|73203&4&1.8283722963086015|73211&4&9498.670398019503|73220&4&2263.576241045848|73226&4&67.81219233447773|73237&4&523.7716436881352|73238&4&5356.278225541724|73240&4&2797.12138767887|73260&4&2059.4198980556534|73270&4&9814.694806711821|73271&4&136.688954548419|73272&4&0.0|73273&4&1408.7437202547358|73280&4&1499.8260763061044,2|73189&4&3171.571582860054|73201&4&4269.726089508707|73209&4&8509.828042740131|73216&4&0.0|73230&4&1014.6036591889332|73231&4&1348.978105007829|73243&4&569.5277695396861|73248&4&555.94664436468|73252&4&2448.502410151473|73253&4&6787.996588222242|73274&4&6.81677310450994|73275&4&4566.096143186888,2|73192&4&590.8963221596005|73199&4&864.5190751043837|73209&4&1012.897316846434|73214&4&725.8597090525644|73221&4&52.99745635037199|73222&4&5386.78345604992|73230&4&449.12399380555695|73253&4&399.8988782606292|73260&4&828.525150802232|73263&4&74.26529614277389|73267&4&118.55146298563696|73276&4&2070.8049380061025,2|73191&4&750.6903592403694|73193&4&729.1470513987703|73210&4&539.8733739299685|73215&4&2089.423982151614|73217&4&2.7000623958883807E-13|73218&4&468.82500218504515|73244&4&3408.1177187919016|73245&4&5808.840857374247|73249&4&3373.7541490040608|73255&4&1524.0027406850859|73258&4&5747.573418553952|73268&4&45.5442951277446|73278&4&5501.113968421556,2|73195&4&329.9137368448317|73200&4&1449.8804407189773|73206&4&390.2108698200553|73208&4&256.681259427286|73210&4&1781.2385535080734|73212&4&1949.8122012066456|73213&4&1434.9850867062846|73238&4&1298.3225660165783|73266&4&951.0121323893673|73268&4&907.952860191788|73281&4&55.956771195642226|73288&4&803.8711908088235,2|73196&4&3974.6404333277715|73224&4&473.5096749583663|73227&4&5.685834771012743|73236&4&3883.3933604554127|73247&4&4.535217081673593|73261&4&2666.2471257091643|73280&4&198.4600498845073|73288&4&2072.445384315039,2|73207&4&3441.898099960911|73213&4&2508.5013556517133|73215&4&1107.3933372858842|73221&4&6360.741649563974|73228&4&5863.156512461965|73232&4&3827.8580337300687|73236&4&1189.445862657219|73242&4&4321.566761970907|73246&4&655.7399869864239|73248&4&111.14389271910409|73254&4&423.2104525637462|73263&4&6510.546299186091|73266&4&1135.6541258228044|73271&4&1696.2312296940029|73275&4&29.918186118804595|73282&4&5557.493606857011|73287&4&170.7336523353439,2|73208&4&6107.636939043226|73218&4&214.38029494438968|73219&4&109.0732000574084|73223&4&4851.529983202279|73233&4&1287.5561887617748|73237&4&6042.358419492915|73257&4&1138.617874117763|73269&4&0.0|73285&4&991.8308511369203|73286&4&2625.201556001324|73288&4&2.4868995751603507E-14,2|73196&4&251.88870496541804|73205&4&36.20800116286552|73207&4&34.31418389016259|73214&4&1018.2285457831222|73217&4&3133.846833402182|73241&4&325.8911877453907|73256&4&704.5876169433374|73262&4&9426.772050128595|73268&4&2776.496277191135
385|4,130,1,1,1,1,1,1,1,1,1,1,1,1,1,1,1,1,1,1,1,1,1,1,1,1,1,1,1,1,1,1,1,1,1,1,1,1,1,1,1,1,1,1,1,1,1,1,1,1,1,1,1,1,1,1,1,1,1,1,1,1,1,1,1,1,1,1,1,1,1,1,1,1,1,1,1,1,1,1,1,1,1,1,1,1,1,1,1,1,1,1,1,1,1,1,1,1,1,1,1,1,0,0,0,0,0,0,0,0,0,0,0,0,0,0,0,0,0,0,0,0,2|73190&4&1811.2959522585502|73193&4&396.6484571935821|73194&4&506.73431773180886|73195&4&1798.941825707161|73204&4&4004.912039849453|73218&4&2241.26107989639|73228&4&234.37024939146988|73235&4&1807.6991388097103|73239&4&4437.799243554326|73240&4&4173.986256872096|73250&4&49.45490203827361|73255&4&3740.7992740000464|73257&4&4991.203220278459|73264&4&391.5305464891596|73277&4&23.445849439362384|73283&4&4009.6542714443904,2|73196&4&28.439365989649446|73203&4&0.0|73211&4&9728.725382124827|73220&4&2070.1669161575765|73226&4&63.139785127588276|73237&4&379.93552892559967|73238&4&6083.235937545339|73240&4&2333.389463602354|73260&4&1845.9788079024156|73270&4&9017.24144295821|73271&4&86.88653626893934|73273&4&1313.6297618690528|73280&4&1352.6352421051063,2|73189&4&2818.1897891304034|73201&4&4892.619539621255|73209&4&9888.596800175614|73216&4&70.68927628506789|73230&4&939.3763626079221|73231&4&1525.7357948488627|73243&4&502.89720120102834|73248&4&511.7297042087663|73252&4&2837.468033956659|73253&4&6309.6237129828805|73274&4&6.10444269863655|73275&4&4924.470967529429,2|73192&4&513.6871207246863|73199&4&762.4842239268677|73209&4&662.6481448909689|73214&4&680.4934772367792|73221&4&0.0|73222&4&6094.53574167499|73228&4&128.9876996835019|73230&4&362.2570751471112|73253&4&287.2274614067259|73260&4&891.3181719798256|73262&4&792.9896099914135|73263&4&3.410605131648481E-13|73267&4&111.53812902034537|73276&4&1741.7658257777202,2|73191&4&721.1781344042207|73193&4&686.2560483753132|73210&4&704.203245061457|73215&4&1797.6404170939331|73218&4&445.38375207579287|73244&4&3030.5079620455062|73245&4&5490.052963406433|73249&4&4143.371499877664|73253&4&425.4763992419853|73255&4&1302.907307950889|73258&4&5853.243186599427|73268&4&0.0|73278&4&5109.989434004485,2|73195&4&232.84166199575347|73200&4&1360.2734059661623|73206&4&1028.6490483242085|73208&4&1225.8393767032017|73210&4&1646.016737912199|73212&4&1770.5496433476508|73213&4&3034.671540459857|73238&4&1064.737290317842|73266&4&811.9570165995578|73268&4&704.5024917993503|73281&4&53.01167797481895|73288&4&617.2875231043998,2|73196&4&4492.06121721286|73224&4&836.521313365799|73227&4&4.9751054246361495|73236&4&4160.795886915387|73247&4&4.283260577136171|73261&4&2446.4018558278203|73280&4&244.61842789736386|73288&4&2839.208658275209,2|73207&4&3981.494744843828|73213&4&2217.1130275493288|73215&4&1033.5191756723984|73221&4&6694.4762189187|73228&4&5401.088799604754|73232&4&3499.0752462190876|73236&4&979.7186015472748|73242&4&4342.6908495582165|73246&4&712.4733263662571|73248&4&95.6428804636578|73254&4&399.6987607546492|73263&4&8013.487929393914|73266&4&1896.1777095997545|73271&4&1907.4363400742702|73275&4&-2.1316282072803006E-14|73282&4&5046.945623913049|73287&4&307.4967330720739,2|73208&4&5526.077516332175|73218&4&203.0971215262639|73219&4&102.72095611738325|73223&4&4803.703151765865|73233&4&1122.452667256883|73237&4&6419.862471613003|73257&4&944.1225948514709|73285&4&1138.150504150596|73286&4&2366.2277916025446,2|73196&4&101.83163986586499|73205&4&71.13537012698046|73207&4&-2.4158453015843406E-13|73214&4&911.1979867030127|73217&4&3339.816616093588|73241&4&300.44435685506033|73256&4&1117.0328087613289|73262&4&8577.99010597682|73268&4&3003.8922254514687
386|4,130,1,1,1,1,1,1,1,1,1,1,1,1,1,1,1,1,1,1,1,1,1,1,1,1,1,1,1,1,1,1,1,1,1,1,1,1,1,1,1,1,1,1,1,1,1,1,1,1,1,1,1,1,1,1,1,1,1,1,1,1,1,1,1,1,1,1,1,1,1,1,1,1,1,1,1,1,1,1,1,1,1,1,1,1,1,1,1,1,1,1,1,1,1,1,1,1,1,1,1,1,0,0,0,0,0,0,0,0,0,0,0,0,0,0,0,0,0,0,0,0,2|73190&4&1664.9092432582947|73193&4&331.27041456399155|73194&4&467.754754829362|73195&4&2292.3779004562602|73204&4&3589.7047178677835|73218&4&2045.3520287612746|73228&4&127.55630041278076|73235&4&1578.8150249850607|73239&4&4006.2428131869847|73240&4&3895.022199183639|73250&4&0.0|73255&4&4182.744121904515|73257&4&4642.759327248295|73264&4&364.8471208596476|73277&4&110.39790921275112|73283&4&3621.4062468868838,2|73196&4&18.959577326432942|73211&4&9876.030035269661|73220&4&2323.4067496069347|73225&4&245.1129298417028|73226&4&58.46737792069884|73237&4&244.40540401731116|73238&4&6342.814135785606|73240&4&1872.3015937689381|73260&4&1633.0083392462188|73270&4&8264.112042709434|73271&4&37.0841179894597|73272&4&72.47704223617373|73273&4&1218.5158034833698|73280&4&1205.4444079041082,2|73189&4&3355.223012412387|73201&4&4485.614993179375|73202&4&44.279871087889305|73209&4&10926.655112673216|73216&4&67.15481247081449|73230&4&1167.226371176841|73231&4&2927.759028814805|73243&4&440.84317764768673|73248&4&467.5127640528525|73252&4&2947.6075537812703|73253&4&5831.250837743519|73274&4&5.39211229276316|73275&4&4536.915706696245,2|73192&4&436.4779192897721|73199&4&660.4493727493516|73209&4&370.76737515010313|73214&4&635.127245420994|73222&4&6262.945312773078|73228&4&1127.074129973771|73230&4&275.3901564886655|73253&4&194.79061554341092|73260&4&841.2345563205976|73262&4&899.5157389880517|73267&4&104.52479505505377|73276&4&1978.749204022438,2|73191&4&697.4497283200074|73193&4&653.6625764242016|73210&4&667.2690365877944|73215&4&1507.3468974928896|73218&4&421.9425019665406|73244&4&2661.5681295515733|73245&4&4954.696206905671|73249&4&4531.991697988789|73253&4&1239.4538457852643|73255&4&1090.1425590741628|73258&4&5374.298070150838|73278&4&5398.917220910003,2|73195&4&154.33397262586874|73200&4&1270.6663712133477|73206&4&976.241068733448|73208&4&1163.9057047194733|73210&4&1512.596005617149|73212&4&1703.1643078301136|73213&4&3740.4217627311336|73238&4&868.652453499356|73244&4&150.5793916486923|73266&4&695.7020702586713|73268&4&501.05212340691276|73281&4&50.06658475399568|73288&4&458.8230013581982,2|73196&4&4914.362970002905|73224&4&0.0|73227&4&4.264376078259556|73236&4&4278.312313534167|73247&4&4.03130407259875|73261&4&2226.556585946476|73280&4&240.9050894124135|73288&4&2993.4900953651695,2|73207&4&4381.735183568765|73213&4&1956.9236307252647|73215&4&959.6450140589127|73221&4&6772.109157334196|73228&4&4939.021086747543|73232&4&3174.694551277782|73236&4&794.5129786507584|73240&4&1751.3762005258063|73242&4&4380.3791999406485|73246&4&1494.2692923644706|73248&4&80.14186820821153|73254&4&376.1870689455522|73263&4&8283.294982936828|73266&4&1846.4086951346524|73271&4&2267.4401547203647|73282&4&4979.598812256871|73287&4&283.8263994761419,2|73208&4&4988.167893877242|73218&4&191.8139481081381|73219&4&96.3687121773581|73223&4&4409.179546995887|73233&4&957.349145751991|73237&4&6557.728264294363|73257&4&749.6273155851788|73259&4&14.836849588474816|73285&4&1872.598625685376|73286&4&2107.2540272037645,2|73196&4&8.242295734817162E-13|73197&4&190.79051087825235|73205&4&67.38803319345847|73214&4&804.167427622903|73217&4&3441.388299384683|73241&4&274.99752596473|73256&4&1745.4548331956532|73262&4&7799.815512462654|73268&4&4137.321876406192
387|4,130,1,1,1,1,1,1,1,1,1,1,1,1,1,1,1,1,1,1,1,1,1,1,1,1,1,1,1,1,1,1,1,1,1,1,1,1,1,1,1,1,1,1,1,1,1,1,1,1,1,1,1,1,1,1,1,1,1,1,1,1,1,1,1,1,1,1,1,1,1,1,1,1,1,1,1,1,1,1,1,1,1,1,1,1,1,1,1,1,1,1,1,1,1,1,1,1,1,1,1,1,0,0,0,0,0,0,0,0,0,0,0,0,0,0,0,0,0,0,0,0,2|73190&4&1518.5225342580393|73193&4&265.8923719344009|73194&4&428.77519192691517|73195&4&2352.696243393518|73204&4&3174.4973958861137|73218&4&1849.4429776261595|73228&4&46.68245529152036|73235&4&1533.7164160611749|73239&4&4059.190437705535|73240&4&3616.0581414951803|73255&4&4120.836607627329|73257&4&4294.315434218133|73264&4&338.16369523013554|73277&4&0.0|73283&4&4391.035911411802,2|73196&4&9.479788663216437|73211&4&9767.858422175872|73220&4&2270.4652101057277|73225&4&0.0|73226&4&53.79497071380939|73237&4&139.1032350160475|73238&4&6656.390639416988|73240&4&1469.5286791276362|73260&4&1430.4418108287182|73270&4&8115.106492232537|73271&4&9.96541232723573|73272&4&68.85319012436504|73273&4&1123.4018450976869|73280&4&1072.7905885238793,2|73189&4&2958.785300023737|73201&4&4083.4998634663452|73202&4&42.06587753349484|73209&4&11203.640199869431|73216&4&63.6203486565611|73230&4&1076.8452093383335|73231&4&3827.9669311288353|73243&4&378.78915409434507|73248&4&423.2958238969388|73252&4&2905.0568786213744|73253&4&5352.877962504155|73274&4&4.679781886889771|73275&4&4149.360445863062,2|73192&4&359.268717854858|73199&4&582.1664439845321|73209&4&170.90798054192254|73214&4&589.7610136052087|73222&4&6103.55441147399|73228&4&1927.5925665885395|73230&4&188.68050422699474|73253&4&121.32635758705649|73260&4&791.1509406613698|73262&4&1100.5082555145416|73267&4&97.51146108976218|73276&4&2631.704743221916,2|73191&4&656.2352472686268|73193&4&956.3573607588304|73210&4&630.3348281141318|73215&4&1222.955742121069|73218&4&430.0541381856477|73244&4&2321.7597167767162|73245&4&4695.403972406949|73249&4&4355.265786558634|73253&4&1176.417462497896|73255&4&926.0449838225892|73258&4&5357.100363910024|73278&4&5989.474194326578,2|73195&4&94.21282230275517|73200&4&1181.0593364605327|73206&4&923.8330891426874|73208&4&2061.1041122621|73210&4&1379.1752733220992|73212&4&2140.167867834538|73213&4&3728.1666753792515|73238&4&703.3289996657239|73244&4&1100.2239065496408|73266&4&582.0126638182761|73268&4&344.6976151849927|73271&4&447.43694345791823|73281&4&0.0|73288&4&321.74261406401246,2|73196&4&5471.525785368973|73227&4&3.5536467318829623|73236&4&3947.5191423702217|73247&4&3.7793475680613278|73261&4&2006.711316065132|73280&4&687.2309305951978|73288&4&3270.3847290536696,2|73207&4&3968.210642224012|73213&4&1735.3010392786646|73215&4&996.3153902364301|73221&4&6098.788611733538|73228&4&4476.953373890332|73232&4&2850.3138563364764|73236&4&616.6957097577637|73240&4&3313.466422571749|73242&4&5192.81552566411|73246&4&1438.2829207567336|73248&4&64.64085595276526|73254&4&352.6753771364552|73263&4&7821.921684816343|73266&4&1740.9979867706309|73271&4&2080.12405416632|73282&4&5075.4600603724675|73287&4&450.23673101724114,2|73208&4&4450.258271422309|73218&4&180.53077469001232|73219&4&90.01646823733296|73223&4&4021.4463230876836|73233&4&911.6931757507583|73237&4&6428.637753965286|73257&4&555.1320363188869|73259&4&14.095007109051075|73269&4&326.50291155618515|73285&4&2193.9062997917604|73286&4&2123.349586389351,2|73197&4&0.0|73205&4&0.0|73214&4&697.1368685427935|73217&4&3948.4365299775404|73241&4&249.55069507439964|73256&4&1636.3228686736034|73262&4&7036.876672218872|73268&4&4982.170144893278
388|4,130,1,1,1,1,1,1,1,1,1,1,1,1,1,1,1,1,1,1,1,1,1,1,1,1,1,1,1,1,1,1,1,1,1,1,1,1,1,1,1,1,1,1,1,1,1,1,1,1,1,1,1,1,1,1,1,1,1,1,1,1,1,1,1,1,1,1,1,1,1,1,1,1,1,1,1,1,1,1,1,1,1,1,1,1,1,1,1,1,1,1,1,1,1,1,1,1,1,1,1,1,0,0,0,0,0,0,0,0,0,0,0,0,0,0,0,0,0,0,0,0,2|73190&4&1372.1358252577838|73193&4&222.7130129354729|73194&4&389.7956290244683|73195&4&2283.4450503103703|73204&4&3222.7904412213948|73218&4&1653.5339264910444|73228&4&-2.984279490192421E-13|73235&4&1844.0383749575371|73239&4&4911.9024867787775|73240&4&3337.0940838067227|73255&4&4421.5897778514845|73257&4&3945.8715411879693|73264&4&311.4802696006235|73283&4&5046.619698668166,2|73196&4&-6.750155989720952E-14|73211&4&8814.343589412272|73220&4&2327.154544434964|73226&4&49.12256350691996|73237&4&50.25025803950771|73238&4&6155.698187982752|73240&4&1154.3828226964222|73260&4&1231.8056481330134|73270&4&8923.435474462616|73271&4&-6.750155989720952E-14|73272&4&65.22933801255635|73273&4&1028.287886712004|73280&4&942.1327030013324,2|73189&4&2562.3475876350863|73201&4&3692.1422100646123|73202&4&0.0|73209&4&11652.951120606815|73216&4&60.085884842307706|73230&4&986.4640474998258|73231&4&3615.4339389731167|73243&4&316.73513054100346|73248&4&379.0788837410251|73252&4&2789.114627067377|73253&4&4874.5050872647935|73274&4&3.967451481016382|73275&4&4020.0147743386265,2|73192&4&715.6742724788492|73199&4&861.2033107063387|73209&4&57.37537960654977|73214&4&544.3947817894235|73222&4&6912.989221711252|73228&4&2745.1728011978075|73230&4&123.46403708657579|73253&4&56.12664589821801|73260&4&1088.4161446916792|73262&4&1832.4367864435317|73267&4&90.49812712447059|73276&4&3685.147007918231,2|73191&4&615.0207662172462|73193&4&954.9617771355197|73210&4&593.4006196404694|73215&4&952.8559387746335|73218&4&405.03524375997745|73244&4&2004.1248461980485|73245&4&5214.331077615088|73249&4&4005.5769932826283|73253&4&1548.5345203060406|73255&4&774.595561726969|73258&4&5743.566637458148|73278&4&6437.061112673753,2|73195&4&59.00666002184881|73200&4&1091.4523017077177|73206&4&950.0945878189011|73208&4&2622.1464275185704|73210&4&1245.7545410270493|73212&4&2075.106059920569|73213&4&4269.202273508007|73238&4&550.6801666472617|73244&4&1400.1498607295478|73266&4&468.32325737788085|73268&4&251.67973413258866|73271&4&771.33536949977|73288&4&224.81808907638612,2|73196&4&6040.329900825041|73227&4&2.842917385506369|73236&4&3959.802735413722|73247&4&3.527391063523906|73261&4&1786.8660461837876|73280&4&1321.6062893933617|73288&4&3021.9795759061535,2|73207&4&4011.9903591297007|73213&4&1528.1324739238441|73215&4&1156.8984817249732|73221&4&5426.879419350028|73228&4&4014.8856610331195|73232&4&3035.1545288018733|73236&4&438.878440864769|73240&4&3946.3302397037205|73242&4&5967.9140652817605|73246&4&0.0|73248&4&49.13984369731898|73254&4&329.1636853273582|73263&4&7136.804484192707|73266&4&1723.046770699306|73271&4&1892.8079536122757|73282&4&5639.034527963648|73287&4&417.06236416445756,2|73208&4&3929.5586881760564|73211&4&1198.181344083332|73218&4&169.24760127188654|73219&4&83.6642242973078|73223&4&3633.71309917948|73233&4&740.6172766706835|73237&4&6960.520346905978|73257&4&393.24952031602265|73259&4&13.353164629627333|73269&4&310.1777659783759|73285&4&2053.084950950955|73286&4&2593.205268186725,2|73198&4&14.38524595350269|73214&4&597.656706194944|73217&4&4254.028457298553|73241&4&224.10386418406927|73256&4&1527.1909041515537|73262&4&6289.539138835058|73268&4&4607.196312343838
389|4,130,1,1,1,1,1,1,1,1,1,1,1,1,1,1,1,1,1,1,1,1,1,1,1,1,1,1,1,1,1,1,1,1,1,1,1,1,1,1,1,1,1,1,1,1,1,1,1,1,1,1,1,1,1,1,1,1,1,1,1,1,1,1,1,1,1,1,1,1,1,1,1,1,1,1,1,1,1,1,1,1,1,1,1,1,1,1,1,1,1,1,1,1,1,1,1,1,1,1,1,1,0,0,0,0,0,0,0,0,0,0,0,0,0,0,0,0,0,0,0,0,2|73190&4&1992.962554426623|73193&4&195.34831556076992|73194&4&350.8160661220215|73195&4&2728.227496241546|73204&4&2829.12719307474|73218&4&1457.6248753559294|73235&4&2626.4564041009476|73239&4&4957.840755564019|73240&4&3058.1300261182646|73255&4&4132.334625016247|73257&4&3597.427648157806|73264&4&284.7968439711115|73283&4&4607.166968608495,2|73211&4&7914.602369914681|73220&4&2142.0641813703114|73226&4&560.6365033993064|73237&4&-3.268496584496461E-13|73238&4&6748.2349923592965|73240&4&885.0740882478283|73260&4&1064.8342145539718|73270&4&8772.325038955845|73272&4&0.0|73273&4&0.0|73280&4&828.3542030400924,2|73189&4&2759.1889202821276|73201&4&3300.7845566628794|73209&4&11363.89314117254|73216&4&56.551421028054314|73230&4&0.0|73231&4&3402.900946817398|73243&4&254.68110698766182|73248&4&613.0704338032247|73252&4&2569.1163825307326|73253&4&4396.132212025432|73274&4&3.255121075142992|73275&4&3624.9881168170227,2|73192&4&1704.6400788657634|73199&4&953.2749431693696|73209&4&30.454055412596997|73214&4&499.02854997363823|73222&4&7187.331637153262|73228&4&3547.287116860658|73229&4&339.42865912322424|73230&4&0.0|73253&4&26.44279313413957|73260&4&1401.5094312329795|73262&4&3850.8222850522366|73267&4&83.48479315917899|73276&4&3567.6243949262616,2|73191&4&573.8062851658657|73193&4&891.2850979053927|73210&4&556.4664111668069|73215&4&682.7561354281981|73218&4&380.01634933430717|73244&4&1702.9042515059016|73245&4&6029.883565298824|73249&4&3655.8882000066196|73253&4&1654.7011527705024|73255&4&642.3664722124842|73258&4&5638.95689361509|73278&4&5990.765350697365,2|73195&4&24.79628276792097|73200&4&1001.8452669549026|73204&4&1053.0683649984387|73206&4&1401.658969163108|73208&4&3384.5783984578115|73210&4&1112.3338087319994|73212&4&1893.545860350761|73213&4&4204.621340119483|73238&4&398.0313336287994|73244&4&2227.373266412058|73251&4&186.3433293233762|73255&4&33.006780316279674|73256&4&132.94602588819725|73266&4&354.6338509374857|73268&4&174.68269027694907|73271&4&1392.3121290530114|73286&4&242.6057866915155|73288&4&127.89356408875955,2|73196&4&5839.878899183554|73227&4&2.1321880391297756|73236&4&4778.53770953833|73247&4&3.275434558986484|73261&4&1567.0207763024434|73280&4&1249.7984414279877|73288&4&3409.6526995250824,2|73207&4&4069.8376757225515|73213&4&1359.5116954026296|73215&4&1110.4057778882427|73221&4&4754.970226966519|73228&4&3552.817948175909|73232&4&3343.6871595585208|73236&4&276.4454905215746|73240&4&5007.141278867043|73242&4&6323.3999081626935|73248&4&33.63883144187271|73254&4&305.65199351826124|73263&4&6597.612978475487|73266&4&1779.2537028407078|73271&4&1705.4918530582313|73282&4&5238.700761689699|73287&4&454.97601436334526,2|73208&4&3408.859104929803|73211&4&3545.8059040300104|73218&4&157.96442785376075|73219&4&77.31198035728265|73223&4&3252.6522573645034|73233&4&1564.1868774666323|73237&4&7331.4835195343485|73257&4&235.53606232466225|73259&4&12.611322150203591|73269&4&293.8526204005666|73285&4&1917.7405057808307|73286&4&2343.199934297081,2|73198&4&13.665983655827555|73214&4&498.17654384709465|73217&4&3869.003425057479|73241&4&198.65703329373892|73256&4&1418.0589396295036|73262&4&5573.107603848079|73268&4&4232.222479794399
390|4,130,1,1,1,1,1,1,1,1,1,1,1,1,1,1,1,1,1,1,1,1,1,1,1,1,1,1,1,1,1,1,1,1,1,1,1,1,1,1,1,1,1,1,1,1,1,1,1,1,1,1,1,1,1,1,1,1,1,1,1,1,1,1,1,1,1,1,1,1,1,1,1,1,1,1,1,1,1,1,1,1,1,1,1,1,1,1,1,1,1,1,1,1,1,1,1,1,1,1,1,1,0,0,0,0,0,0,0,0,0,0,0,0,0,0,0,0,0,0,0,0,2|73190&4&1829.939557014944|73193&4&177.58937778251817|73194&4&311.83650321957464|73195&4&2622.0756656403373|73204&4&2487.640380811189|73218&4&1261.7158242208143|73235&4&2681.311940098179|73239&4&4550.87193443054|73240&4&2779.165968429806|73255&4&3843.07947218101|73257&4&3248.9837551276423|73264&4&258.1134183415995|73283&4&4182.787007417666,2|73211&4&7123.8345501212|73220&4&1956.9738183056584|73226&4&530.1547788374533|73238&4&6192.881078134523|73240&4&645.448657676511|73260&4&922.3201416247666|73270&4&7945.2610061793885|73280&4&714.5757030788526,2|73189&4&3489.269842747927|73201&4&3179.1589745538195|73209&4&11412.737456539304|73216&4&53.01695721380092|73231&4&3190.3679546616795|73243&4&431.9392593762034|73248&4&554.9430691364053|73252&4&2671.571156990368|73253&4&3917.7593367860695|73274&4&2.5427906692696025|73275&4&3625.416864860568,2|73192&4&1612.969528793806|73199&4&1586.2772667084707|73209&4&12.699613510757219|73214&4&453.66231815785295|73222&4&6633.070627120781|73228&4&3727.7607598558475|73229&4&0.0|73253&4&1.9184653865522705E-13|73260&4&1315.0311574300247|73262&4&6067.521002348591|73267&4&76.4714591938874|73276&4&3649.7259906953886,2|73191&4&532.591804114485|73193&4&827.6084186752657|73210&4&519.5322026931444|73215&4&426.02315632404236|73218&4&519.651009127783|73244&4&1434.932410675424|73245&4&6239.52293422653|73249&4&3318.639649888467|73253&4&1560.3590630380284|73255&4&510.1373826979993|73258&4&5224.648147984509|73278&4&5544.469588720977,2|73195&4&-9.237055564881302E-14|73200&4&912.2382322020878|73204&4&1145.6839863969751|73206&4&1319.9222239165829|73208&4&4520.109911924622|73210&4&978.9130764369493|73212&4&1921.2335268710735|73213&4&3949.148862398771|73238&4&281.71612472487294|73244&4&3116.1600151630237|73251&4&0.0|73255&4&82.95884493648384|73256&4&208.58596778558731|73257&4&142.4758537402813|73266&4&241.34014083224463|73268&4&97.68564642130946|73271&4&2027.7951937757573|73286&4&230.47549735693974|73288&4&46.58813248970759,2|73196&4&5437.539243536248|73227&4&1.4214586927531823|73236&4&5792.6545169273395|73246&4&0.0|73247&4&3.023478054449062|73261&4&1347.1755064210993|73280&4&1177.9905934626136|73288&4&3728.4379843837437,2|73207&4&3697.866749094096|73213&4&1211.2067736107601|73215&4&2454.9611244851308|73221&4&6461.410398572588|73228&4&3137.212642540063|73232&4&3772.012398431755|73236&4&153.3606129557352|73240&4&5459.28510017221|73242&4&5847.201730637821|73248&4&18.68218584868788|73254&4&282.14030170916425|73263&4&7884.643589987345|73266&4&1661.1704891060483|73271&4&1545.1336229625445|73282&4&5269.7332433691545|73287&4&424.7632747773903,2|73208&4&2907.237193906738|73211&4&5769.433973820235|73218&4&146.68125443563497|73219&4&70.9597364172575|73223&4&3406.9076421832006|73233&4&1351.4635504565313|73237&4&6688.941518142317|73257&4&106.14137659401413|73259&4&11.86947967077985|73269&4&277.5274748227573|73285&4&1783.3763064090774|73286&4&2093.1946004074384,2|73198&4&12.94672135815242|73214&4&398.69638149924526|73217&4&3497.0920726515874|73241&4&173.21020240340854|73242&4&855.0540951126284|73256&4&1308.9269751074537|73262&4&4918.60552868501|73268&4&3857.2486472449605
391|4,130,1,1,1,1,1,1,1,1,1,1,1,1,1,1,1,1,1,1,1,1,1,1,1,1,1,1,1,1,1,1,1,1,1,1,1,1,1,1,1,1,1,1,1,1,1,1,1,1,1,1,1,1,1,1,1,1,1,1,1,1,1,1,1,1,1,1,1,1,1,1,1,1,1,1,1,1,1,1,1,1,1,1,1,1,1,1,1,1,1,1,1,1,1,1,1,1,1,1,1,1,0,0,0,0,0,0,0,0,0,0,0,0,0,0,0,0,0,0,0,0,2|73190&4&1666.9165596032644|73193&4&159.83044000426634|73194&4&272.8569403171278|73195&4&2412.6914301736174|73204&4&2150.2249623018224|73218&4&1070.0247705845482|73235&4&2931.296302738363|73239&4&4143.90311329706|73240&4&2500.201910741348|73255&4&3553.8243193457724|73257&4&2900.539862097479|73264&4&231.42999271208748|73277&4&162.7549243074455|73283&4&3785.957673162043,2|73201&4&1577.9375559402304|73211&4&6430.112111615474|73220&4&1771.8834552410053|73226&4&499.67305427559995|73238&4&6666.431956232744|73240&4&425.58012051926164|73252&4&516.2267304217723|73260&4&779.8060686955614|73270&4&7957.3930096091235|73280&4&600.7972031176128,2|73189&4&4282.575561388909|73201&4&2787.8120415022654|73209&4&11069.483883976016|73216&4&49.48249339954753|73231&4&2977.83496250596|73243&4&1019.5958770908372|73248&4&496.8157044695858|73252&4&2455.107817866124|73253&4&3439.386461546707|73274&4&1.8304602633962133|73275&4&3252.312022085217,2|73192&4&1521.2989787218485|73199&4&1904.2007307961835|73209&4&8.171241461241152E-14|73214&4&522.1411142953443|73222&4&6078.809617088296|73228&4&3516.331712093976|73246&4&515.1852025924414|73260&4&1228.5528836270696|73262&4&6748.707391955421|73267&4&69.4581252285958|73276&4&3330.181548343877,2|73191&4&491.3773230631043|73193&4&763.9317394451388|73210&4&482.5979942194819|73215&4&232.54794467998698|73218&4&486.3994369911554|73244&4&1201.8924059619012|73245&4&7369.303457710319|73249&4&2981.391099770314|73253&4&1692.5619415305027|73255&4&390.8154196876933|73258&4&5286.095906941995|73278&4&5098.17382674459,2|73200&4&822.6311974492728|73204&4&1803.274188083672|73206&4&1238.1854786700578|73208&4&5411.991280715451|73210&4&845.4923441418994|73212&4&1914.091335750008|73213&4&3693.6763846780573|73238&4&165.40091582094664|73244&4&3826.8292044079735|73255&4&78.72838573886895|73256&4&197.82430433158746|73257&4&871.7450858411985|73266&4&130.23816558330446|73268&4&20.68860256566984|73271&4&1919.666650343994|73286&4&218.34520802236398|73288&4&1.8474111129762605E-13,2|73196&4&4897.159658036842|73227&4&0.0|73236&4&5559.584416253603|73247&4&2.77152154991164|73261&4&2614.4474680050384|73280&4&1106.1827454972395|73288&4&3418.066217155292,2|73207&4&3337.074651597325|73213&4&1062.901851818891|73215&4&3670.0498514401943|73221&4&7812.169898495036|73228&4&2735.513778151104|73232&4&3434.4576593992265|73236&4&80.343217316796|73240&4&7030.421466097651|73242&4&5412.864711705876|73248&4&12.454790565791868|73254&4&258.62860990006726|73263&4&7160.436605214581|73266&4&2077.723968712782|73271&4&1408.0298245625784|73282&4&4936.599917144564|73287&4&397.3269591467929,2|73208&4&2485.3989952385064|73211&4&6095.970976307906|73218&4&135.39808101750918|73219&4&214.01796251984945|73223&4&3123.6313531929136|73230&4&0.0|73233&4&1474.0514211940713|73237&4&6218.865440281066|73255&4&290.5819807593243|73257&4&17.591150659928076|73259&4&11.127637191356108|73269&4&261.20232924494803|73285&4&1649.012107037324|73286&4&1843.1892665177952|73288&4&1209.117557873267,2|73197&4&93.67119949652295|73198&4&12.227459060477285|73214&4&299.2162191513958|73217&4&4768.17840425036|73241&4&147.7633715130782|73242&4&1531.6558053170454|73256&4&1199.7950105854038|73262&4&4375.356901683821|73268&4&4121.912501363433
392|4,130,1,1,1,1,1,1,1,1,1,1,1,1,1,1,1,1,1,1,1,1,1,1,1,1,1,1,1,1,1,1,1,1,1,1,1,1,1,1,1,1,1,1,1,1,1,1,1,1,1,1,1,1,1,1,1,1,1,1,1,1,1,1,1,1,1,1,1,1,1,1,1,1,1,1,1,1,1,1,1,1,1,1,1,1,1,1,1,1,1,1,1,1,1,1,1,1,1,1,1,1,0,0,0,0,0,0,0,0,0,0,0,0,0,0,0,0,0,0,0,0,2|73190&4&1503.8935621915853|73193&4&142.0715022260145|73194&4&233.87737741468095|73195&4&2203.3071947068975|73204&4&1843.4391055925125|73218&4&878.3337169482819|73235&4&2708.400515889012|73239&4&3776.7279339861116|73240&4&2221.2378530528895|73250&4&469.25710543028737|73255&4&3264.569166510534|73257&4&2552.0959690673158|73264&4&409.3328053072041|73277&4&0.0|73283&4&4158.987927358876,2|73201&4&2752.6526674772967|73211&4&5744.7537915502335|73220&4&1586.7930921763525|73226&4&469.1913297137467|73238&4&7030.014388804989|73240&4&264.6851199774748|73252&4&490.41539390068374|73260&4&637.2919957663563|73270&4&8572.66506194351|73280&4&487.0187031563729,2|73189&4&4020.369829160707|73201&4&2456.049906011184|73202&4&150.24492235909898|73209&4&10539.05188760395|73216&4&45.94802958529414|73231&4&2765.3019703502414|73243&4&1694.748917302617|73248&4&438.6883398027664|73252&4&2251.3313839236976|73253&4&2961.013586307345|73274&4&1.118129857522824|73275&4&2892.5195957760657,2|73192&4&1429.6284286498908|73199&4&2381.2841137827554|73214&4&1259.9312787645795|73222&4&5627.9693333456125|73228&4&3692.0821574656284|73246&4&489.42594246281936|73260&4&1142.0746098241148|73262&4&6372.495605234658|73267&4&62.44479126330421|73276&4&3621.4945497587823,2|73191&4&450.1628420117238|73193&4&700.2550602150118|73210&4&445.6637857458194|73215&4&118.98468692073979|73218&4&461.91770678136555|73223&4&334.8551745397274|73244&4&1005.6461189663047|73245&4&7614.337342097997|73249&4&2644.142549652161|73253&4&2142.467293272961|73255&4&284.6128146387377|73258&4&5311.644328586544|73278&4&4839.396688345221,2|73200&4&733.0241626964578|73204&4&2226.562463001963|73206&4&1185.0229864844666|73208&4&5811.567097967392|73210&4&712.0716118468494|73212&4&1745.2726632588685|73213&4&3438.203906957345|73238&4&69.93297498472467|73244&4&3768.371853381791|73255&4&74.49792654125406|73256&4&187.0626408775876|73257&4&1409.1113888487926|73266&4&60.670069406221984|73268&4&0.0|73271&4&1811.538106912231|73286&4&206.2149186877882,2|73196&4&4356.780072537438|73236&4&5070.071866723803|73247&4&2.519565045374218|73261&4&2402.2103038104924|73280&4&1100.0003917946876|73288&4&3107.6944499268407,2|73207&4&3353.8048317375046|73213&4&914.5969300270217|73215&4&3681.5267945005608|73221&4&8478.767034427217|73228&4&2333.814913762146|73232&4&3098.4561811490894|73236&4&35.25087069703378|73240&4&7383.612035959894|73242&4&5000.6081837107795|73248&4&6.227395282895915|73254&4&235.11691809097024|73263&4&8327.073907373913|73266&4&1944.8789640591222|73271&4&1277.273770946797|73282&4&4887.980239605906|73287&4&453.7475890771191,2|73208&4&2146.256647997907|73211&4&5764.138614730253|73218&4&124.11490759938341|73219&4&200.19519507769343|73223&4&2731.4204950245075|73233&4&1672.469678122019|73237&4&5619.442247400052|73255&4&276.0528817213581|73257&4&0.0|73259&4&10.385794711932366|73269&4&1032.5388139521785|73285&4&1514.647907665571|73286&4&1593.1839326281518|73288&4&2432.3092400016767,2|73197&4&88.98763952169679|73198&4&11.50819676280215|73212&4&2.6009811086136665|73214&4&228.2253403827312|73217&4&4842.236403024351|73241&4&122.31654062274784|73242&4&1452.9353798134116|73248&4&266.7811764241177|73251&4&240.6644702849102|73256&4&1090.6630460633537|73262&4&3867.8927138116355|73268&4&4364.312626324704
393|4,130,1,1,1,1,1,1,1,1,1,1,1,1,1,1,1,1,1,1,1,1,1,1,1,1,1,1,1,1,1,1,1,1,1,1,1,1,1,1,1,1,1,1,1,1,1,1,1,1,1,1,1,1,1,1,1,1,1,1,1,1,1,1,1,1,1,1,1,1,1,1,1,1,1,1,1,1,1,1,1,1,1,1,1,1,1,1,1,1,1,1,1,1,1,1,1,1,1,1,1,1,0,0,0,0,0,0,0,0,0,0,0,0,0,0,0,0,0,0,0,0,2|73190&4&1340.870564779906|73193&4&124.31256444776267|73194&4&194.8978145122341|73195&4&2879.413066764838|73204&4&1551.1755048263071|73218&4&694.5642454996496|73235&4&2485.5047290396606|73239&4&4553.141215160404|73240&4&1942.2737953644314|73250&4&445.794250158773|73255&4&2975.314013675297|73257&4&2203.6520760371523|73264&4&372.4200677664607|73283&4&4194.748870882907,2|73201&4&3680.2977456972167|73211&4&5059.395471484994|73220&4&1401.7027291116997|73226&4&495.9631521639129|73238&4&7992.628046963314|73240&4&135.98240065794997|73252&4&464.60405737959513|73260&4&494.77792283715104|73270&4&9615.486873745107|73280&4&376.66634171609996,2|73189&4&4481.443712650523|73201&4&2166.9246311917263|73202&4&0.0|73209&4&9584.472160102296|73216&4&42.413565771040744|73231&4&2552.768978194523|73243&4&1834.8985048053105|73248&4&380.560975135947|73252&4&2054.7492970758663|73253&4&2482.640711067982|73274&4&0.0|73275&4&2846.267314279526,2|73192&4&1337.9578785779331|73199&4&2229.6557635592217|73214&4&1548.1638718817064|73222&4&5712.769398327889|73228&4&3983.7976208688888|73246&4&463.6666823331973|73260&4&1055.5963360211597|73262&4&5996.283818513895|73267&4&55.43145729801262|73276&4&4617.2955515343565|73285&4&138.71324039824992,2|73191&4&408.94836096034317|73193&4&636.5783809848849|73210&4&408.72957727215686|73215&4&38.072732488792845|73218&4&1621.3817957044807|73223&4&826.8128301493254|73244&4&830.3087892718823|73245&4&8024.269972597107|73249&4&2306.8939995340083|73253&4&2502.0185763328805|73255&4&178.41020958978217|73258&4&5062.056256375528|73268&4&1172.8637756516414|73278&4&4383.724995189982,2|73200&4&643.417127943643|73204&4&3379.266048883778|73206&4&1101.857528584895|73208&4&6426.567208784365|73210&4&581.0868009264728|73212&4&1578.8497061103963|73213&4&3182.7314292366323|73238&4&-3.410605131648481E-13|73244&4&3548.191172049852|73255&4&70.26746734363917|73256&4&176.30097742358774|73257&4&1730.336132759636|73266&4&21.88612579973441|73271&4&1703.4095634804678|73286&4&194.08462935321245,2|73196&4&3888.2777754280783|73236&4&5158.957430586805|73247&4&215.45078660888953|73261&4&2202.491771315973|73280&4&1080.4041352256374|73288&4&2855.753751912496,2|73207&4&3847.074051034513|73213&4&766.2920082351525|73215&4&4478.80231470522|73221&4&7823.0428224461875|73228&4&1969.4535622798262|73232&4&2762.4547028989527|73236&4&2.4158453015843406E-13|73240&4&7788.227066453319|73242&4&4590.630454308868|73248&4&-3.730349362740526E-14|73254&4&211.60522628187323|73263&4&8761.261710991555|73266&4&2627.855076508655|73271&4&1146.5177173310155|73282&4&5556.01536868806|73287&4&423.14080692134337,2|73208&4&1861.5106364796193|73211&4&5553.133644083273|73218&4&112.83173418125764|73219&4&186.37242763553746|73223&4&2345.9631678975143|73233&4&2677.389475270537|73237&4&5023.966664428524|73255&4&335.1181949865014|73259&4&9.643952232508624|73269&4&1134.6977365962657|73285&4&1380.283708293818|73286&4&1343.1785987385083|73288&4&2596.300390187955,2|73197&4&84.30407954687064|73198&4&10.788934465127015|73205&4&410.4995984859879|73212&4&62.395774964084914|73214&4&181.12859325524192|73217&4&4457.352632019479|73241&4&523.744638820078|73242&4&1374.2149543097778|73248&4&468.69471202827697|73251&4&0.0|73256&4&981.5310815413038|73262&4&3360.4285259394505|73268&4&3924.889117349664
394|4,130,1,1,1,1,1,1,1,1,1,1,1,1,1,1,1,1,1,1,1,1,1,1,1,1,1,1,1,1,1,1,1,1,1,1,1,1,1,1,1,1,1,1,1,1,1,1,1,1,1,1,1,1,1,1,1,1,1,1,1,1,1,1,1,1,1,1,1,1,1,1,1,1,1,1,1,1,1,1,1,1,1,1,1,1,1,1,1,1,1,1,1,1,1,1,1,1,1,1,1,1,0,0,0,0,0,0,0,0,0,0,0,0,0,0,0,0,0,0,0,0,2|73190&4&1419.2530290831894|73193&4&106.55362666951083|73194&4&155.91825160978726|73195&4&2650.1625893315336|73204&4&1317.5987966021103|73218&4&552.2256741282094|73235&4&2262.6089421903093|73239&4&4598.880857862698|73240&4&1663.3097376759729|73250&4&0.0|73255&4&2686.0588608400594|73257&4&1871.6971939170617|73264&4&534.6511201807944|73283&4&4208.2610309472675,2|73201&4&3739.5714949018097|73211&4&4387.545218925548|73220&4&1216.6123660470466|73226&4&0.0|73238&4&7847.662073792362|73240&4&37.09071029741371|73252&4&486.35004448224754|73260&4&352.2638499079459|73270&4&9743.118556794005|73276&4&874.632671330576|73277&4&2.3429561288033174|73280&4&266.3139802758271,2|73189&4&4985.056614765416|73201&4&1913.3796386666118|73209&4&9611.6776950442|73216&4&38.87910195678735|73231&4&2651.315634807483|73243&4&1732.6055307263691|73248&4&322.4336104691276|73252&4&1859.0022747803496|73253&4&2004.26783582862|73275&4&4552.803467990934,2|73192&4&1246.2873285059757|73199&4&2078.271483005551|73214&4&1438.7262808483874|73222&4&5452.520390402626|73228&4&3726.884424159251|73246&4&437.9074222035752|73260&4&1022.8318237515114|73262&4&5620.07203179313|73267&4&48.418123332721024|73276&4&4271.405448684916|73285&4&131.77757837833744,2|73191&4&367.73387990896254|73193&4&572.9017017547579|73210&4&371.79536879849434|73215&4&7.105427357601002E-14|73218&4&2140.9187120981614|73223&4&1130.5122799861388|73244&4&655.816302958435|73245&4&7686.283175022541|73249&4&1969.6454494158552|73253&4&3290.714532442265|73255&4&72.20760454082668|73258&4&4666.341680821506|73268&4&1665.6069046153148|73278&4&3928.053302034744,2|73200&4&553.810093190828|73204&4&3899.9722137043163|73206&4&1018.6920706853232|73208&4&6530.818599138707|73210&4&465.6519985461564|73212&4&1412.4267489619233|73213&4&2927.2589515159193|73244&4&3328.0104907179125|73255&4&66.03700814602428|73256&4&165.53931396958788|73257&4&1637.6155177273274|73266&4&2.2737367544323206E-13|73271&4&1595.2810200487047|73286&4&181.95434001863669,2|73196&4&5015.342256016951|73236&4&6655.317578339791|73247&4&0.0|73261&4&2002.7732388214533|73280&4&1029.7103297126955|73288&4&2614.2342627762314,2|73207&4&4635.253280523769|73213&4&617.9870864432833|73215&4&5110.6310389455|73221&4&7303.6791517756965|73228&4&1646.6329990275606|73232&4&3070.8838092322394|73240&4&9140.91955577843|73242&4&4181.360910995182|73254&4&188.0935344727762|73263&4&8236.4552814891|73266&4&2792.371709683774|73271&4&1015.7616637152342|73282&4&5339.9361878543705|73287&4&392.53402476556755,2|73208&4&1597.0746127327682|73211&4&5725.399208698487|73218&4&101.54856076313187|73219&4&172.54966019338144|73223&4&1984.9469768553995|73230&4&235.63369926750266|73233&4&2788.270797351761|73237&4&4428.491081456998|73255&4&1477.4776603204243|73259&4&8.902109753084883|73269&4&1071.0961520173971|73285&4&1256.6000547412036|73286&4&1871.5631960235946|73288&4&2688.6913651893533,2|73197&4&126.83794867012749|73198&4&10.06967216745188|73205&4&0.0|73212&4&59.269483763109136|73214&4&150.94049437936826|73217&4&4075.6484034818664|73241&4&826.7087047120121|73242&4&1295.494528806144|73248&4&858.1378937892862|73256&4&872.3991170192539|73262&4&2852.964338067266|73268&4&3527.172790543623
395|4,130,1,1,1,1,1,1,1,1,1,1,1,1,1,1,1,1,1,1,1,1,1,1,1,1,1,1,1,1,1,1,1,1,1,1,1,1,1,1,1,1,1,1,1,1,1,1,1,1,1,1,1,1,1,1,1,1,1,1,1,1,1,1,1,1,1,1,1,1,1,1,1,1,1,1,1,1,1,1,1,1,1,1,1,1,1,1,1,1,1,1,1,1,1,1,1,1,1,1,1,1,0,0,0,0,0,0,0,0,0,0,0,0,0,0,0,0,0,0,0,0,2|73190&4&1873.3750316185638|73193&4&88.794688891259|73194&4&116.9386887073404|73195&4&2420.9121118982293|73204&4&1102.4084833133666|73218&4&429.6728026101355|73235&4&2055.3286342077854|73239&4&4872.267101877083|73240&4&1384.3456799875148|73255&4&2396.8037080048216|73257&4&1539.7423117969709|73264&4&0.0|73283&4&4182.006159591749,2|73201&4&3531.8172721517876|73211&4&3746.898114115995|73220&4&1031.5220029823938|73238&4&7352.424357310348|73240&4&-1.7053025658242404E-13|73252&4&458.16084177997186|73260&4&251.563210662372|73270&4&9603.710336678803|73276&4&830.9010377640473|73277&4&2.2258083223631515|73280&4&155.96161883555413,2|73189&4&4615.735965737376|73201&4&1679.5905336647702|73209&4&8690.892184044704|73216&4&35.34463814253396|73231&4&3073.315168505652|73243&4&1630.3125566474278|73248&4&279.09575118620586|73252&4&1673.8823953889384|73253&4&1543.1832919520425|73275&4&5578.738178585126|73284&4&326.5215038110102,2|73192&4&1154.6167784340182|73199&4&2018.9551397339358|73214&4&1329.2886898150687|73222&4&5983.944826726745|73228&4&3469.9712274496133|73246&4&412.14816207395313|73260&4&1818.549041489073|73262&4&5481.326947923713|73267&4&41.40478936742943|73276&4&3989.837772037036|73285&4&124.84191635842494,2|73191&4&514.9166184872984|73193&4&509.225022524631|73210&4&373.1227889213744|73218&4&2367.786755321184|73220&4&227.41706899997746|73223&4&1596.2826575522913|73244&4&489.63997032221994|73245&4&7132.663560940902|73249&4&1632.396899297702|73253&4&4837.722244926892|73255&4&-1.9895196601282805E-13|73258&4&5506.837755887786|73268&4&2681.4926698967147|73278&4&3472.381608879505,2|73200&4&464.203058438013|73204&4&3782.031710632977|73206&4&935.5266127857515|73208&4&6109.783350663443|73210&4&355.11185210308724|73212&4&1246.0037918134508|73213&4&3008.3005018355716|73244&4&3107.829809385974|73255&4&61.806548948409386|73256&4&154.77765051558802|73257&4&1993.6053906430286|73271&4&1487.1524766169414|73286&4&169.82405068406092,2|73196&4&5928.005108888438|73224&4&470.36730789493015|73236&4&6681.752920573526|73261&4&1803.054706326934|73280&4&2275.209768798134|73288&4&2372.714773639967,2|73207&4&4697.274765684159|73213&4&469.682164651414|73215&4&4764.984672366169|73221&4&6837.68116033873|73228&4&1323.8124357752954|73232&4&3676.793681196258|73240&4&9137.277815525722|73242&4&3772.091367681497|73254&4&164.5818426636792|73263&4&8712.157599767725|73265&4&310.819561863912|73266&4&2657.084234930667|73271&4&885.005610099453|73282&4&4999.111856696936|73287&4&361.9272426097918,2|73208&4&1371.4455174517745|73211&4&5362.018512787328|73218&4&90.2653873450061|73219&4&158.72689275122542|73223&4&1652.2382802370053|73230&4&223.85201430412752|73233&4&3376.6410302877357|73237&4&3911.1632574504465|73250&4&213.2067517387039|73255&4&2703.242351921274|73259&4&8.160267273661141|73269&4&1007.4945674385284|73279&4&601.7831130265054|73285&4&1132.9164011885891|73286&4&3330.87392639433|73288&4&2538.048603930523,2|73197&4&119.7935172403972|73198&4&68.28417205862166|73212&4&56.14319256213335|73214&4&120.75239550349461|73217&4&4493.61413702171|73241&4&816.5780619531481|73242&4&1342.7944722267227|73248&4&1006.589189411855|73256&4&763.267152497204|73262&4&2345.500150195081|73268&4&3153.8563639995123
396|4,130,1,1,1,1,1,1,1,1,1,1,1,1,1,1,1,1,1,1,1,1,1,1,1,1,1,1,1,1,1,1,1,1,1,1,1,1,1,1,1,1,1,1,1,1,1,1,1,1,1,1,1,1,1,1,1,1,1,1,1,1,1,1,1,1,1,1,1,1,1,1,1,1,1,1,1,1,1,1,1,1,1,1,1,1,1,1,1,1,1,1,1,1,1,1,1,1,1,1,1,1,0,0,0,0,0,0,0,0,0,0,0,0,0,0,0,0,0,0,0,0,2|73190&4&1701.6559709757432|73193&4&71.03575111300717|73194&4&0.0|73195&4&2191.6616344649256|73204&4&889.3641091967138|73218&4&335.00097246874884|73235&4&1850.9016307522134|73239&4&5010.860659826169|73240&4&1105.3816222990565|73255&4&2107.548555169584|73257&4&1207.7874296768803|73264&4&26.815690596171862|73283&4&4741.817598910438,2|73201&4&3386.9060215344703|73211&4&3144.6008594550776|73220&4&855.7749237906461|73225&4&11.622981840030324|73238&4&7023.43986639371|73252&4&510.96858023794897|73260&4&169.28571785074527|73270&4&8754.694996133936|73276&4&787.1694041975185|73277&4&2.1086605159229856|73280&4&87.88420154729495,2|73189&4&4246.415316709335|73201&4&1445.8017083956365|73209&4&9577.469129309504|73216&4&31.810174328280564|73231&4&2823.78062136507|73243&4&1528.0195825684862|73248&4&245.47488365484915|73252&4&1488.7625159975269|73253&4&1144.862900984269|73275&4&5149.915396934832|73284&4&0.0,2|73192&4&1062.9462283620605|73199&4&2241.544977739792|73214&4&1219.85109878175|73222&4&6090.319420735292|73228&4&4466.240490651477|73246&4&386.38890194433105|73260&4&1871.0808748911186|73262&4&6907.201592756541|73267&4&34.39145540213784|73276&4&3708.270095389156|73285&4&117.90625433851244,2|73191&4&466.11135195052907|73193&4&445.54834329450404|73210&4&985.1786025561681|73218&4&2226.251746539787|73220&4&368.78318857748263|73223&4&2641.547155395391|73244&4&344.30274919693625|73245&4&6657.719224755259|73249&4&3583.0426630027596|73253&4&6033.789166750299|73258&4&7010.512245748956|73268&4&3079.6115184218806|73275&4&507.7808565718292|73278&4&3024.851759581835,2|73200&4&374.5960236851981|73204&4&3728.8103468820127|73206&4&852.3611548861797|73208&4&6258.429992872558|73210&4&285.96927830275337|73212&4&1079.580834664978|73213&4&3374.2669443393606|73244&4&3772.9151496895374|73255&4&57.576089750794495|73256&4&144.0159870615882|73257&4&3116.1396697019936|73271&4&1379.0239331851783|73286&4&157.69376134948516,2|73196&4&6683.355277533406|73224&4&1340.3970832912985|73236&4&6441.864961736341|73261&4&1933.688491004912|73280&4&3106.357472467079|73288&4&2131.195284503703,2|73207&4&4322.980569473688|73213&4&345.49359204908615|73215&4&4419.33830578684|73221&4&7352.284778579782|73228&4&1000.9918725230303|73232&4&3602.810256149462|73240&4&8662.34931296135|73242&4&3380.5222564465707|73254&4&436.76081637585105|73263&4&8326.440238430438|73265&4&0.0|73266&4&2449.2280657271044|73271&4&754.2495564836717|73282&4&4503.383767015445|73287&4&331.32046045401603,2|73208&4&1145.816422170781|73211&4&6326.937196827887|73218&4&78.98221392688033|73219&4&0.0|73223&4&1341.4411325453282|73230&4&212.07032934075238|73233&4&3169.0304360100026|73237&4&6308.310356261282|73250&4&202.54641415176872|73255&4&2572.0585002659873|73259&4&7.4184247942374|73269&4&943.8929828596597|73279&4&571.69395737518|73285&4&1009.2327476359748|73286&4&4181.360027539114|73288&4&2387.405842671693,2|73197&4&138.84245217824898|73198&4&64.61822165150429|73212&4&53.01690136115757|73214&4&90.56429662762096|73217&4&4135.21985458615|73241&4&754.8943875686977|73242&4&1990.6190956267385|73248&4&958.3210258864858|73256&4&654.135187975154|73262&4&1838.035962322896|73268&4&2831.860882635235
397|4,130,1,1,1,1,1,1,1,1,1,1,1,1,1,1,1,1,1,1,1,1,1,1,1,1,1,1,1,1,1,1,1,1,1,1,1,1,1,1,1,1,1,1,1,1,1,1,1,1,1,1,1,1,1,1,1,1,1,1,1,1,1,1,1,1,1,1,1,1,1,1,1,1,1,1,1,1,1,1,1,1,1,1,1,1,1,1,1,1,1,1,1,1,1,1,1,1,1,1,1,1,0,0,0,0,0,0,0,0,0,0,0,0,0,0,0,0,0,0,0,0,2|73190&4&1669.9218771411615|73193&4&53.27681333475534|73194&4&1807.7901453921204|73195&4&2071.9596861820173|73204&4&697.0225780219384|73218&4&240.32914232736238|73235&4&1646.4746272966415|73239&4&4688.950949316641|73240&4&862.0332076385422|73255&4&1818.2934023343464|73257&4&928.3126152591883|73264&4&208.98422227068892|73283&4&4318.902974862199,2|73189&4&818.2525898744677|73201&4&3176.009650177814|73211&4&2542.3036047941596|73217&4&413.3102764790326|73220&4&699.4966785424208|73225&4&11.041832748028808|73238&4&8045.366813041437|73252&4&478.72953047766066|73260&4&102.29120372071286|73270&4&8435.155299274305|73276&4&743.4377706309897|73277&4&1.9915127094828198|73280&4&65.91315116047136,2|73189&4&3898.124035774577|73201&4&1243.846614600428|73209&4&10277.019802537323|73216&4&28.275710514027168|73231&4&2574.2460742244875|73243&4&1425.7266084895448|73248&4&0.0|73252&4&1310.5953149915329|73253&4&789.3234037714292|73275&4&4750.596018267815,2|73192&4&971.275678290103|73199&4&2093.41160544179|73214&4&1110.413507748431|73222&4&6238.12074518117|73228&4&6139.267128282691|73246&4&360.629641814709|73260&4&1739.4533742550805|73262&4&8154.9880875089675|73267&4&796.8392461775893|73276&4&3426.702418741276|73285&4&110.97059231859994,2|73191&4&417.3060854137598|73193&4&381.87166406437706|73210&4&913.7861574757644|73218&4&2390.400681464226|73220&4&597.4384645276357|73223&4&2943.1670444866877|73241&4&0.0|73244&4&243.2981867758572|73245&4&6634.614453189082|73249&4&4052.1907745904946|73253&4&7750.171672653019|73258&4&7840.330322512801|73261&4&546.4418576908399|73268&4&2911.3222869197893|73275&4&482.3918137432377|73278&4&5162.856132952414,2|73200&4&284.98898893238317|73204&4&3494.256113426078|73206&4&769.1956969866079|73208&4&7021.259852186407|73210&4&227.35008632395295|73212&4&913.1578775165054|73213&4&3329.3544809386267|73244&4&3848.0426300148183|73255&4&53.3456305531796|73256&4&884.802442035578|73257&4&4021.5778666150454|73271&4&1270.8953897534152|73286&4&145.5634720149094,2|73196&4&6842.027364632688|73224&4&1272.2013108569963|73236&4&5892.680304271954|73261&4&1743.5216568671124|73280&4&3080.8305270835185|73288&4&1889.6757953674385,2|73207&4&3948.6863732632155|73213&4&241.83476425444877|73215&4&4073.691939207509|73221&4&6761.88896291077|73228&4&685.0888882714329|73232&4&3268.8608652500156|73240&4&8710.298402020706|73242&4&3017.8240683163917|73254&4&496.7198549309781|73263&4&7920.706074527379|73266&4&2241.371896523541|73271&4&623.4935028678904|73282&4&4117.421835954867|73287&4&351.9344697040109,2|73208&4&920.1873268897871|73211&4&7553.621152736708|73218&4&67.69904050875456|73223&4&1075.4178591915338|73230&4&200.28864437737724|73233&4&2967.2404793512605|73237&4&5924.110003528745|73250&4&191.88607656483353|73255&4&2495.6483107009076|73259&4&6.676582314813659|73269&4&1641.9113308578726|73279&4&541.6048017238547|73285&4&885.5490940833604|73286&4&3882.2890981675782|73288&4&2236.7630814128624,2|73197&4&130.49335243013957|73198&4&60.9522712443869|73212&4&196.55002446423225|73214&4&60.37619775174731|73217&4&3749.4513685137213|73241&4&0.0|73242&4&1868.9553483094012|73248&4&0.0|73256&4&545.0032234531042|73262&4&1363.9482946160097|73268&4&2527.9856525045448|73273&4&540.7388100132523
398|4,130,1,1,1,1,1,1,1,1,1,1,1,1,1,1,1,1,1,1,1,1,1,1,1,1,1,1,1,1,1,1,1,1,1,1,1,1,1,1,1,1,1,1,1,1,1,1,1,1,1,1,1,1,1,1,1,1,1,1,1,1,1,1,1,1,1,1,1,1,1,1,1,1,1,1,1,1,1,1,1,1,1,1,1,1,1,1,1,1,1,1,1,1,1,1,1,1,1,1,1,1,0,0,0,0,0,0,0,0,0,0,0,0,0,0,0,0,0,0,0,0,2|73190&4&1495.138914900766|73193&4&35.51787555650351|73194&4&0.0|73195&4&2689.358512530174|73204&4&510.91721732678343|73215&4&277.4968485044419|73218&4&152.7736731425722|73235&4&2273.442351059629|73239&4&5272.764946343845|73240&4&655.3720896379702|73255&4&1529.0382494991086|73257&4&691.7483075183156|73264&4&424.3359122847427|73283&4&4084.773148414042,2|73189&4&912.8647490276783|73201&4&2965.1132788211567|73211&4&1990.405867957912|73217&4&761.0619913450378|73220&4&553.6610489473776|73225&4&10.460683656027292|73238&4&7786.307790820298|73252&4&600.9665576371095|73260&4&0.0|73270&4&8232.903146802179|73276&4&699.7061370644609|73277&4&1.874364903042654|73280&4&43.94210077364762,2|73189&4&3567.369396571257|73201&4&1041.8915208052197|73209&4&9968.92172670152|73216&4&24.74124669977377|73231&4&2324.7115270839045|73243&4&1323.4336344106036|73252&4&1132.4281139855389|73253&4&532.293387995531|73275&4&4351.276639600799,2|73192&4&879.6051282181454|73199&4&2056.528030268183|73214&4&1000.975916715112|73222&4&6364.922010025597|73228&4&7573.426222377474|73246&4&334.8703816850869|73260&4&0.0|73262&4&8505.7905228577|73267&4&751.3528559752607|73276&4&3145.1347420933957|73285&4&104.03493029868744,2|73191&4&368.5008188769906|73193&4&318.19498483425014|73210&4&842.3937123953606|73218&4&2542.575524943041|73220&4&912.223851804282|73223&4&4411.896161250146|73241&4&44.439115656171225|73244&4&142.2936243547783|73245&4&6013.746510754349|73249&4&4739.63544944573|73253&4&7712.603906326211|73258&4&7332.189227347507|73261&4&519.1197648062979|73268&4&2743.033055417698|73275&4&457.00277091464625|73278&4&5624.5558508238555,2|73200&4&195.38195417956825|73204&4&3553.1512989118737|73206&4&718.3554787557738|73208&4&6511.123049060758|73210&4&168.73089434515248|73212&4&749.3111695754119|73213&4&3746.712614615939|73244&4&3889.0813956188176|73255&4&49.11517135556471|73256&4&1383.6254050081943|73257&4&4646.246884865274|73271&4&1358.4430797858608|73286&4&133.43318268033363,2|73196&4&7256.59084224208|73224&4&1204.005538422694|73236&4&5488.1730275314185|73261&4&1576.2704757072354|73280&4&2878.1037899587627|73288&4&1648.156306231174,2|73207&4&3574.392177052744|73213&4&138.17593645981145|73215&4&3728.045572628179|73221&4&6171.4931472417575|73228&4&459.3058533459127|73232&4&3613.062919563566|73240&4&8867.170175418158|73242&4&2655.125880186212|73254&4&453.5108666638033|73263&4&7966.016672642098|73266&4&2033.5157273199775|73271&4&492.73744925210906|73282&4&4786.650945638163|73287&4&319.105760528796,2|73208&4&704.5015418210265|73211&4&9308.532753877742|73218&4&56.415867090628794|73223&4&821.4766251670696|73230&4&346.52801366664943|73233&4&2769.1494597591486|73237&4&7660.996230707264|73250&4&181.22573897789835|73255&4&2350.5315658702166|73259&4&5.934739835389919|73269&4&1570.1140806762126|73279&4&569.353626579843|73285&4&761.8654405307459|73286&4&4191.1697145933795|73288&4&2086.1203201540325,2|73197&4&122.14425268203019|73198&4&0.0|73212&4&872.1096821994869|73214&4&30.18809887587366|73217&4&3404.2389400506836|73242&4&1754.7896430014116|73248&4&124.9779802820326|73256&4&467.5637613016271|73262&4&984.849868736786|73268&4&2224.110422373854|73273&4&1246.432161149024
399|4,130,1,1,1,1,1,1,1,1,1,1,1,1,1,1,1,1,1,1,1,1,1,1,1,1,1,1,1,1,1,1,1,1,1,1,1,1,1,1,1,1,1,1,1,1,1,1,1,1,1,1,1,1,1,1,1,1,1,1,1,1,1,1,1,1,1,1,1,1,1,1,1,1,1,1,1,1,1,1,1,1,1,1,1,1,1,1,1,1,1,1,1,1,1,1,1,1,1,1,1,1,0,0,0,0,0,0,0,0,0,0,0,0,0,0,0,0,0,0,0,0,2|73190&4&2052.892393203714|73193&4&17.758937778251685|73195&4&2476.3920536925457|73200&4&976.8583178102881|73204&4&354.5425880443652|73215&4&1044.498372494229|73218&4&79.32661067210452|73235&4&2350.8223920441887|73239&4&5183.286072822168|73240&4&494.33167752401744|73255&4&1239.783096663871|73257&4&490.598568328213|73264&4&537.2935409431452|73283&4&4345.079541856459,2|73189&4&865.1758801016081|73201&4&2754.2169074645003|73211&4&1544.5306772138429|73217&4&962.1586423599659|73220&4&433.7116486216761|73225&4&9.879534564025777|73228&4&1134.525136600223|73238&4&7596.295326481013|73252&4&692.5108195264852|73257&4&761.2902076596561|73270&4&7747.530362765883|73276&4&655.9745034979321|73277&4&1.757217096602488|73280&4&21.971050386823876,2|73189&4&3251.505203581044|73201&4&839.9364270100111|73209&4&9065.387826976432|73216&4&21.206782885520376|73231&4&2075.1769799433223|73243&4&1221.140660331662|73252&4&954.2609129795453|73253&4&355.8301908678575|73275&4&3951.9572609337824,2|73192&4&787.9345781461878|73199&4&1902.8321681139607|73214&4&2041.8268725541047|73222&4&6567.249372481112|73228&4&7061.5558867221|73246&4&429.97209810721404|73260&4&314.9871915934299|73262&4&8573.025709455433|73267&4&705.866465772932|73276&4&2863.5670654455153|73285&4&489.96142885703114,2|73191&4&319.6955523402213|73193&4&254.51830560412316|73210&4&771.0012673149567|73218&4&2962.143514992841|73220&4&1586.7398784472023|73223&4&5219.937659352617|73241&4&42.21715987336266|73244&4&41.289061933699394|73245&4&5726.546905083298|73249&4&5154.179388985092|73253&4&7735.848074142288|73258&4&6763.100397629421|73261&4&491.7976719217559|73268&4&3477.166030479079|73275&4&584.0203421497304|73278&4&5115.024726816693,2|73200&4&105.77491942675334|73204&4&3511.293081239108|73206&4&967.0905991188329|73208&4&6000.98624593511|73210&4&110.11170236635196|73212&4&601.808444388|73213&4&4589.94321790553|73244&4&4032.886673815952|73255&4&44.88471215794982|73256&4&1307.9282340153943|73257&4&4372.290600574385|73271&4&1783.5469989538078|73286&4&121.30289334575785,2|73196&4&7384.051033812186|73224&4&1135.8097659883915|73236&4&5980.996908251991|73261&4&1409.0192945473582|73280&4&2675.377052834007|73288&4&1406.6368170949097,2|73207&4&3385.397037583579|73213&4&41.1770732976813|73215&4&3399.3307312551406|73221&4&5744.0363004298115|73228&4&326.7439370358238|73232&4&4540.958005519822|73240&4&8906.80197528766|73242&4&2292.427692056033|73254&4&673.1984880075956|73263&4&7581.513603310208|73266&4&1825.6595581164142|73271&4&366.2738666043366|73282&4&4854.791563093151|73287&4&286.27705135358104,2|73208&4&488.81575675226617|73211&4&8682.536545573586|73218&4&45.132693672503024|73219&4&149.23912192903265|73223&4&614.0219303636105|73230&4&326.8452759906419|73233&4&2571.0584401670367|73237&4&8641.37155101829|73250&4&170.56540139096316|73255&4&2269.8772412818525|73259&4&5.192897355966178|73269&4&1466.9372329171865|73279&4&723.9391314068205|73285&4&638.1817869781314|73286&4&4574.451163902473|73288&4&2307.7311292484364,2|73197&4&113.79515293392078|73212&4&1242.1954791837527|73214&4&7.105427357601002E-15|73217&4&3081.8917752060647|73242&4&1826.4040906133837|73248&4&118.72908126793098|73256&4&405.9678763877071|73262&4&653.1466569307302|73268&4&1920.235192243164|73273&4&0.0
400|4,130,1,1,1,1,1,1,1,1,1,1,1,1,1,1,1,1,1,1,1,1,1,1,1,1,1,1,1,1,1,1,1,1,1,1,1,1,1,1,1,1,1,1,1,1,1,1,1,1,1,1,1,1,1,1,1,1,1,1,1,1,1,1,1,1,1,1,1,1,1,1,1,1,1,1,1,1,1,1,1,1,1,1,1,1,1,1,1,1,1,1,1,1,1,1,1,1,1,1,1,1,0,0,0,0,0,0,0,0,0,0,0,0,0,0,0,0,0,0,0,0,2|73190&4&2425.871650951546|73193&4&-1.4210854715202004E-13|73195&4&2567.9821509138574|73200&4&1923.1754934623086|73204&4&232.38161297717102|73215&4&1153.991493902041|73218&4&32.7104191005497|73235&4&2587.1896836751503|73239&4&5151.690194130548|73240&4&349.4251904081125|73255&4&950.5279438286334|73257&4&308.7887296883114|73264&4&917.5398545245616|73283&4&4967.655715703305,2|73189&4&817.487011175538|73201&4&3397.3831063025236|73211&4&1180.289056290278|73217&4&1398.126724078265|73220&4&338.3593082631012|73225&4&9.298385472024261|73228&4&1370.0492969926477|73238&4&7747.4462718272935|73252&4&645.9726101454276|73257&4&1462.5121702963056|73270&4&8337.95469370632|73276&4&612.2428699314033|73277&4&1.6400692901623222|73280&4&1.3500311979441904E-13,2|73189&4&2952.3855615424577|73201&4&640.8826421897016|73209&4&9206.252650426597|73216&4&17.67231907126698|73231&4&1825.6424328027392|73243&4&1118.8476862527207|73252&4&794.429607395153|73253&4&213.2684092077949|73275&4&3552.6378822667657,2|73192&4&696.2640280742303|73199&4&1877.5037851071586|73214&4&2446.325602478239|73222&4&6041.668335259643|73228&4&6549.685551066725|73246&4&808.7323476877309|73260&4&449.15965589018106|73262&4&9774.17123473164|73267&4&660.7176827827634|73276&4&2581.999388797635|73285&4&1013.8431936343834,2|73191&4&270.89028580345206|73193&4&803.7961027441602|73210&4&699.608822234553|73211&4&275.6586638449153|73218&4&2760.2827616294385|73220&4&1501.879431051177|73223&4&5560.467697005258|73241&4&39.9952040905541|73244&4&2.7000623958883807E-13|73245&4&6609.6837667068085|73249&4&4906.867232918505|73253&4&8457.651044026261|73258&4&6194.011567911337|73261&4&932.629454900728|73268&4&3850.5155631346306|73275&4&551.0109686179551|73278&4&4605.49360280953,2|73200&4&16.167884673938424|73204&4&4839.8752876900035|73206&4&865.6330372235209|73208&4&5513.9757017739375|73210&4&51.492510387551484|73212&4&499.2110923662368|73213&4&4954.017999271133|73244&4&4805.213501998561|73255&4&40.65425296033493|73256&4&1232.231063022594|73257&4&4098.334316283496|73271&4&1988.2042869899115|73286&4&109.17260401118207,2|73196&4&7330.311516645972|73224&4&1067.6139935540893|73236&4&6626.771660467526|73261&4&1241.7681133874812|73280&4&2795.70593641638|73288&4&1165.1173279586455,2|73207&4&3986.331044815238|73213&4&1.2789769243681803E-13|73215&4&3111.346087999406|73221&4&6331.682128829445|73228&4&248.71320218932664|73232&4&4462.672620783039|73240&4&9494.358304604048|73242&4&1942.6627146515025|73254&4&709.7996859350009|73263&4&7508.254307704929|73266&4&1617.8033889128512|73271&4&278.93831878465653|73282&4&4399.389207216072|73287&4&253.44834217836606,2|73208&4&273.1299716835058|73211&4&8056.540337269433|73218&4&33.84952025437725|73219&4&141.777165832581|73223&4&493.24721216264936|73230&4&340.9678945664565|73233&4&2372.9674205749247|73237&4&9356.504869286186|73250&4&159.90506380402798|73255&4&2949.4283001083|73259&4&4.451054876542437|73269&4&1363.7603851581607|73279&4&681.579748754946|73285&4&529.9968167540138|73286&4&4561.5820802309945|73288&4&3072.26341741839,2|73194&4&7.62048098082775|73197&4&105.4460531858114|73212&4&1564.2935145304962|73217&4&2776.243986294706|73242&4&1694.6827863440897|73248&4&112.48018225382935|73256&4&344.37199147378715|73262&4&387.1148447246501|73268&4&1675.5454982241035|73273&4&2.5115536178566344|73276&4&102.36800330000801
